01
07
01
07
01
01
01
01
01
01
01
01
07
01
07
01
01
07
01
07
01
01
05
01
05
01
01
01
01
01
01
01
01
01
01
01
01
01
0C
0A
05
0C
09
01
01
0C
0A
0C
09
0C
09
01
01
01
01
01
0C
0A
08
01
01
0C
0A
01
07
01
01
0C
0A
01
07
0C
09
05
01
01
0C
0A
08
01
07
0C
09
05
01
01
01
01
0C
0A
01
01
01
01
0C
0A
01
01
01
01
01
01
0C
0A
01
01
01
01
01
01
01
01
01
01
01
01
0C
0A
01
0C
0A
01
0C
0A
01
07
01
08
01
07
01
01
0C
0A
01
0C
0A
01
01
01
01
01
0C
0A
01
07
0A
01
07
01
0C
0B
01
07
0A
01
08
01
01
0C
0A
01
0C
0A
01
0C
0A
01
01
01
01
0A
01
01
01
01
01
01
01
01
01
01
01
01
01
01
01
0091
0070
0073
0001
00B7
00000043
0002
0002
0000000B
2A
B40036
2B
B60065
57
2A
B0
0000
0002
00B8
00000016
0002
0000
000B
0037
0038
0000
0000
000B
0066
0074
0001
00B9
0000000A
0002
0000
016A
0009
016B
