01
07
01
07
01
07
01
01
07
01
07
01
01
07
01
01
01
01
08
01
01
08
01
01
01
01
01
01
08
01
01
01
07
01
01
0C
0B
01
07
01
01
0C
0B
01
07
01
01
0C
0B
01
01
0C
0B
01
07
01
01
0C
0B
01
07
01
01
0C
0B
01
07
01
01
0C
0B
01
07
01
01
0C
0B
01
01
01
01
01
01
01
01
0C
0A
01
07
0B
01
01
0C
0A
01
07
01
01
0C
0A
01
01
0C
0A
01
01
01
01
01
01
01
0C
0A
01
08
01
07
01
01
0C
0A
01
01
0C
0A
01
01
0C
0A
01
01
01
01
01
0C
0A
01
01
07
01
01
0C
0A
01
0C
0A
01
01
0C
0A
0C
09
01
01
01
01
01
01
08
01
01
01
01
01
01
01
01
01
01
01
01
01
07
0A
01
08
01
01
0C
0A
01
0C
0A
0C
0A
01
01
01
01
01
01
01
01
01
01
01
01
01
01
0002
005B
0086
0001
00BB
00000092
0002
0002
00000032
2A
B70092
2B
B900470100
1213
B9004D0200
9A0013
2B
B900470100
1216
B9004D0200
990007
04
A70004
03
B80096
2A
01
B50098
B1
0000
0003
00BD
00000016
0002
0000
0032
0099
009A
0000
0000
0032
009B
004F
0001
00BC
0000001A
0006
0000
006B
0004
006C
0015
006D
0029
006C
002C
006E
0031
0072
00BE
00000012
0003
FF
0024
0002
07
0002
07
0043
0000
03
40
01
