0A
07
0C
01
01
01
09
07
0C
01
01
01
09
0C
01
01
0B
07
0C
01
01
01
0B
0C
01
01
0A
0C
01
01
0B
07
0C
01
01
01
0B
0C
01
01
0B
07
0C
01
01
01
0B
07
0C
01
01
01
0A
0C
01
01
0B
0C
01
09
07
0C
01
01
08
01
0B
07
0C
01
01
01
0B
0C
01
01
08
01
0B
07
0C
01
01
07
01
0B
0C
01
01
0B
0C
01
01
01
01
01
05
01
01
01
01
01
01
01
01
01
01
01
01
01
01
01
01
01
01
01
01
01
01
01
01
01
01
01
01
01
01
01
01
01
01
01
01
01
01
01
07
01
01
01
0009
0042
006B
0001
0063
00000035
0004
0001
0000000B
2A
B2000D
09
B900110400
AC
0000
0002
0064
00000006
0001
0000
0046
0065
0000000C
0001
0000
000B
006C
006D
0000
