0A
07
0C
01
01
01
09
07
0C
01
01
01
09
0C
01
0B
07
0C
01
01
01
0B
07
0C
01
01
01
0B
0C
01
01
09
0C
01
01
05
0B
0C
01
01
0B
0C
01
01
09
0C
01
05
09
0C
01
05
09
0C
01
05
09
0C
01
05
09
0C
01
05
09
0C
01
05
09
0C
01
05
09
0C
01
05
09
0C
01
05
0A
0C
01
01
0B
0C
01
0B
07
0C
01
01
01
0B
07
0C
01
01
01
0A
0C
01
01
0B
0C
01
0A
07
01
08
01
0B
0C
01
01
09
07
0C
01
01
08
01
0B
07
0C
01
01
08
01
08
01
08
01
08
01
08
01
08
01
08
01
08
01
08
01
0B
0C
01
01
08
01
0B
07
0C
01
01
07
01
0B
0C
01
01
0B
0C
01
01
01
01
01
05
01
01
01
01
01
01
01
01
01
01
01
01
01
01
01
01
01
01
01
01
01
01
01
01
01
01
01
01
01
01
01
01
01
01
01
01
01
01
01
01
01
01
01
01
01
01
01
01
01
01
01
01
01
01
01
01
01
01
01
01
01
01
01
01
01
01
01
01
07
01
07
01
07
01
07
01
07
01
07
01
07
01
07
01
07
01
07
01
07
01
07
01
07
01
07
01
07
01
07
01
07
01
07
01
07
01
07
01
01
01
01
0009
0091
00C7
0001
00C0
00000037
0004
0001
0000000D
2A
B2003D
140040
B900260400
B0
0000
0002
00C1
00000006
0001
0000
0245
00C2
0000000C
0001
0000
000D
00C8
00C9
0000
