0A
07
0C
01
01
01
09
07
0C
01
01
01
09
0C
01
01
0B
07
0C
01
01
01
0B
0C
01
01
09
0C
01
05
09
0C
01
05
09
0C
01
05
09
0C
01
05
09
0C
01
01
05
0B
07
0C
01
01
01
0B
0C
01
01
0B
0C
01
01
09
0C
01
01
09
0C
01
01
0A
07
0C
01
01
0A
0C
01
0A
0C
01
01
0B
07
01
0B
0C
01
0B
07
0C
01
01
01
0B
07
0C
01
01
01
0A
0C
01
01
0B
0C
01
09
07
0C
01
01
08
01
0B
07
0C
01
01
01
08
01
08
01
08
01
08
01
05
09
0C
01
01
08
01
0B
0C
01
0B
0C
01
01
08
01
0B
07
0C
01
01
07
01
0B
0C
01
01
0B
0C
01
01
0B
0C
01
01
0B
0C
01
01
01
01
01
05
01
01
01
01
01
01
01
01
01
01
01
01
01
01
01
01
01
01
01
01
01
01
01
01
01
01
01
01
01
01
01
01
01
01
01
01
01
01
01
01
01
01
01
01
01
01
01
01
01
01
01
01
01
01
01
01
01
01
01
07
01
07
01
07
01
07
01
01
07
01
07
01
01
01
01
0009
00DB
00DC
0001
00B7
00000042
0004
0003
0000000E
2C
1E
B80053
B80063
B9005D0200
B0
0000
0002
00B8
00000006
0001
0000
01E1
00B9
00000016
0002
0000
000E
00DD
00AE
0000
0000
000E
00D9
00DA
0002
