0A
07
0C
01
01
01
09
07
0C
01
01
01
09
0C
01
01
0B
07
0C
01
01
01
0B
0C
01
01
09
0C
01
05
09
0C
01
05
09
0C
01
05
09
0C
01
05
09
0C
01
01
05
0B
07
0C
01
01
01
0B
0C
01
01
0B
0C
01
01
09
0C
01
01
09
0C
01
01
0A
07
0C
01
01
0A
0C
01
0A
0C
01
01
0B
07
01
0B
0C
01
0B
07
0C
01
01
01
0B
07
0C
01
01
01
0A
0C
01
01
0B
0C
01
09
07
0C
01
01
08
01
0B
07
0C
01
01
01
08
01
08
01
08
01
08
01
05
09
0C
01
01
08
01
0B
0C
01
0B
0C
01
01
08
01
0B
07
0C
01
01
07
01
0B
0C
01
01
0B
0C
01
01
0B
0C
01
01
0B
0C
01
01
01
01
01
05
01
01
01
01
01
01
01
01
01
01
01
01
01
01
01
01
01
01
01
01
01
01
01
01
01
01
01
01
01
01
01
01
01
01
01
01
01
01
01
01
01
01
01
01
01
01
01
01
01
01
01
01
01
01
01
01
01
01
01
07
01
07
01
07
01
07
01
01
07
01
07
01
01
01
01
0009
0076
00C2
0001
00B7
00000044
0005
0002
0000000C
2A
B2000D
09
2B
B900170500
B1
0000
0002
00B8
0000000A
0002
0000
005A
000B
005B
00B9
00000016
0002
0000
000C
00C0
00C1
0000
0000
000C
00C3
00C1
0001
