0A
07
0C
01
01
01
09
07
0C
01
01
01
09
0C
01
01
0B
07
0C
01
01
01
0B
0C
01
01
09
0C
01
01
05
0B
0C
01
0B
0C
01
09
0C
01
01
05
0B
0C
01
0B
0C
01
09
0C
01
05
09
0C
01
05
09
0C
01
05
0A
0C
01
01
0B
07
0C
01
01
01
0B
0C
01
01
0B
07
0C
01
01
01
0B
07
0C
01
01
01
0A
0C
01
01
0B
0C
01
09
07
0C
01
01
08
01
0B
07
0C
01
01
01
05
0B
0C
01
01
09
0C
01
08
01
0B
07
0C
01
01
09
0C
01
08
01
0B
07
0C
01
01
05
08
01
08
01
08
01
0B
0C
01
01
08
01
0B
07
0C
01
01
07
01
0B
0C
01
01
0B
0C
01
01
01
01
01
05
01
01
01
01
01
01
01
01
01
01
01
01
01
01
01
01
01
01
01
01
01
01
01
01
01
01
01
01
01
01
01
01
01
01
01
01
01
01
01
01
01
01
01
01
01
01
01
01
01
01
01
01
01
01
01
01
01
01
01
01
01
07
01
01
01
01
0009
005E
005F
0002
00B1
0000006E
0005
0005
00000014
2A
B80042
B900460100
1F
69
2D
1904
B900600500
B0
0000
0003
00B2
00000006
0001
0000
0164
00B3
0000002A
0004
0000
0014
00DB
00BB
0000
0000
0014
00D9
00A8
0001
0000
0014
00DC
00DD
0003
0000
0014
00DE
00DF
0004
00E0
0000000C
0001
0000
0014
00DE
00E1
0004
00E2
00000002
00E4
