0A
07
0C
01
01
01
09
07
0C
01
01
01
09
0C
01
0B
07
0C
01
01
01
0B
07
0C
01
01
01
0B
0C
01
01
09
0C
01
01
05
0B
0C
01
01
0B
0C
01
01
0A
0C
01
01
0B
0C
01
0B
07
0C
01
01
01
0B
07
0C
01
01
01
0A
0C
01
01
0B
0C
01
0A
07
01
08
01
0B
0C
01
01
09
07
0C
01
01
08
01
0B
07
0C
01
01
0B
0C
01
01
08
01
0B
07
0C
01
01
07
01
0B
0C
01
01
0B
0C
01
01
01
01
01
05
01
01
01
01
01
01
01
01
01
01
01
01
01
01
01
01
01
01
01
01
01
01
01
01
01
01
01
01
01
01
01
01
01
01
01
01
01
01
01
01
01
01
0009
001A
0087
0001
0078
00000045
0005
0003
00000011
2A
B8002E
B900100100
1F
69
B900320300
B0
0000
0002
0079
00000006
0001
0000
0086
007A
00000016
0002
0000
0011
0088
0081
0000
0000
0011
0089
0073
0001
