0A
07
0C
01
01
01
09
07
0C
01
01
01
0B
07
0C
01
01
01
09
0C
01
01
0A
07
0C
01
01
01
07
01
0B
0C
01
01
09
0C
01
0A
0C
01
01
07
01
07
01
08
01
0A
0C
01
07
01
0B
07
0C
01
01
01
07
01
08
01
0A
07
0C
01
01
01
0B
0C
01
01
01
01
01
01
01
01
01
01
01
01
01
01
01
01
01
01
01
01
01
01
01
01
01
07
01
01
01
01
01
0009
0050
0051
0001
0049
0000004C
0005
0002
00000018
B8000D
B20013
2A
B60017
B20007
2B
03
BD001D
B9001F0500
B0
0000
0002
004A
00000006
0001
0000
00E0
004B
00000016
0002
0000
0018
0052
0053
0000
0000
0018
0054
0055
0001
