0A
07
0C
01
01
01
09
07
0C
01
01
01
09
0C
01
0B
07
0C
01
01
01
0B
07
0C
01
01
01
0B
0C
01
01
09
0C
01
01
05
0B
0C
01
01
0B
0C
01
01
0A
0C
01
01
0B
0C
01
0B
07
0C
01
01
01
0B
07
0C
01
01
01
0A
0C
01
01
0B
0C
01
0A
07
01
08
01
0B
0C
01
01
09
07
0C
01
01
08
01
0B
07
0C
01
01
0B
0C
01
01
08
01
0B
07
0C
01
01
07
01
0B
0C
01
01
0B
0C
01
01
01
01
01
05
01
01
01
01
01
01
01
01
01
01
01
01
01
01
01
01
01
01
01
01
01
01
01
01
01
01
01
01
01
01
01
01
01
01
01
01
01
01
01
01
01
01
0009
004C
007F
0001
0078
0000003A
0005
0001
00000010
2A
09
B2000D
B900100100
B900160500
B0
0000
0002
0079
00000006
0001
0000
0048
007A
0000000C
0001
0000
0010
0080
0081
0000
