07
01
0A
07
0C
01
01
01
0A
0C
01
01
0A
07
0C
01
01
09
0C
01
01
0A
07
0C
01
01
01
09
0C
01
01
09
0C
01
01
09
0C
01
0A
0C
01
0A
0C
01
01
09
0C
01
01
07
01
0A
0C
01
09
0C
01
01
07
01
0A
0C
01
09
0C
01
01
09
0C
01
0A
0C
01
01
07
01
0A
07
01
05
09
0C
01
0A
0C
01
09
0C
01
09
0C
01
09
0C
01
0A
0C
01
09
0C
01
09
0C
01
09
0C
01
0A
0C
01
01
09
0C
01
09
0C
01
08
01
08
01
08
01
09
07
0C
01
01
01
08
01
0A
0C
01
01
0B
07
0C
01
01
01
08
01
08
01
08
01
0A
07
0C
01
01
08
01
0A
0C
01
01
0A
0C
01
0A
0C
01
01
0A
0C
01
01
09
0C
01
0A
0C
01
0A
0C
01
01
07
01
12
0C
01
01
0A
0C
01
0A
0C
01
0A
0C
01
01
12
0C
01
09
0C
01
01
0A
07
0C
01
01
01
09
0C
01
01
0A
07
0C
01
01
01
0A
0C
01
01
09
07
0C
01
01
01
09
0C
01
0A
0C
01
09
0C
01
0A
0C
01
01
0A
0C
01
07
01
12
0A
0A
0C
01
09
0C
01
09
0C
01
0A
0C
01
01
0A
0C
01
01
07
01
0A
0C
01
0A
0C
01
0A
0C
01
07
01
0A
0A
0C
01
0A
0C
01
0A
0C
0A
0C
01
01
0A
0C
01
01
0A
0C
01
01
0A
0C
01
01
0A
0C
01
0A
0C
01
01
0A
0C
01
0A
07
0C
01
01
01
09
0C
01
0A
0C
01
0A
0C
01
09
07
0C
01
01
0A
07
0C
01
01
0A
0C
01
07
01
0A
09
0C
01
07
01
01
01
03
01
03
01
03
01
03
01
03
01
03
01
03
01
01
01
01
01
01
01
01
01
01
01
01
01
01
01
01
01
01
01
01
01
01
01
01
01
01
07
01
01
01
01
01
01
01
07
01
01
01
01
01
01
01
01
01
01
01
01
01
01
01
01
01
01
01
01
01
01
01
01
01
01
01
01
01
01
01
01
01
01
01
01
01
01
01
01
01
01
01
01
01
01
01
01
01
01
01
01
01
01
01
01
0F
0A
07
0C
01
01
08
01
08
01
08
01
01
07
01
01
01
07
01
07
01
01
0008
0179
017A
0001
0173
00000036
0006
0001
0000000C
BB0001
59
2A
03
03
01
B70009
B0
0000
0002
0174
00000006
0001
0000
007C
0175
0000000C
0001
0000
000C
017B
0015
0000
