0A
07
0A
0A
0A
0A
0A
0A
0A
0A
0A
0A
0A
0A
0A
0A
0A
0A
0A
0A
0A
0A
0A
07
01
01
01
01
01
01
01
01
01
01
01
01
01
01
01
01
07
01
01
01
01
01
01
01
07
01
01
01
01
01
07
01
01
01
07
01
01
01
01
07
01
01
01
07
01
01
01
01
07
01
01
01
07
01
01
01
01
07
01
01
01
07
01
01
01
01
07
01
01
01
07
01
01
01
01
07
01
01
01
07
01
01
01
01
07
01
01
01
07
01
01
01
01
07
01
01
01
07
01
01
01
01
07
01
01
01
07
01
01
01
01
07
01
01
01
07
01
01
01
01
07
01
01
01
07
01
01
01
01
07
01
01
01
07
01
01
01
01
07
01
01
01
07
01
01
01
01
07
01
01
01
07
01
01
01
01
01
01
01
01
07
0C
01
0C
0C
0C
07
0C
07
0C
0C
0C
0C
0C
0C
0C
0C
0C
0C
0C
0C
0C
0C
0C
0C
01
07
01
01
01
01
01
01
01
01
01
01
01
01
01
01
01
01
01
01
01
01
01
01
01
01
01
01
01
01
01
01
01
01
01
01
01
01
01
01
01
01
01
01
01
01
01
01
01
01
01
01
01
01
01
01
01
01
01
01
0001
00AB
00AE
0002
001B
00000070
0003
0003
00000014
2A
B60004
B80016
2A
B60006
B60007
2B
2C
B80008
B1
0000
0003
001C
00000012
0004
0000
036D
0001
036E
0010
036D
0013
036F
001D
00000020
0003
0000
0014
001E
0021
0000
0000
0014
002C
00AF
0001
0000
0014
002E
002F
0002
0030
0000000C
0001
0000
0014
002E
00B2
0002
0034
00000002
00B3
