0A
09
09
09
09
08
0B
09
07
09
0A
09
07
08
0B
0A
0A
07
09
0B
07
0A
08
0A
0A
0A
0B
07
08
07
0A
07
09
08
0A
09
0B
07
09
07
0B
07
09
08
0A
0B
09
0A
09
07
0A
0A
08
0A
08
0A
07
08
0A
09
0A
0A
0A
0B
08
0A
09
09
0A
08
08
0B
0A
0A
08
08
08
07
0B
0B
0B
08
0A
07
0A
07
07
01
01
01
01
01
01
03
01
01
08
01
08
01
08
01
08
01
08
01
08
01
08
01
08
01
08
01
08
01
08
01
01
01
01
01
01
01
01
01
01
01
01
01
01
01
01
01
01
01
01
01
01
01
01
01
01
01
01
01
01
01
01
01
01
01
01
01
01
01
01
01
01
01
01
01
01
01
01
01
01
07
07
07
07
07
07
07
01
01
01
01
01
01
01
01
01
01
01
01
01
01
01
01
01
01
07
07
07
07
07
01
01
01
01
01
01
01
01
01
01
01
01
0C
0C
0C
0C
0C
01
07
0C
0C
01
07
0C
0C
0C
01
01
07
0C
07
0C
0C
01
07
0C
0C
01
01
0C
0C
0C
0C
01
01
01
07
0C
01
0C
01
0C
0C
07
0C
01
0C
01
0C
01
0C
01
0C
0C
0C
0C
0C
01
07
0C
01
0C
01
0C
01
01
0C
0C
0C
07
0C
07
0C
0C
01
0C
0C
0C
01
01
0C
0C
0C
01
01
01
01
0C
01
07
0C
01
0C
01
01
01
01
01
01
01
01
01
01
01
01
01
01
01
01
01
01
01
01
01
01
01
01
01
01
01
01
01
01
01
01
01
01
01
01
01
01
01
01
01
01
01
01
01
01
01
01
01
01
01
01
01
01
01
01
01
01
01
01
01
01
01
01
01
01
01
01
01
01
01
01
01
01
01
01
01
01
01
0001
0091
0092
0001
0093
00000041
0002
0001
0000000F
2A
B70001
2A
03
B50002
2A
03
B50003
B1
0000
0002
0094
0000000E
0003
0000
001C
0004
0039
0009
003A
0095
0000000C
0001
0000
000F
0096
0097
0000
