0A
09
09
09
0A
0A
07
07
08
0A
07
0B
0A
07
07
07
07
07
08
0A
09
09
09
09
09
09
09
07
0A
09
09
09
09
09
09
09
09
09
09
09
0B
0A
07
0A
07
0A
0B
07
01
01
01
01
01
01
01
01
01
01
01
01
01
01
01
01
01
01
01
01
01
01
01
01
01
01
01
01
01
01
01
01
01
01
01
01
01
01
01
01
01
01
01
01
01
01
01
01
01
01
01
07
07
01
01
01
01
01
01
01
01
01
01
01
01
01
01
01
01
01
01
01
01
01
01
01
01
01
01
01
01
01
01
01
01
01
01
01
01
01
01
01
01
01
01
01
01
01
01
01
01
01
01
01
01
01
01
01
01
01
01
01
01
01
01
01
07
01
01
01
01
01
01
01
01
01
07
07
01
01
01
01
01
01
01
01
01
01
01
01
01
01
01
01
01
01
01
01
01
01
01
0C
0C
0C
0C
0C
0C
01
01
01
0C
01
0C
0C
01
01
01
01
01
01
0C
0C
0C
0C
0C
0C
0C
0C
01
0C
0C
0C
0C
0C
0C
0C
0C
0C
0C
0C
0C
0C
01
07
0C
01
07
0C
0C
01
01
01
01
01
01
01
01
01
01
01
01
01
01
01
01
01
01
01
01
01
01
01
0001
00AB
0095
0002
0051
0000007D
0002
0002
00000014
2A
2B
C6000C
2B
B9002F0100
A70004
01
B5001E
2A
B0
0000
0004
0052
0000000A
0002
0000
0105
0012
0106
0053
00000016
0002
0000
0014
0054
0055
0000
0000
0014
00AD
0034
0001
0059
0000000C
0001
0000
0014
0054
005A
0000
0063
00000019
0002
4E
07
0030
FF
0000
0002
07
0030
07
00AF
0002
07
0030
07
00B0
003F
00000002
0097
