09
07
0C
01
01
01
0A
07
0C
01
01
01
09
0C
01
01
09
0C
01
01
09
0C
01
01
0A
07
0C
01
01
01
01
01
01
01
01
01
01
01
01
01
01
01
01
01
01
01
01
01
01
01
01
01
01
01
01
01
0001
000B
001F
0002
0020
0000008E
0002
0005
0000001A
2A
2B
B50001
2A
B70007
2A
2C
B5000D
2A
2D
B50011
2A
1904
B50015
B1
0000
0003
0021
00000016
0005
0000
011B
0009
011C
000E
011D
0013
011E
0019
011F
0022
00000034
0005
0000
001A
0023
0024
0000
0000
001A
0005
0006
0001
0000
001A
000F
0010
0002
0000
001A
0013
0014
0003
0000
001A
0017
0018
0004
0025
0000000C
0001
0000
001A
0023
0026
0000
0027
00000011
04
0005
8010
000F
0000
0013
0000
0017
0000
