0A
09
0A
0B
0B
0B
07
0B
0A
07
07
0A
08
0A
08
0A
0A
0A
07
08
0A
07
0A
05
0A
09
0A
0B
0B
07
07
0A
0A
0B
0A
0B
0A
07
08
0A
0B
08
08
0B
07
0B
07
08
0A
0A
09
0B
0A
0A
0A
0A
0A
07
08
0A
08
0A
09
08
0A
0B
0B
0A
0A
09
07
0A
0A
07
09
09
08
09
0A
0A
07
08
07
0A
0A
0A
0B
0A
08
0A
0A
08
0A
0A
0A
08
0A
0A
0A
0B
0A
09
0A
0A
0A
08
0A
0A
08
0A
0A
08
08
0A
0B
07
08
08
08
08
0A
0A
0A
0A
09
0A
09
0B
0A
0A
0A
05
0A
09
0A
0B
07
07
0A
0B
0A
0B
0A
0B
0A
0B
0A
0B
0A
0A
0A
0B
08
08
0A
0A
0A
0B
0B
09
09
0B
0A
0B
0B
0B
0A
07
0B
07
0B
07
0B
07
07
0B
07
07
0B
07
07
07
07
07
07
01
01
01
01
01
01
01
01
01
01
01
01
01
01
01
01
01
01
01
01
01
01
01
01
01
01
01
01
01
01
01
01
01
01
01
01
01
01
01
01
01
01
01
01
01
01
01
01
01
01
01
01
01
01
01
01
01
01
01
01
01
01
01
01
01
01
01
01
01
01
01
01
01
01
01
01
01
01
01
01
01
01
01
01
01
01
01
01
01
01
01
01
01
01
01
01
01
01
01
01
01
01
01
01
01
01
01
01
01
01
01
01
01
01
01
01
01
01
01
01
01
01
01
01
01
01
01
01
01
01
01
01
01
01
01
01
01
01
01
01
01
01
01
01
01
01
01
01
01
01
01
01
01
01
01
01
01
01
01
01
01
01
01
01
01
01
01
01
01
01
01
01
01
01
01
01
01
01
01
01
01
01
01
01
01
01
01
01
01
01
01
01
01
01
01
01
01
01
01
01
01
01
01
01
01
01
01
01
01
01
01
01
01
01
01
01
01
01
01
01
01
01
01
01
01
01
01
01
01
01
01
01
01
01
01
01
01
01
01
01
01
01
01
01
01
01
01
01
01
01
01
01
01
01
01
01
01
01
01
01
01
01
01
01
01
01
01
01
01
01
01
01
01
01
01
01
01
01
01
01
01
01
01
01
01
01
01
01
01
01
0C
0C
0C
07
0C
07
0C
0C
01
0C
0C
01
01
01
0C
01
0C
0C
0C
01
01
01
0C
0C
0C
07
0C
0C
01
01
0C
0C
0C
0C
0C
01
01
07
0C
01
01
07
0C
01
0C
01
01
0C
0C
0C
07
0C
0C
0C
0C
0C
01
01
01
0C
07
0C
01
0C
0C
0C
0C
0C
0C
01
0C
01
0C
0C
01
0C
0C
0C
01
01
01
0C
0C
0C
01
0C
0C
01
0C
0C
0C
01
0C
0C
0C
0C
0C
0C
0C
0C
01
0C
0C
01
0C
0C
01
01
0C
0C
01
01
01
01
01
0C
0C
0C
0C
0C
0C
0C
0C
0C
0C
0C
0C
0C
0C
0C
01
01
0C
0C
0C
0C
0C
0C
0C
0C
0C
0C
0C
01
01
0C
0C
0C
0C
07
0C
07
0C
0C
0C
0C
0C
0C
01
01
01
01
01
01
01
01
01
01
01
01
01
01
01
01
01
01
01
01
01
01
01
01
01
01
01
01
01
01
01
01
01
01
01
01
01
01
01
01
01
01
01
01
01
01
01
01
01
01
01
01
01
01
01
01
01
01
01
01
01
01
01
01
01
01
01
01
01
01
01
01
01
01
01
01
01
01
01
01
01
01
01
01
01
01
01
01
01
01
01
01
01
01
01
01
01
01
01
01
01
01
01
01
01
01
01
01
01
01
01
01
01
01
01
01
01
01
01
01
01
01
01
01
01
0001
00F9
00F7
0001
00C6
00000052
0003
0004
0000000A
BB0027
59
1228
B70029
BF
0000
0002
00C7
00000006
0001
0000
00EC
00C8
0000002A
0004
0000
000A
00C9
00CA
0000
0000
000A
00D1
00D2
0001
0000
000A
00F8
00E4
0002
0000
000A
00D3
00D4
0003
