0A
0B
09
08
0B
0B
08
08
08
0B
08
0B
0A
08
08
08
0B
08
08
08
08
0B
0B
08
08
08
07
0A
08
08
0B
0B
0B
07
0B
08
08
08
08
08
0A
0A
07
07
07
01
01
01
01
01
01
01
01
01
01
01
01
01
01
01
01
01
01
01
01
01
01
01
01
01
01
01
01
01
01
01
01
01
01
01
01
01
01
01
01
01
07
01
01
01
01
01
01
01
01
01
01
01
01
01
01
01
07
07
01
01
01
01
01
01
01
01
01
01
01
01
01
0C
07
0C
0C
01
07
0C
0C
01
01
01
0C
01
0C
07
0C
01
01
01
0C
01
01
01
0C
0C
01
01
01
0C
01
01
07
0C
07
0C
0C
01
0C
0C
0C
01
01
01
01
01
01
01
01
01
01
01
01
01
01
01
01
01
01
01
01
01
01
01
01
01
01
0001
006F
0045
0001
0031
0000007A
0003
0002
00000032
2A
2A
B40003
1228
B900050200
B900160100
1028
B9000C0200
1B
B8000D
B9000A0200
1029
B9000C0200
B900170100
B50003
2A
B0
0000
0002
0032
0000001A
0006
0000
00D3
0007
00D4
000C
00D5
0013
00D6
0028
00D7
0030
00D8
0033
00000016
0002
0000
0032
0034
0035
0000
0000
0032
0046
0047
0001
