0A
0A
09
09
09
07
0A
09
07
08
0B
07
0A
0A
0A
0A
0A
0A
0B
07
07
01
01
01
01
01
01
01
01
01
01
01
01
01
01
01
01
01
01
01
01
01
01
01
01
01
01
01
01
01
01
07
01
01
01
01
01
01
01
01
01
01
01
01
01
01
01
01
01
01
01
01
0C
07
0C
0C
07
0C
0C
01
0C
01
01
07
0C
01
0C
0C
0C
0C
0C
0C
0C
01
01
01
01
01
01
01
01
01
01
01
01
01
01
01
0001
0021
0022
0001
0023
00000054
0003
0001
0000001E
2A
B70001
2A
B80002
B50003
2A
B20004
B50005
2A
BB0006
59
B70007
B50008
B1
0000
0002
0024
00000012
0004
0000
0028
0004
002D
000B
002F
0012
0031
0025
0000000C
0001
0000
001E
0026
0027
0000
