0A
0B
09
08
0B
0B
08
08
08
0B
08
0B
0A
08
08
08
0B
08
08
08
08
0B
0B
08
08
08
07
0A
08
08
0B
0B
0B
07
0B
08
08
08
08
08
0A
0A
07
07
07
01
01
01
01
01
01
01
01
01
01
01
01
01
01
01
01
01
01
01
01
01
01
01
01
01
01
01
01
01
01
01
01
01
01
01
01
01
01
01
01
01
07
01
01
01
01
01
01
01
01
01
01
01
01
01
01
01
07
07
01
01
01
01
01
01
01
01
01
01
01
01
01
0C
07
0C
0C
01
07
0C
0C
01
01
01
0C
01
0C
07
0C
01
01
01
0C
01
01
01
0C
0C
01
01
01
0C
01
01
07
0C
07
0C
0C
01
0C
0C
0C
01
01
01
01
01
01
01
01
01
01
01
01
01
01
01
01
01
01
01
01
01
01
01
01
01
01
0001
006B
0042
0001
0031
0000003F
0003
0001
00000011
2A
2A
B40003
1224
B900050200
B50003
2A
B0
0000
0002
0032
0000000A
0002
0000
00B9
000F
00BA
0033
0000000C
0001
0000
0011
0034
0035
0000
