09
0A
07
0A
0A
0A
0A
09
0A
09
07
07
07
0A
08
0A
0A
0A
0A
0B
0A
07
0A
07
0A
0B
0B
07
0A
0A
0A
0B
0A
08
0A
07
07
07
01
01
01
01
01
01
01
01
01
01
01
01
01
01
01
01
01
01
01
01
01
01
01
01
01
07
01
01
01
01
01
01
01
01
01
01
01
01
01
01
01
01
01
01
01
01
01
01
01
01
01
01
01
01
01
0C
0C
01
0C
0C
0C
07
0C
0C
01
01
01
01
0C
0C
0C
0C
07
0C
0C
01
07
0C
01
0C
07
0C
0C
01
0C
0C
0C
07
0C
0C
01
0C
01
01
01
01
01
01
01
01
01
01
01
01
01
01
01
01
01
01
01
01
01
01
01
01
01
01
01
01
01
01
01
01
0001
0031
0032
0001
0033
0000004E
0003
0001
00000018
2A
B70002
2A
BB0003
59
B70004
B50001
2A
2A
B60005
B70006
B1
0000
0002
0034
00000012
0004
0000
0031
0004
0032
000F
0033
0017
0034
0035
0000000C
0001
0000
0018
0036
0037
0000
