0A
0A
0A
0B
07
0A
0A
0A
0A
0A
0A
0A
0A
0A
0A
07
0A
0A
0A
0A
0A
0B
0A
0A
0A
0B
07
0B
0B
0B
0A
0A
09
09
09
09
09
09
09
07
07
01
01
01
01
01
01
01
01
01
01
01
01
01
01
01
01
01
01
01
01
01
01
01
01
01
01
01
01
01
01
01
01
01
01
01
01
01
01
01
01
07
01
01
01
01
01
01
01
01
01
01
01
01
01
01
01
01
01
01
01
01
01
01
07
07
07
07
07
01
01
01
01
01
01
01
01
01
01
07
01
01
01
01
01
01
01
01
01
01
01
01
01
01
01
01
01
0C
07
0C
0C
07
0C
01
0C
0C
0C
0C
0C
0C
0C
0C
0C
01
0C
0C
0C
0C
07
0C
0C
0C
07
0C
07
0C
01
0C
07
0C
0C
0C
0C
0C
0C
0C
0C
0C
0C
0C
01
01
01
01
01
01
01
01
01
01
01
01
01
01
01
01
01
01
01
01
01
01
01
01
01
01
01
01
01
01
01
01
01
01
01
01
01
01
01
01
0400
0040
0041
0000
