0A
07
07
0A
0A
0A
07
0A
09
0A
09
09
09
09
0A
0A
0A
0A
09
09
0A
09
09
09
0A
09
08
0A
09
09
08
09
09
08
09
09
08
09
09
08
07
0A
07
0A
07
0A
07
0A
07
0A
07
0A
0A
06
0A
0A
0A
07
0A
08
08
07
07
01
01
01
01
01
01
01
01
01
01
01
01
01
01
01
01
01
01
01
01
01
01
01
01
01
01
01
01
01
01
01
01
01
01
01
01
01
01
01
01
01
01
01
01
01
01
01
01
01
01
01
01
01
01
01
01
01
01
01
01
01
01
01
01
07
0C
01
01
0C
0C
01
0C
0C
0C
0C
0C
0C
0C
0C
0C
0C
0C
0C
07
0C
0C
0C
0C
07
0C
0C
01
0C
0C
0C
01
0C
0C
01
0C
0C
01
0C
0C
01
01
0C
01
01
01
01
01
0C
0C
0C
0C
01
01
01
01
01
01
01
01
01
01
01
01
01
01
01
01
01
01
01
01
01
01
01
01
01
01
01
01
01
01
01
0008
0078
0079
0002
0059
0000004E
0002
0002
00000012
2A
B80001
B0
4C
BB0003
59
B70004
2B
B60005
BF
0001
0000
0004
0005
0002
0002
005A
00000006
0001
0000
0094
005B
00000016
0002
0006
000C
007A
007B
0001
0000
0012
007C
0042
0000
0052
00000000
