0A
07
07
07
01
01
01
01
01
01
01
01
01
01
01
01
01
01
01
01
01
01
01
01
01
01
01
01
01
01
01
07
01
01
01
01
01
01
01
01
01
01
01
01
01
01
01
01
01
01
01
01
01
01
01
01
01
01
01
01
01
01
01
01
01
01
01
01
01
01
01
01
01
01
01
01
01
01
01
01
01
01
01
01
01
01
01
01
01
01
01
01
01
01
01
01
01
01
01
01
01
01
01
01
01
01
01
01
01
01
01
01
01
01
01
01
01
01
01
01
01
01
01
01
01
01
01
01
01
01
01
01
01
0C
01
01
01
01
0001
0025
0026
0002
0007
000000FD
0000
0016
00000001
B1
0000
0002
0008
00000006
0001
0000
0066
0009
000000DE
0016
0000
0001
000A
000B
0000
0000
0001
0027
0028
0001
0000
0001
0029
001D
0002
0000
0001
002A
001D
0003
0000
0001
002B
001D
0004
0000
0001
002C
001D
0005
0000
0001
002D
001D
0006
0000
0001
002E
001D
0007
0000
0001
002F
001D
0008
0000
0001
0030
001D
0009
0000
0001
0031
001D
000A
0000
0001
0032
001D
000B
0000
0001
0033
001D
000C
0000
0001
0034
001D
000D
0000
0001
0035
001D
000E
0000
0001
0036
001D
000F
0000
0001
0037
001D
0010
0000
0001
0038
001D
0011
0000
0001
0039
001D
0012
0000
0001
003A
001D
0013
0000
0001
001C
001D
0014
0000
0001
001E
001D
0015
001F
00000004
0001
0020
