07
0A
0B
0A
0B
09
0B
09
07
07
0A
0A
07
0B
0A
0A
0A
07
0A
07
0A
0A
07
0A
0A
0B
0A
0B
0A
0A
07
0A
0A
12
0B
09
0A
07
08
0A
0A
0A
0B
0A
09
07
09
07
08
0A
09
07
09
08
0A
0A
0B
0A
0A
0A
0A
0A
0A
08
07
0A
0A
0B
08
0A
08
0A
0B
0B
07
0A
0A
0A
0A
07
07
07
01
01
01
01
01
01
01
01
07
01
01
01
01
01
01
01
01
01
01
07
01
01
01
01
01
01
01
01
01
01
01
01
01
01
01
01
01
01
01
01
01
07
01
01
01
01
01
01
01
01
01
07
07
01
01
01
01
01
01
01
01
01
01
01
01
01
01
01
01
01
01
01
01
01
01
01
01
01
01
01
07
07
01
01
01
01
01
0C
0C
07
0C
0C
07
0C
07
0C
07
0C
01
01
0C
0C
01
0C
0C
0C
07
0C
01
0C
01
0C
07
0C
01
0C
07
0C
07
0C
0C
0C
01
0C
01
0F
10
0F
10
0C
07
0C
0C
01
01
0C
0C
0C
0C
0C
0C
01
0C
01
01
0C
0C
01
0C
01
0C
07
0C
07
0C
07
0C
0C
0C
0C
07
0C
0C
01
01
07
0C
07
0C
01
01
07
0C
0C
0C
01
0C
0C
07
01
01
01
07
01
01
01
01
01
01
01
01
01
01
01
01
01
01
01
01
01
01
01
01
01
01
01
01
01
01
01
01
01
01
01
01
01
01
01
01
01
01
01
01
01
0A
01
0A
01
01
01
01
01
01
01
01
01
01
01
01
01
01
01
01
01
01
01
01
01
01
01
01
01
01
01
01
01
01
01
01
01
01
01
01
01
01
01
01
01
01
01
01
01
01
01
01
01
01
07
0C
0C
01
01
07
01
01
01
07
01
01
0001
0067
0068
0001
0055
00000062
0007
0002
0000001E
BB0014
59
2B
B9000E0100
2B
B8000F
2B
2B
B80010
01
B60011
C00012
B70015
B0
0000
0002
0056
00000016
0005
0000
0053
0005
0054
000B
0055
0010
0057
001D
0053
0057
00000016
0002
0000
001E
0058
0059
0000
0000
001E
005F
0060
0001
