0A
0A
0A
0B
07
0A
0A
0A
0A
0A
0A
0A
0A
0A
0A
07
0A
0A
0A
0A
0A
0B
0A
0A
0A
0B
07
0B
0B
0B
0A
0A
09
09
09
09
09
09
09
07
07
01
01
01
01
01
01
01
01
01
01
01
01
01
01
01
01
01
01
01
01
01
01
01
01
01
01
01
01
01
01
01
01
01
01
01
01
01
01
01
01
07
01
01
01
01
01
01
01
01
01
01
01
01
01
01
01
01
01
01
01
01
01
01
07
07
07
07
07
01
01
01
01
01
01
01
01
01
01
07
01
01
01
01
01
01
01
01
01
01
01
01
01
01
01
01
01
0C
07
0C
0C
07
0C
01
0C
0C
0C
0C
0C
0C
0C
0C
0C
01
0C
0C
0C
0C
07
0C
0C
0C
07
0C
07
0C
01
0C
07
0C
0C
0C
0C
0C
0C
0C
0C
0C
0C
0C
01
01
01
01
01
01
01
01
01
01
01
01
01
01
01
01
01
01
01
01
01
01
01
01
01
01
01
01
01
01
01
01
01
01
01
01
01
01
01
01
0001
0087
003F
0001
0035
0000003E
0002
0002
00000006
2A
2B
B50027
B1
0000
0002
0036
0000000A
0002
0000
00FA
0005
00FB
0037
00000016
0002
0000
0006
0038
0039
0000
0000
0006
002F
002B
0001
