01
07
01
07
01
07
01
01
07
01
01
07
01
07
01
01
01
01
01
01
01
01
01
0C
09
01
0C
0A
0C
09
01
01
01
01
01
01
01
01
01
01
01
0C
09
01
07
01
01
0C
0A
01
01
0C
09
01
01
0C
0A
01
07
01
01
0C
0B
01
01
01
01
01
01
01
01
01
07
01
01
0C
09
01
07
01
01
0C
0A
01
01
01
01
01
01
01
07
01
01
0C
0B
01
07
01
01
0C
0A
01
0C
09
01
01
0C
0B
01
07
0A
01
0C
09
01
01
0C
0B
01
07
01
01
0C
0A
01
0C
09
01
07
01
01
0C
0A
01
01
0C
0B
01
0C
09
01
07
01
01
0C
0A
01
01
01
01
01
01
01
01
01
01
01
01
01
01
01
01
01
01
0004
0044
0045
0003
009C
0000005D
0003
0003
00000009
B2004D
2B
2C
B60053
B1
0000
0003
009D
0000000A
0002
0000
004C
0008
004D
009E
00000020
0003
0000
0009
001F
0020
0000
0000
0009
0047
0054
0001
0000
0009
0026
0042
0002
009F
0000000C
0001
0000
0009
0026
0043
0002
009B
00000002
0046
00A0
00000009
02
0047
0000
0026
0000
