07
01
07
01
0A
07
0C
01
01
01
0A
07
0C
01
01
01
09
0C
01
01
09
0C
01
01
09
0C
01
07
01
0A
09
0C
01
01
09
0C
01
01
09
0C
01
01
09
0C
01
01
09
0C
01
09
0C
01
09
0C
01
01
09
0C
01
01
09
0C
01
0A
0C
01
09
0C
01
01
09
0C
01
0A
0C
01
09
0C
01
01
09
0C
01
01
09
0C
01
09
0C
01
01
07
01
08
01
0B
07
0C
01
01
01
0A
0C
01
01
0A
0C
01
09
0C
01
07
01
0A
07
01
0A
0B
0C
01
01
0B
0C
01
01
07
01
0B
07
0C
01
01
01
0B
0C
01
09
07
0C
01
01
09
0C
01
0A
0C
01
09
0C
01
09
0C
01
09
0C
01
0A
0C
01
01
0A
0C
01
0A
0C
01
01
0A
0C
0A
07
0C
01
01
07
01
0A
0A
0C
01
01
0A
0C
01
0B
07
0C
01
0B
0C
01
01
0A
07
0C
01
01
01
0A
07
0C
01
01
01
09
0C
01
01
07
01
01
01
01
01
01
03
01
01
01
05
01
01
01
01
01
01
01
01
01
01
01
01
01
01
01
01
01
01
01
01
01
01
01
01
01
01
01
01
01
01
01
01
01
01
01
01
01
01
01
01
01
01
01
01
01
01
01
07
01
07
01
01
01
01
01
01
01
01
01
01
01
01
01
01
01
01
01
01
01
07
01
01
0001
00F0
00F1
0001
00DF
00000057
0003
0002
00000018
2B
B40058
2A
B4003D
125E
B900600200
A00007
04
A70004
03
AC
0000
0003
00E0
00000006
0001
0000
006B
00E1
00000016
0002
0000
0018
00E2
00E3
0000
0000
0018
00F2
0046
0001
00EF
00000005
0002
16
40
01
