0A
09
0A
0B
0B
0B
07
0B
0A
07
07
0A
08
0A
08
0A
0A
0A
07
08
0A
07
0A
05
0A
09
0A
0B
0B
07
07
0A
0A
0B
0A
0B
0A
07
08
0A
0B
08
08
0B
07
0B
07
08
0A
0A
09
0B
0A
0A
0A
0A
0A
07
08
0A
08
0A
09
08
0A
0B
0B
0A
0A
09
07
0A
0A
07
09
09
08
09
0A
0A
07
08
07
0A
0A
0A
0B
0A
08
0A
0A
08
0A
0A
0A
08
0A
0A
0A
0B
0A
09
0A
0A
0A
08
0A
0A
08
0A
0A
08
08
0A
0B
07
08
08
08
08
0A
0A
0A
0A
09
0A
09
0B
0A
0A
0A
05
0A
09
0A
0B
07
07
0A
0B
0A
0B
0A
0B
0A
0B
0A
0B
0A
0A
0A
0B
08
08
0A
0A
0A
0B
0B
09
09
0B
0A
0B
0B
0B
0A
07
0B
07
0B
07
0B
07
07
0B
07
07
0B
07
07
07
07
07
07
01
01
01
01
01
01
01
01
01
01
01
01
01
01
01
01
01
01
01
01
01
01
01
01
01
01
01
01
01
01
01
01
01
01
01
01
01
01
01
01
01
01
01
01
01
01
01
01
01
01
01
01
01
01
01
01
01
01
01
01
01
01
01
01
01
01
01
01
01
01
01
01
01
01
01
01
01
01
01
01
01
01
01
01
01
01
01
01
01
01
01
01
01
01
01
01
01
01
01
01
01
01
01
01
01
01
01
01
01
01
01
01
01
01
01
01
01
01
01
01
01
01
01
01
01
01
01
01
01
01
01
01
01
01
01
01
01
01
01
01
01
01
01
01
01
01
01
01
01
01
01
01
01
01
01
01
01
01
01
01
01
01
01
01
01
01
01
01
01
01
01
01
01
01
01
01
01
01
01
01
01
01
01
01
01
01
01
01
01
01
01
01
01
01
01
01
01
01
01
01
01
01
01
01
01
01
01
01
01
01
01
01
01
01
01
01
01
01
01
01
01
01
01
01
01
01
01
01
01
01
01
01
01
01
01
01
01
01
01
01
01
01
01
01
01
01
01
01
01
01
01
01
01
01
01
01
01
01
01
01
01
01
01
01
01
01
01
01
01
01
01
01
01
01
01
01
01
01
01
01
01
01
01
01
01
01
01
01
01
01
0C
0C
0C
07
0C
07
0C
0C
01
0C
0C
01
01
01
0C
01
0C
0C
0C
01
01
01
0C
0C
0C
07
0C
0C
01
01
0C
0C
0C
0C
0C
01
01
07
0C
01
01
07
0C
01
0C
01
01
0C
0C
0C
07
0C
0C
0C
0C
0C
01
01
01
0C
07
0C
01
0C
0C
0C
0C
0C
0C
01
0C
01
0C
0C
01
0C
0C
0C
01
01
01
0C
0C
0C
01
0C
0C
01
0C
0C
0C
01
0C
0C
0C
0C
0C
0C
0C
0C
01
0C
0C
01
0C
0C
01
01
0C
0C
01
01
01
01
01
0C
0C
0C
0C
0C
0C
0C
0C
0C
0C
0C
0C
0C
0C
0C
01
01
0C
0C
0C
0C
0C
0C
0C
0C
0C
0C
0C
01
01
0C
0C
0C
0C
07
0C
07
0C
0C
0C
0C
0C
0C
01
01
01
01
01
01
01
01
01
01
01
01
01
01
01
01
01
01
01
01
01
01
01
01
01
01
01
01
01
01
01
01
01
01
01
01
01
01
01
01
01
01
01
01
01
01
01
01
01
01
01
01
01
01
01
01
01
01
01
01
01
01
01
01
01
01
01
01
01
01
01
01
01
01
01
01
01
01
01
01
01
01
01
01
01
01
01
01
01
01
01
01
01
01
01
01
01
01
01
01
01
01
01
01
01
01
01
01
01
01
01
01
01
01
01
01
01
01
01
01
01
01
01
01
01
0001
013A
013B
0001
00C6
00000072
000A
0005
00000020
2A
2B
2C
2D
03
B8003F
B20040
1241
03
B8003F
03
B8003F
1904
B60042
B900440100
B0
0000
0002
00C7
00000006
0001
0000
0221
00C8
00000034
0005
0000
0020
00C9
00CA
0000
0000
0020
00D1
00D2
0001
0000
0020
0137
00D2
0002
0000
0020
0101
00D2
0003
0000
0020
00D3
00D4
0004
