01
07
01
07
01
07
01
01
07
01
01
0C
01
01
01
01
01
01
01
01
01
01
01
0C
0A
01
0C
0A
0C
09
0C
09
01
01
01
01
01
01
01
03
01
07
01
01
0C
0A
01
07
01
01
0C
0B
01
01
07
01
01
0C
0A
01
01
01
07
01
01
0C
0A
01
07
01
01
0C
0A
0C
09
01
07
01
01
0C
0A
01
0C
0A
01
01
01
01
01
08
01
01
03
01
07
0C
0A
01
07
01
0C
0A
0C
09
01
07
0A
0C
0A
01
0C
0A
01
01
0C
09
01
01
01
01
01
01
01
01
0001
0014
0015
0001
0076
0000006D
0003
0008
00000027
B80019
3A05
2A
2B
2C
B7001C
2D
3A06
1906
2A
5F
B5001E
1906
57
1904
3A07
1907
2A
5F
B50020
1907
57
B1
0000
0001
0077
00000034
0005
0000
0026
0021
0022
0000
0000
0026
0023
0024
0001
0000
0026
0025
0024
0002
0000
0026
000D
000E
0003
0000
0026
000F
000E
0004
