01
07
01
01
07
01
01
01
0C
0A
01
01
01
01
01
01
01
01
01
01
0C
09
01
07
01
01
0C
0A
07
01
01
01
0C
0A
01
01
01
0C
09
01
0C
09
01
0C
09
01
0C
09
01
08
0A
08
08
08
0C
0A
01
01
03
03
03
01
01
03
01
01
01
01
01
01
07
01
07
01
01
01
01
01
01
01
01
01
01
0008
0031
0008
0001
004D
0000005F
0004
0000
0000003B
BB0002
59
1232
03
B70033
B30027
BB0002
59
1234
04
B70033
B3002A
BB0002
59
1235
05
B70033
B3002D
BB0002
59
1236
06
B70033
B30030
B80038
B30016
B1
0000
0001
004E
00000012
0004
0000
015B
000D
015C
001A
015D
0027
015E
