0A
06
0A
0A
0A
06
0A
0A
0A
09
06
06
07
06
06
0A
06
06
06
06
0A
09
0A
0A
08
08
0A
08
07
0A
0A
07
0A
08
0A
0A
0A
08
08
08
08
0A
08
08
08
0A
08
07
08
0A
06
06
06
06
06
06
06
06
06
06
06
06
06
06
06
06
06
07
06
06
06
06
06
06
06
06
06
06
06
06
06
06
06
06
06
06
06
06
06
06
06
06
06
06
06
06
06
06
01
01
01
05
01
01
01
01
01
01
01
01
01
01
01
01
01
01
01
01
01
01
01
01
01
01
01
01
01
01
01
01
01
01
01
01
01
01
01
01
01
01
01
01
01
01
01
01
01
01
01
01
01
01
01
01
01
01
01
01
01
01
01
01
01
01
01
01
01
01
01
01
01
01
01
01
01
01
01
07
07
07
01
01
01
01
01
01
01
01
01
0C
0C
0C
0C
0C
0C
0C
0C
01
0C
0C
0C
0C
0C
01
01
0C
01
01
0C
0C
01
01
0C
0C
0C
01
01
01
01
07
0C
01
01
01
0C
01
01
01
0C
01
01
01
01
01
01
01
01
01
01
01
01
01
01
01
0008
00C6
00C4
0001
00AA
000001A0
0008
0008
000000B7
05
BC07
4E
05
BC07
3A04
05
BC07
3A05
05
BC07
3A06
26
2D
B8000B
1904
03
1904
04
0E
5E
52
52
B2000C
BE
04
64
3607
1507
9B006F
2D
1904
1906
B80006
1904
03
1906
03
31
52
1904
04
1906
04
31
52
1507
04
7E
9A0006
A70047
B2000C
1507
31
1906
B8000B
1906
1905
B8000A
1507
05
7E
990015
1905
03
1905
03
31
77
52
1905
04
1905
04
31
77
52
1904
1905
1906
B80009
1904
03
1906
03
31
52
1904
04
1906
04
31
52
8407FF
A7FF92
2C
C60011
2C
03
1904
03
31
52
2C
04
1904
04
31
52
1904
03
31
1904
04
31
63
AF
0000
0003
00AB
00000062
0018
0000
00FA
0004
00FB
0009
00FC
000E
00FD
0013
00FE
0018
00FF
0022
0101
002F
0102
0037
0103
003F
0104
0047
0106
004E
0107
0051
010A
005C
010B
0063
010D
006A
010E
0073
010F
007C
0112
0085
0113
0095
0101
009B
0116
009F
0117
00A6
0118
00AD
011B
00AC
00000048
0007
002A
0071
00B3
00B4
0007
0000
00B7
00B1
00B2
0000
0000
00B7
00C1
00A2
0002
0004
00B3
00B5
00A2
0003
0009
00AE
00B6
00A2
0004
000E
00A9
00C5
00A2
0005
0013
00A4
00B7
00A2
0006
00C2
00000021
0006
FF
002A
0007
03
07
005F
07
005F
07
005F
07
005F
07
005F
01
0000
26
2A
18
FA
0005
11
