0A
09
0A
08
0B
07
0A
08
0A
0A
0A
0A
0A
0A
0B
0A
07
0A
07
07
0A
07
0A
0A
07
07
01
01
01
01
01
01
01
01
01
01
01
01
01
01
01
01
01
01
01
01
01
01
01
01
01
01
01
01
01
01
01
01
01
01
07
07
07
07
07
07
01
01
01
01
01
01
01
0C
0C
0C
01
07
0C
01
01
07
0C
07
0C
07
0C
0C
07
0C
07
0C
07
0C
0C
01
0C
01
01
0C
01
0C
0C
01
01
01
01
01
01
01
01
01
01
01
01
01
01
01
01
01
01
01
01
01
01
01
01
01
01
01
01
01
01
01
07
01
01
0000
001D
001E
0003
001F
00000046
0002
0002
0000000A
2A
B70001
2A
2B
B50002
B1
0000
0002
0020
0000000E
0003
0000
0048
0004
0049
0009
004A
0021
00000016
0002
0000
000A
0022
0025
0000
0000
000A
001B
001C
0001
0026
00000006
0001
0027
0000
0028
0000000C
01
0001
0029
0001
0001002A
73
002B
