07
01
07
01
07
01
01
01
01
01
01
08
01
01
01
01
01
01
0A
07
01
0C
01
01
09
0C
01
01
01
01
0A
0C
09
0C
01
01
01
01
01
07
01
0B
07
01
0C
01
01
0B
0C
01
01
0A
07
01
0C
01
01
0A
0C
01
01
0B
07
01
0C
01
01
08
01
0B
0C
01
0A
07
01
0C
01
01
08
01
0B
0C
01
0A
0C
01
07
01
01
01
01
01
01
01
01
01
01
01
01
01
01
07
01
07
01
0A
0C
01
01
08
01
0A
0C
01
0B
07
01
0C
01
01
07
01
0A
07
01
0C
01
01
0A
07
01
0C
01
01
0B
07
01
0C
01
01
07
01
0B
0C
01
01
0B
07
01
0C
01
01
0A
0C
01
0B
0C
01
01
0A
0C
01
01
07
01
0A
0C
01
0A
0C
01
01
08
01
0B
07
01
0B
0B
0C
01
01
08
01
0B
0C
01
0B
0C
01
0B
0C
01
0A
07
01
0C
01
01
01
01
01
01
01
01
01
01
01
01
01
07
01
01
0008
0010
0011
0001
0012
0000002D
0001
0000
00000009
1201
B80013
B30019
B1
0000
0002
001B
0000000A
0002
0000
0023
0008
0024
001C
00000002
0000
