0A
09
09
09
09
0A
07
0A
07
0A
07
0A
08
0A
08
0A
08
08
08
08
08
0A
08
0A
08
0A
09
0A
07
08
0A
0A
0A
0A
0B
0B
0B
07
09
0B
0A
08
0A
0A
07
0A
08
08
0A
08
0A
08
08
08
08
08
0A
0A
0A
0A
0A
07
0A
0A
07
01
01
01
01
01
01
01
01
01
01
01
01
01
01
01
01
01
01
01
01
01
01
01
01
01
01
01
01
01
01
01
01
01
01
01
01
03
01
01
01
01
01
01
01
01
01
01
01
01
01
01
01
01
01
01
01
01
01
01
01
01
01
01
01
01
01
01
01
01
01
01
01
01
01
01
01
01
01
01
01
01
07
07
01
07
01
01
01
01
01
01
0C
0C
0C
0C
0C
0C
01
07
0C
01
0C
01
01
0C
01
0C
01
01
01
01
01
0C
01
01
0C
0C
0C
01
01
0C
0C
07
0C
0C
0C
0C
07
01
0C
0C
0C
01
01
0C
01
07
0C
01
01
01
0C
07
0C
07
0C
07
0C
0C
01
0C
01
01
01
01
01
01
01
01
01
01
01
01
01
01
01
01
01
01
01
01
01
01
01
01
01
01
01
01
01
01
01
01
01
01
01
01
01
01
01
01
01
01
0001
005F
0060
0002
0059
0000002F
0001
0001
00000005
2A
B40002
B0
0000
0002
005A
00000006
0001
0000
0056
005B
0000000C
0001
0000
0005
005C
005D
0000
0048
00000019
0002
0061
0000
0062
0003
00030063
73
0064
0065
5A
0066
004A
73
0067
