0A
09
09
09
09
0A
07
0A
07
0A
07
0A
08
0A
08
0A
08
08
08
08
08
0A
08
0A
08
0A
09
0A
07
08
0A
0A
0A
0A
0B
0B
0B
07
09
0B
0A
08
0A
0A
07
0A
08
08
0A
08
0A
08
08
08
08
08
0A
0A
0A
0A
0A
07
0A
0A
07
01
01
01
01
01
01
01
01
01
01
01
01
01
01
01
01
01
01
01
01
01
01
01
01
01
01
01
01
01
01
01
01
01
01
01
01
03
01
01
01
01
01
01
01
01
01
01
01
01
01
01
01
01
01
01
01
01
01
01
01
01
01
01
01
01
01
01
01
01
01
01
01
01
01
01
01
01
01
01
01
01
07
07
01
07
01
01
01
01
01
01
0C
0C
0C
0C
0C
0C
01
07
0C
01
0C
01
01
0C
01
0C
01
01
01
01
01
0C
01
01
0C
0C
0C
01
01
0C
0C
07
0C
0C
0C
0C
07
01
0C
0C
0C
01
01
0C
01
07
0C
01
01
01
0C
07
0C
07
0C
07
0C
0C
01
0C
01
01
01
01
01
01
01
01
01
01
01
01
01
01
01
01
01
01
01
01
01
01
01
01
01
01
01
01
01
01
01
01
01
01
01
01
01
01
01
01
01
01
0001
0057
0058
0001
0059
00000033
0001
0001
00000005
2A
B70001
B1
0000
0002
005A
0000000A
0002
0000
0045
0004
0046
005B
0000000C
0001
0000
0005
005C
005D
0000
