09
0A
07
07
0A
0A
07
07
0A
08
0A
0A
08
0A
0A
09
0B
0A
09
09
07
0A
0A
0A
0B
0B
0A
0B
07
07
01
01
01
07
01
01
01
01
01
01
01
01
01
01
01
01
01
01
01
01
01
01
01
01
01
01
01
01
01
01
07
01
01
01
01
01
01
01
01
01
01
01
01
01
01
07
01
01
01
0C
07
0C
01
0C
0C
01
01
0C
01
0C
0C
01
0C
0C
0C
07
0C
0C
0C
0C
01
07
0C
0C
07
0C
0C
0C
0C
01
01
07
01
01
01
01
01
01
01
01
01
01
01
01
01
01
01
01
01
01
01
01
01
01
01
01
01
0009
003E
0032
0001
002F
00000037
0002
0001
0000000D
B20010
2A
B900110200
C00004
B0
0000
0002
0030
00000006
0001
0000
C473
0033
0000000C
0001
0000
000D
0034
002A
0000
