09
09
09
09
09
09
09
09
09
09
09
09
09
09
09
09
07
0A
0A
0A
0A
0A
0A
0A
0A
0A
0A
0A
0A
0A
0A
0A
0A
0A
0A
0A
07
0A
08
0A
0A
08
08
0A
08
08
08
08
08
08
08
08
08
08
08
08
08
08
0A
0A
07
07
01
01
01
01
01
01
01
01
01
01
01
01
01
01
01
01
01
01
01
01
01
01
01
01
01
01
01
01
01
01
01
01
01
01
01
01
01
01
01
01
01
01
01
01
01
01
01
01
01
01
01
01
01
01
01
01
01
01
01
01
01
01
01
01
01
01
01
01
01
01
01
01
01
01
01
01
01
01
01
01
01
01
01
01
01
01
01
01
01
01
01
01
01
01
01
01
01
01
01
01
01
01
01
01
01
01
01
01
01
01
01
01
01
01
01
01
01
01
01
01
01
01
01
01
01
01
01
01
01
01
01
01
01
01
01
01
01
01
01
01
07
07
01
01
01
01
01
01
01
01
01
01
01
01
01
01
01
01
01
01
01
01
01
01
01
01
01
01
01
01
01
0C
0C
0C
0C
0C
0C
0C
0C
0C
0C
0C
0C
0C
0C
0C
0C
01
0C
0C
0C
0C
0C
0C
0C
0C
0C
0C
0C
0C
0C
0C
0C
0C
0C
0C
0C
01
0C
01
0C
0C
01
01
0C
01
01
01
01
01
01
01
01
01
01
01
01
01
01
0C
01
01
01
01
01
01
0001
0076
0077
0001
006F
0000002F
0001
0001
00000005
2A
B40003
B0
0000
0002
0070
00000006
0001
0000
001A
0071
0000000C
0001
0000
0005
0072
0073
0000
