07
0A
0A
0A
0A
07
0A
07
07
07
07
07
07
07
07
09
08
0B
08
08
0A
08
08
08
08
08
08
0A
0A
0A
0A
0A
0A
08
07
07
01
01
01
01
01
01
01
01
01
01
01
01
01
01
01
01
01
01
01
01
01
01
01
01
01
01
01
01
01
01
01
01
01
01
01
01
01
01
01
01
01
01
01
01
01
01
01
01
01
0C
0C
0C
01
0C
01
01
01
01
01
01
01
01
0C
01
07
0C
01
01
0C
01
01
01
01
01
01
0C
0C
0C
0C
0C
0C
01
01
01
01
01
01
01
01
01
01
01
01
01
01
01
01
01
01
01
01
01
0001
0036
0037
0001
0027
00000037
0003
0001
0000000D
2A
1216
130008
B60015
C00008
B0
0000
0002
0028
00000006
0001
0000
0080
0029
0000000C
0001
0000
000D
002A
002B
0000
