07
0A
0A
0A
0A
07
0A
07
07
07
07
07
07
09
08
0B
08
08
0A
08
08
08
08
08
0A
0A
0A
0A
0A
0A
08
08
08
08
07
07
01
01
01
01
01
01
01
01
01
01
01
01
01
01
01
01
01
01
01
01
01
01
01
01
01
01
01
01
01
01
01
01
01
01
01
01
01
01
01
01
01
01
01
01
01
01
01
01
01
01
01
01
01
0C
0C
0C
01
0C
01
01
01
01
01
01
0C
01
07
0C
01
01
0C
01
01
01
01
01
0C
0C
0C
0C
0C
0C
01
01
01
01
01
01
01
01
01
01
01
01
01
01
01
01
01
01
01
01
01
01
01
01
0001
0053
0044
0001
0027
00000031
0002
0001
00000007
2A
1222
B6001A
AC
0000
0002
0028
00000006
0001
0000
016D
0029
0000000C
0001
0000
0007
002A
002B
0000
