01
07
01
07
01
07
01
01
07
01
01
07
01
07
01
07
01
01
07
01
07
01
07
01
07
01
01
07
01
01
07
01
01
07
01
07
01
07
01
07
01
01
05
01
01
03
01
01
03
01
01
01
01
01
01
01
01
01
01
01
01
0C
0A
0C
09
01
01
01
01
0C
0A
01
01
01
0A
01
01
01
01
01
0C
09
01
01
07
01
01
01
07
01
07
0A
01
07
01
07
01
01
0C
0A
01
01
0C
0A
01
0C
0A
0C
09
0C
09
01
01
0C
0A
01
0C
0A
01
0C
0A
01
01
0C
0A
01
0C
0A
01
07
01
01
01
01
01
01
01
01
01
01
01
01
07
01
01
0C
09
01
01
01
01
0C
09
01
01
0C
0A
01
01
01
01
01
01
01
01
07
01
01
0C
0A
0C
0A
01
01
01
0C
09
01
01
0C
0A
0C
0A
01
01
01
01
0C
0A
0C
0A
0C
0A
0A
01
01
01
01
0C
09
0C
0A
01
07
0C
0A
0A
01
01
01
01
0C
09
01
07
01
0C
0B
01
01
01
0C
0B
01
01
0C
0B
01
01
01
0C
0B
01
01
0C
0B
01
01
01
0C
0B
01
01
01
0C
0A
01
01
01
0C
0A
01
01
0C
0A
0C
0A
01
01
0C
0A
01
01
0C
0A
01
01
0C
0A
0C
09
01
0C
0A
01
01
01
0C
0A
01
0C
0A
01
01
01
0C
0A
01
01
01
01
01
01
01
01
01
01
0C
0A
01
0C
0A
01
01
0C
0A
01
01
01
0C
09
01
0A
01
01
01
01
01
01
01
01
01
01
0C
0A
01
01
0A
01
01
01
01
01
01
01
01
01
01
01
0004
0049
004A
0002
014C
0000003C
0002
0002
00000008
BB0002
59
B7004C
B0
0000
0002
014D
00000006
0001
0000
001E
014E
00000016
0002
0000
0008
0043
0037
0000
0000
0008
004B
004D
0001
0150
00000005
01
004B
0000
