0A
07
0C
01
01
01
08
01
0A
07
0C
01
01
01
08
01
0B
07
0C
01
01
01
09
0C
01
08
01
09
0C
07
01
0A
0C
01
09
0C
01
09
0C
01
01
0A
07
0C
01
01
01
0A
0C
01
01
0B
07
0C
01
01
01
0B
0C
01
01
07
01
07
01
0A
0C
01
0A
0C
01
01
07
01
0A
0C
01
09
0C
01
01
01
01
01
01
01
01
01
01
01
01
01
01
01
07
01
01
01
01
01
01
01
01
01
01
01
01
01
01
01
01
01
01
01
01
01
01
0000
0005
0006
0001
0052
00000049
0003
0002
0000000D
2A
2B
B70001
2A
1207
04
B60009
B1
0000
0002
0053
0000000E
0003
0000
002F
0005
0030
000C
0031
0054
00000016
0002
0000
000D
0055
0056
0000
0000
000D
0028
0029
0001
