09
09
09
09
09
09
09
09
09
09
0A
08
0A
0A
08
0A
08
0A
08
08
08
0A
08
08
08
08
08
07
07
07
0A
0A
0A
08
0A
0A
0A
07
07
07
01
01
01
05
01
01
01
01
01
01
01
01
01
01
01
01
01
01
01
01
01
01
01
01
01
01
01
01
01
01
01
01
01
01
01
01
01
01
01
01
01
01
01
01
01
01
01
07
01
01
0C
0C
0C
0C
0C
0C
0C
0C
0C
0C
0C
01
07
0C
0C
07
0C
0C
0C
01
01
01
0C
0C
01
0C
0C
01
01
01
01
01
01
01
01
01
01
01
01
01
01
01
01
01
01
01
0001
0044
003C
0001
003D
0000002F
0001
0001
00000005
2A
B40004
B0
0000
0002
003E
00000006
0001
0000
0035
003F
0000000C
0001
0000
0005
0040
0041
0000
