0A
07
0A
09
0A
09
07
05
09
09
09
09
0A
0A
09
09
09
09
08
0A
07
09
0B
07
09
09
0A
0A
0A
07
12
0A
0A
12
07
0A
08
08
08
07
07
01
01
01
01
01
01
01
01
01
01
01
01
01
01
01
01
01
01
01
01
01
01
01
01
01
01
01
01
01
01
01
01
01
01
01
01
01
01
01
01
01
01
01
01
01
01
01
01
01
01
01
01
01
01
01
01
01
01
01
01
01
01
01
01
01
01
01
01
01
01
01
01
01
01
01
01
01
01
01
01
01
0C
01
0C
07
0C
0C
01
0C
0C
0C
0C
07
0C
0C
0C
0C
0C
0C
01
07
0C
01
0C
07
0C
01
0C
0C
07
0C
0C
0C
01
01
0F
08
0C
0C
07
0C
08
0C
01
0C
01
01
01
01
01
01
01
01
01
01
01
01
01
01
01
01
01
01
01
01
01
01
01
01
01
01
01
01
0A
01
01
01
01
01
01
01
01
01
01
07
0C
01
07
01
01
07
01
01
0001
004D
004E
0002
0044
00000061
0002
0002
0000000D
2A
B40004
2B
B900180200
57
2A
B0
0000
0003
0045
0000000A
0002
0000
0164
000B
0165
0046
00000016
0002
0000
000D
0047
004A
0000
0000
000D
004F
0050
0001
004B
00000016
0002
0000
000D
0047
004C
0000
0000
000D
004F
0051
0001
002F
00000002
0052
