07
01
09
0C
01
01
09
0C
01
01
0A
07
0C
01
01
0A
07
0C
01
01
01
0A
0C
01
01
07
01
12
0C
01
01
0A
0C
01
01
09
0C
01
01
0B
07
0C
01
01
01
0A
0C
01
09
0C
01
01
09
0C
01
01
08
08
01
0A
0C
01
0A
0C
01
01
07
01
0A
0C
01
0A
07
0C
01
01
01
0A
0C
01
01
0B
07
0C
01
01
01
0B
0C
01
0A
0C
01
01
0B
0C
01
01
07
01
01
01
01
01
01
01
01
01
01
01
01
01
01
01
01
01
01
01
01
01
01
01
01
01
01
01
01
01
07
01
01
0F
0A
07
0C
01
01
08
01
01
07
01
01
01
07
01
07
01
01
0009
0018
0019
0002
0068
00000056
0001
0001
0000001A
1A
AB0000
00000017
00000001
00000001
00000013
B20003
B0
01
B0
0000
0003
0069
0000000E
0003
0000
061F
0014
0621
0018
0623
006B
0000000C
0001
0000
001A
006D
006E
0000
006F
00000004
0002
14
03
0070
00000006
0001
0071
0000
