07
0A
09
09
09
09
09
09
07
0A
0A
0A
0A
0A
0A
0A
0A
0A
07
0A
08
0A
0A
08
0A
08
08
08
08
08
0A
0A
07
01
01
01
01
01
01
01
01
01
01
01
01
01
01
01
01
01
01
01
01
01
01
01
01
01
01
01
01
01
01
01
01
01
01
01
01
01
01
01
01
01
01
01
01
01
01
01
01
01
01
01
01
01
01
01
01
01
01
01
01
01
01
01
01
01
01
01
01
01
07
07
01
01
01
01
01
01
01
01
01
01
01
01
01
01
01
01
01
0C
0C
0C
0C
0C
0C
0C
01
0C
0C
0C
0C
0C
0C
0C
0C
0C
01
01
0C
0C
01
0C
01
01
01
01
01
0C
01
01
01
01
01
0001
0072
0073
0002
003C
0000008C
0002
0007
00000026
2A
B70020
2A
2B
B50003
2A
1C
B50004
2A
1D
B50005
2A
1904
B50006
2A
1905
B50007
2A
1906
B50008
B1
0000
0002
003D
00000006
0001
0000
0024
0042
00000048
0007
0000
0026
0043
0044
0000
0000
0026
0024
0025
0001
0000
0026
002C
002D
0002
0000
0026
0030
002D
0003
0000
0026
0032
0033
0004
0000
0026
0035
0036
0005
0000
0026
0037
0038
0006
003E
00000006
0001
003F
0000
