09
09
0A
0A
09
0A
0A
0A
07
0A
09
05
05
07
0A
09
09
0B
07
0A
0B
0A
0A
0A
0B
05
05
0A
0A
0A
0B
0B
0B
0B
0A
07
0A
0B
0B
07
0B
0A
0B
07
07
0B
07
0A
0B
0B
0B
07
0A
07
0A
08
07
0A
0A
0A
0A
0A
07
0A
0A
08
0A
09
0A
0A
0A
08
07
0A
08
07
0A
0A
0A
0B
0A
0A
0B
0A
0B
0B
0A
0A
0A
0A
0A
08
0A
07
07
07
07
01
01
01
01
01
07
01
01
01
01
03
01
03
01
03
01
01
01
01
01
01
01
01
01
08
01
08
01
08
01
01
01
01
01
01
01
01
01
01
01
01
01
01
01
01
01
01
01
01
01
01
01
01
01
01
01
01
01
01
01
01
07
01
01
01
01
01
01
01
01
01
01
01
01
01
01
01
01
01
01
01
01
01
01
07
01
01
01
01
01
01
01
01
01
01
07
07
01
01
01
01
01
01
01
01
07
01
01
01
01
01
01
07
01
01
01
07
01
01
01
01
01
01
01
01
01
07
01
01
01
01
01
07
01
01
01
01
01
01
01
01
01
01
01
01
01
01
0C
0C
0C
0C
0C
0C
07
0C
0C
01
0C
0C
01
0C
0C
07
0C
01
0C
0C
0C
0C
0C
0C
07
0C
0C
0C
0C
07
0C
07
0C
0C
0C
01
0C
07
01
0C
0C
07
01
01
0C
01
0C
0C
0C
0C
01
07
0C
01
01
01
0C
0C
0C
0C
01
07
0C
07
0C
01
0C
0C
0C
0C
01
01
07
0C
01
01
0C
0C
0C
07
0C
0C
0C
0C
0C
0C
0C
07
0C
0C
0C
0C
0C
01
01
01
01
01
01
01
01
01
01
01
01
01
01
01
01
01
01
01
01
01
01
01
01
01
01
01
01
01
01
01
01
01
01
01
01
01
01
01
01
01
01
01
01
01
01
01
01
01
01
01
01
01
01
01
01
01
01
01
01
01
01
01
01
01
01
01
01
01
01
01
01
01
01
01
01
01
01
01
07
01
01
01
01
01
01
01
01
01
01
01
01
01
01
01
01
01
01
01
01
0000
0096
0097
0001
0091
0000003E
0002
0002
00000006
2A
2B
B50013
B1
0000
0002
0092
0000000A
0002
0000
0202
0005
0203
0093
00000016
0002
0000
0006
0094
0095
0000
0000
0006
0098
008E
0001
