01
07
01
07
01
01
01
01
01
0C
09
01
01
01
01
01
01
01
01
0C
09
01
01
01
08
01
07
01
01
0C
0A
08
01
0C
0A
01
01
01
01
01
0C
0A
01
01
0C
0A
01
01
07
0A
01
08
01
01
0C
0A
01
08
01
0C
0A
01
08
0C
0A
01
01
0C
0A
01
07
01
07
01
01
01
01
01
0C
0A
01
01
03
03
01
03
03
01
01
01
01
01
01
01
01
01
01
01
01
01
01
01
01
01
0001
0016
0017
0003
0062
00000059
0002
0003
0000001B
2B
1219
B8001F
2C
1220
B8001F
2A
B70023
2A
2B
B5000B
2A
2C
B50015
B1
0000
0002
0063
00000006
0001
000C
0050
0064
00000020
0003
0000
001B
000C
000D
0000
0000
001B
0005
0006
0001
0000
001B
000E
000F
0002
0061
00000002
0018
0065
0000000D
02
0001
0007
0000
0001
0007
0000
