01
07
01
07
01
01
01
01
08
01
07
01
01
0C
0A
01
08
01
0C
0A
01
0C
09
0C
09
01
01
01
01
01
01
01
01
07
01
07
01
01
0C
0B
01
0C
0A
01
01
01
08
01
01
0C
0A
01
01
01
01
07
01
08
01
0C
0A
01
07
01
01
01
01
0C
0A
01
01
0C
0A
01
01
01
07
0A
01
08
01
01
0C
0A
01
0C
0A
01
08
01
0C
0A
0C
0A
01
01
0C
0A
01
01
01
01
01
01
01
01
01
03
03
03
01
01
03
01
01
01
01
01
01
01
01
01
01
01
01
01
01
01
0011
001F
0020
0002
007A
00000044
0004
0001
0000001A
BB0022
59
2A
B40017
B900280100
2A
B40019
B900280100
B7002B
B0
0000
0002
007B
00000006
0001
0000
000C
007C
0000000C
0001
0000
001A
001A
001B
0000
0079
00000006
0001
0007
0000
