0A
0A
0A
09
09
09
09
09
09
0A
07
07
07
01
01
01
05
01
01
01
01
01
01
01
01
01
01
01
01
01
01
01
01
01
01
01
01
01
01
01
01
01
01
01
01
01
01
01
01
01
01
01
01
01
01
01
01
01
01
01
01
01
01
01
01
01
01
0C
0C
0C
0C
0C
0C
0C
0C
0C
07
0C
01
01
01
01
01
01
0001
003D
003E
0002
0024
00000050
0002
0002
00000006
2A
2B
B50009
B1
0000
0003
0025
0000000A
0002
0000
006C
0005
006D
0026
00000016
0002
0000
0006
0027
0028
0000
0000
0006
001E
001F
0001
003F
0000000C
0001
0000
0006
001E
0021
0001
0020
00000002
0040
