0A
08
09
09
09
09
09
09
09
09
09
09
09
09
09
09
09
09
09
09
09
09
09
09
09
09
09
09
08
07
0A
08
0A
08
08
08
08
08
08
08
08
08
08
08
08
08
08
08
08
08
09
0A
07
07
07
07
01
01
01
01
01
01
01
01
01
01
01
01
01
01
01
01
01
01
01
01
01
01
01
01
01
01
01
01
01
01
01
01
01
01
01
01
01
01
01
01
01
01
01
01
01
01
01
01
01
01
01
01
01
01
01
01
01
01
01
01
01
01
01
01
01
01
01
01
01
01
01
01
01
01
01
01
01
01
01
01
01
01
01
01
01
01
01
01
01
01
01
01
01
07
01
01
01
01
01
01
01
01
01
01
01
01
01
01
01
01
01
01
01
01
0C
01
0C
0C
0C
0C
0C
0C
0C
0C
0C
0C
0C
0C
0C
0C
0C
0C
0C
0C
0C
0C
0C
0C
0C
0C
0C
0C
01
01
0C
01
01
01
01
01
01
01
01
01
01
01
01
01
0C
0C
01
01
01
01
01
01
01
01
0001
0063
0060
0001
005A
0000003E
0002
0002
00000006
2A
2B
B50007
B1
0000
0002
005B
0000000A
0002
0000
0083
0005
0084
005C
00000016
0002
0000
0006
005D
005E
0000
0000
0006
003E
003C
0001
