0A
08
09
09
09
09
09
09
09
09
09
08
07
0A
08
0A
09
0A
07
07
07
07
01
01
01
01
01
01
01
01
01
01
01
01
01
01
01
01
01
01
01
01
01
01
01
01
01
01
01
01
01
01
01
01
01
01
01
01
01
01
01
01
01
01
07
01
01
01
01
01
01
01
01
01
01
01
01
01
01
01
01
01
01
01
01
0C
01
0C
0C
0C
0C
0C
0C
0C
0C
0C
01
01
01
0C
0C
0C
01
01
01
01
01
01
01
01
0001
0044
0045
0001
0027
00000070
0003
0003
0000001D
2A
B40011
C7000E
2A
BB000D
59
B7000E
B50011
2A
B40011
2B
2C
B60010
57
B1
0000
0003
0028
00000012
0004
0000
0067
0007
0068
0012
006A
001C
006B
0029
00000020
0003
0000
001D
002A
002B
0000
0000
001D
0046
001A
0001
0000
001D
0047
001A
0002
0040
00000003
0001
12
