0A
09
09
09
09
09
09
09
09
09
09
09
09
09
09
09
09
09
07
07
01
01
01
05
01
01
01
01
01
01
01
01
01
01
01
01
01
01
01
01
01
01
01
01
01
01
01
01
01
01
01
01
01
01
01
01
01
01
01
01
01
01
01
01
01
01
01
01
01
01
01
01
01
01
01
01
01
01
01
01
01
01
01
01
01
01
01
01
01
01
01
01
01
01
01
01
01
01
01
01
01
01
01
01
01
01
0C
0C
0C
0C
0C
0C
0C
0C
0C
0C
0C
0C
0C
0C
0C
0C
0C
0C
01
01
0001
0054
0047
0001
0041
0000002F
0001
0001
00000005
2A
B40008
B0
0000
0002
0042
00000006
0001
0000
00A7
0043
0000000C
0001
0000
0005
0044
0045
0000
