0A
07
0A
09
07
0A
0A
0A
0B
0A
0A
0B
07
08
0A
07
0A
0A
0B
12
0B
12
08
0A
0A
07
0A
0A
07
0A
0B
0B
0B
07
07
0A
0A
0B
0A
0A
0A
0B
07
08
0A
0A
0A
12
0B
0A
07
01
01
01
08
01
08
01
08
01
08
01
08
01
08
01
08
01
08
01
01
01
08
01
01
01
01
01
01
01
01
01
01
01
01
01
01
01
01
01
01
01
01
01
01
01
01
01
01
01
01
01
01
01
01
01
07
07
07
07
07
07
07
07
01
01
01
01
01
01
01
01
07
01
01
01
01
01
07
01
01
01
01
01
01
01
01
01
03
01
01
01
01
01
01
01
01
01
01
01
01
01
01
01
01
01
01
01
01
01
07
07
01
01
01
01
01
01
01
01
07
01
01
01
01
01
01
01
01
01
01
01
01
01
01
01
01
01
01
0C
01
0C
01
0C
07
0C
07
0C
0C
0C
0C
01
01
07
0C
01
07
0C
0C
07
0C
01
0F
10
0F
10
0C
07
0C
0F
01
0C
0C
01
0C
01
0C
07
0C
0C
01
01
0C
0C
0C
0C
0C
07
0C
01
01
07
0C
0C
0F
10
0C
07
0C
01
01
01
01
01
07
01
01
01
01
01
01
01
01
01
01
01
01
01
01
01
01
01
01
01
01
01
01
0A
01
01
01
01
01
01
0A
01
01
01
01
01
01
01
01
01
01
01
01
01
01
01
01
01
01
01
01
01
01
01
01
01
01
0A
01
01
01
01
07
0C
0C
0C
01
01
07
01
01
07
01
01
0001
004C
004D
0001
004E
0000003E
0003
0001
00000010
2A
B70001
2A
BB0002
59
B70003
B50004
B1
0000
0002
004F
0000000A
0002
0000
0029
0004
003A
0050
0000000C
0001
0000
0010
0051
0052
0000
