0A
0A
0A
0A
09
0A
0A
07
07
0A
0B
0A
07
07
0A
0A
07
07
0A
0A
07
07
0A
0A
07
07
0A
0A
07
07
0A
0A
07
07
0A
0A
07
07
0A
0A
07
07
0A
0A
07
07
0A
0A
07
07
0A
0A
07
07
0A
0A
07
07
0A
0A
07
07
0A
0A
07
07
0A
0A
07
07
0A
0A
07
07
0A
0A
07
07
0A
0A
07
07
0A
0A
07
07
0A
0A
07
07
0A
0A
07
07
0A
0A
07
07
0A
0A
07
07
0A
0A
07
07
0A
0A
07
07
0A
0A
07
07
0A
0A
07
07
0A
0A
07
07
0A
0A
07
07
0A
0A
07
07
0A
0A
07
07
0A
0A
07
07
0A
0A
07
07
0A
0A
07
07
0A
0A
07
07
0A
0A
07
07
0A
0A
07
07
0A
0A
07
07
0A
0A
07
07
0A
0A
07
07
0A
0A
07
07
0A
0A
07
07
0A
0A
07
07
0A
0A
07
07
0A
0A
07
07
0A
0A
07
07
0A
0A
07
07
0A
0A
07
07
0A
0A
07
07
0A
0A
07
07
0A
0A
07
07
0A
0A
07
07
0A
0A
07
07
0A
0A
07
07
0A
0A
07
07
0A
0A
0B
07
07
07
01
01
01
01
03
01
01
01
01
01
01
01
01
01
01
01
01
01
01
01
01
01
01
01
01
01
01
01
01
01
01
01
01
01
01
01
01
01
01
01
01
01
01
01
01
01
01
01
01
01
01
01
01
01
01
01
01
01
01
01
01
01
01
01
01
01
01
01
01
01
01
01
01
01
01
01
01
01
01
01
01
01
01
01
01
01
01
01
01
01
01
01
01
01
01
01
01
01
01
01
01
01
01
01
01
01
01
01
01
01
01
01
01
01
01
01
01
01
01
01
01
01
01
01
01
01
01
01
01
01
01
01
01
01
01
01
01
01
01
01
01
01
01
01
01
01
01
01
01
01
01
01
01
01
01
01
01
01
01
01
01
01
01
01
01
01
01
01
01
01
01
01
01
01
01
01
01
01
01
01
01
01
01
01
01
01
01
01
01
01
01
01
01
01
01
01
01
01
01
01
01
01
01
01
01
01
01
01
01
01
01
01
01
01
01
01
01
01
01
01
01
01
01
01
01
01
01
01
01
01
01
01
01
01
01
01
01
01
01
01
01
01
01
01
01
01
01
01
01
01
01
01
01
01
01
01
01
01
01
01
01
01
01
01
01
01
01
01
01
01
01
01
01
01
01
01
01
01
01
01
01
01
01
01
01
01
01
01
01
01
01
01
01
01
01
01
01
01
01
01
01
01
01
01
01
01
01
01
01
01
01
01
01
01
01
01
01
01
01
01
01
01
01
01
01
01
01
01
01
01
01
01
01
01
01
01
01
01
01
01
01
01
01
01
01
01
01
01
01
01
01
01
01
01
01
01
01
01
01
01
01
01
01
01
01
01
01
01
01
01
01
01
01
01
01
01
01
01
01
01
01
01
01
01
01
01
01
01
01
01
01
01
01
01
01
01
01
01
01
01
01
01
01
01
01
01
01
01
01
01
01
01
01
01
01
01
01
01
01
01
01
01
01
01
01
01
01
07
0C
0C
0C
07
0C
0C
0C
0C
01
01
0C
07
0C
0C
01
01
0C
0C
01
01
0C
0C
01
01
0C
0C
01
01
0C
0C
01
01
0C
0C
01
01
0C
0C
01
01
0C
0C
01
01
0C
0C
01
01
0C
0C
01
01
0C
0C
01
01
0C
0C
01
01
0C
0C
01
01
0C
0C
01
01
0C
0C
01
01
0C
0C
01
01
0C
0C
01
01
0C
0C
01
01
0C
0C
01
01
0C
0C
01
01
0C
0C
01
01
0C
0C
01
01
0C
0C
01
01
0C
0C
01
01
0C
0C
01
01
0C
0C
01
01
0C
0C
01
01
0C
0C
01
01
0C
0C
01
01
0C
0C
01
01
0C
0C
01
01
0C
0C
01
01
0C
0C
01
01
0C
0C
01
01
0C
0C
01
01
0C
0C
01
01
0C
0C
01
01
0C
0C
01
01
0C
0C
01
01
0C
0C
01
01
0C
0C
01
01
0C
0C
01
01
0C
0C
01
01
0C
0C
01
01
0C
0C
01
01
0C
0C
01
01
0C
0C
01
01
0C
0C
01
01
0C
0C
01
01
0C
0C
01
01
0C
0C
01
01
0C
0C
01
01
0C
0C
01
01
0C
0C
01
01
0C
0C
01
01
0C
0C
0C
01
01
01
01
01
01
01
01
01
01
01
01
01
01
01
01
01
01
01
01
01
01
01
01
01
01
01
01
01
01
01
01
01
01
01
01
01
01
01
01
01
01
01
01
01
01
01
01
01
01
01
01
01
01
01
01
01
01
01
01
01
01
01
01
01
01
01
01
01
01
01
0001
0230
0234
0002
00F6
0000007B
0006
0004
0000001D
2A
2B
B60007
C000B1
4E
2A
B40005
BB00B2
59
2A
2D
2C
B700B3
B9000B0200
B0
0000
0003
00F7
0000000A
0002
0000
05DC
0009
05DE
00FA
0000002A
0004
0000
001D
00FB
00FC
0000
0000
001D
0106
0232
0001
0000
001D
010B
010C
0002
0009
0014
010D
0232
0003
010E
0000000C
0001
0000
001D
010B
0235
0002
0108
00000002
0236
