0A
07
0A
09
0A
09
09
09
09
09
09
07
09
0A
09
09
09
09
0A
09
07
0A
09
07
0A
09
07
0A
07
09
0A
09
09
07
09
0A
09
09
09
09
09
07
0A
09
09
09
0A
0A
09
0A
07
07
0A
08
0A
0A
0A
0A
0B
0B
0B
07
0A
07
0A
0A
0B
0A
0B
0B
07
0A
0A
0A
08
08
0A
08
08
08
08
08
08
08
08
08
08
08
0A
08
08
08
08
08
08
08
08
08
08
08
08
08
0A
08
08
08
08
0A
08
08
08
07
07
0A
0A
0A
0A
0A
0A
0B
09
07
0A
0A
0A
0A
07
08
0A
0A
0A
0A
0A
0A
0A
0A
0A
0B
12
0B
0A
0B
0A
0A
07
07
01
01
01
01
01
01
01
01
01
01
01
01
01
01
01
01
01
01
01
01
01
01
01
01
01
01
01
01
01
01
01
01
01
01
01
01
01
01
01
01
01
01
01
01
01
01
01
01
01
01
01
01
01
01
01
01
01
01
01
01
07
07
07
07
07
01
01
01
01
01
01
01
07
01
01
01
01
01
01
01
01
01
07
01
01
01
01
01
07
01
01
01
01
01
01
01
01
01
01
01
01
07
01
01
01
01
01
01
01
01
01
01
01
01
01
01
01
01
01
01
01
01
01
01
01
01
01
01
01
01
01
01
01
01
01
01
01
01
01
01
01
01
01
01
01
01
01
01
01
01
01
01
01
01
01
01
07
01
01
01
01
01
01
01
01
01
01
01
01
01
01
01
01
01
01
01
01
01
01
01
01
01
01
01
01
01
01
01
01
01
01
01
01
01
01
01
01
01
01
01
01
01
01
01
01
01
07
01
01
01
01
01
01
01
01
01
01
01
01
01
01
01
01
01
01
01
01
01
01
01
01
01
01
01
01
01
01
01
01
01
01
01
01
01
01
01
01
01
01
01
01
01
01
01
01
01
01
01
01
0C
01
0C
07
0C
0C
0C
0C
0C
0C
0C
01
0C
0C
0C
0C
0C
0C
07
0C
0C
01
0C
0C
01
0C
0C
01
0C
01
0C
0C
0C
0C
01
0C
0C
0C
0C
0C
0C
0C
01
0C
0C
0C
0C
0C
0C
0C
0C
01
01
01
0C
0C
0C
0C
07
0C
07
0C
0C
07
01
0C
01
0C
0C
0C
0C
0C
01
07
0C
01
0C
01
07
0C
01
01
01
0C
01
01
01
01
07
01
0C
0C
0C
0C
07
0C
0C
0C
0C
01
07
0C
07
0C
0C
01
01
07
0C
0C
0C
07
0C
0C
0C
01
0F
10
0F
10
0C
07
0C
07
0C
0C
0C
07
0C
01
01
01
01
01
01
01
01
01
01
01
01
01
01
01
01
01
01
01
01
01
01
01
01
01
01
01
01
01
01
01
01
01
01
01
01
01
01
01
01
01
01
01
01
01
01
01
01
01
01
01
01
0A
01
0A
01
01
01
01
01
01
01
01
01
01
01
01
01
07
0C
0C
01
01
07
01
01
07
01
01
0001
012B
012C
0002
00C6
00000048
0003
0003
0000000A
1B
1C
2A
B40012
B8007D
B0
0000
0002
00C7
00000006
0001
0000
01FA
00C8
00000020
0003
0000
000A
00C9
00CA
0000
0000
000A
012D
00F3
0001
0000
000A
012E
00F3
0002
0096
00000002
0131
