08
01
07
01
08
01
0A
07
0C
01
01
01
0A
07
0C
01
01
01
0A
07
0C
01
01
0A
07
0C
01
01
01
09
0C
01
01
07
01
0A
09
0C
01
01
08
01
0A
07
0C
01
01
01
08
01
0A
0C
01
01
08
01
09
0C
01
01
09
0C
01
01
09
0C
01
01
08
01
0B
07
0C
01
01
01
07
01
0A
0C
01
01
0B
0C
01
01
0B
07
0C
01
01
01
12
0C
01
01
0A
07
0C
01
01
01
0B
07
0C
01
01
01
0A
0C
01
01
09
0C
01
01
0B
07
0C
01
01
01
12
0C
01
0A
07
0C
01
01
0B
0C
01
01
08
01
0B
0C
01
0B
0C
01
01
0B
0C
01
01
12
07
01
0A
0C
01
0B
07
0C
01
01
01
0A
0C
01
08
01
08
01
12
0C
01
01
12
0B
07
0C
01
01
0A
0C
01
07
01
01
01
01
01
01
01
01
01
01
01
01
01
01
01
01
01
01
01
01
01
01
01
01
01
07
01
07
01
01
01
01
01
01
01
01
01
01
01
01
07
01
01
01
01
01
01
01
01
01
01
01
01
01
01
01
01
01
01
01
01
0F
0A
07
0C
01
01
01
10
0F
0A
0C
10
0F
0A
0C
10
01
0F
0A
0C
0F
0A
07
0C
01
01
08
01
08
01
01
07
01
07
01
01
100A
00EC
00EB
0001
00BA
00000031
0001
0001
00000007
2A
BA00AB0000
B0
0000
0002
00BB
00000006
0001
0000
0074
00BC
0000000C
0001
0000
0007
00D6
00D7
0000
