01
07
01
01
07
01
07
01
01
01
0C
0A
01
01
01
01
01
01
01
08
01
07
01
01
0C
0A
01
07
01
01
0C
0B
01
07
01
01
0C
0A
01
01
0C
0A
01
01
01
0C
0A
01
0C
09
01
01
03
03
03
01
03
01
03
01
01
01
01
01
01
01
07
01
01
0C
01
01
01
01
01
01
01
01
01
01
01
0011
000F
0010
0004
0048
00000044
0002
0002
00000010
2B
1214
B8001A
2B
B900200100
B80026
B0
0000
0002
004A
00000006
0001
0006
0025
0049
00000016
0002
0000
0010
000D
000E
0000
0000
0010
0013
0027
0001
004B
00000002
0011
004C
00000006
0001
0012
0000
004D
00000007
01
0001
0012
0000
