09
07
0C
01
01
01
0A
07
0C
01
01
01
0A
0C
01
0A
07
0C
01
01
01
0A
07
0C
01
01
0A
07
0C
01
01
01
0B
07
0C
01
01
01
07
01
09
0C
01
01
09
0C
01
09
0C
01
0A
0C
01
01
09
0C
01
01
07
01
09
07
0C
01
01
01
0B
07
0C
01
01
01
0A
07
0C
01
01
01
07
01
0A
0C
01
0B
0C
01
01
07
01
0A
0C
01
0A
0C
01
01
07
01
01
01
01
01
01
01
01
01
01
01
01
01
01
01
01
01
07
07
01
07
07
01
01
01
01
01
01
01
01
01
01
01
01
01
01
01
01
01
01
01
01
07
01
01
01
07
01
01
01
0010
005F
0060
0001
0067
0000004C
0005
0003
0000000E
BB0008
59
2A
B40029
2B
2C
B7000D
B0
0000
0002
0068
00000006
0001
0000
0058
0069
00000020
0003
0000
000E
006A
006B
0000
0000
000E
007A
0006
0001
0000
000E
007B
0032
0002
