0A
09
09
09
0A
0A
07
08
0A
08
08
08
08
08
08
08
08
08
0A
0A
0A
0A
07
07
07
01
01
01
01
01
01
01
01
01
01
01
01
01
01
01
01
01
01
01
01
01
07
01
01
01
01
01
01
01
01
01
01
01
01
01
01
01
01
01
01
01
01
01
01
01
01
01
01
01
01
01
01
01
01
01
01
01
01
01
01
01
01
01
01
01
01
0C
0C
0C
0C
07
0C
0C
01
01
0C
01
01
01
01
01
01
01
01
01
0C
0C
0C
07
0C
01
01
01
01
01
01
01
01
01
01
01
01
0001
0036
0037
0002
0022
00000048
0003
0003
0000000A
BB0007
59
120C
B70009
BF
0000
0002
0023
00000006
0001
0000
003E
0024
00000020
0003
0000
000A
0025
0026
0000
0000
000A
0029
001F
0001
0000
000A
002C
001F
0002
002E
00000004
0001
002F
