0A
09
09
09
0A
0A
07
08
0A
08
08
08
08
08
08
08
08
08
0A
0A
0A
0A
07
07
07
01
01
01
01
01
01
01
01
01
01
01
01
01
01
01
01
01
01
01
01
01
07
01
01
01
01
01
01
01
01
01
01
01
01
01
01
01
01
01
01
01
01
01
01
01
01
01
01
01
01
01
01
01
01
01
01
01
01
01
01
01
01
01
01
01
01
0C
0C
0C
0C
07
0C
0C
01
01
0C
01
01
01
01
01
01
01
01
01
0C
0C
0C
07
0C
01
01
01
01
01
01
01
01
01
01
01
01
0001
0027
0028
0001
0022
00000041
0002
0002
00000009
2A
B40003
1B
B60006
B1
0000
0002
0023
0000000A
0002
0000
002A
0008
002B
0024
00000016
0002
0000
0009
0025
0026
0000
0000
0009
0029
001F
0001
