0A
09
07
0A
09
07
0A
07
07
07
0A
09
09
09
07
07
07
08
0A
0B
07
0A
0A
07
07
0A
08
0A
0A
08
0A
0A
0A
08
09
08
0B
07
07
07
0A
0A
09
08
0A
0A
07
0A
09
0A
0A
09
0A
08
0A
09
09
07
0A
07
0A
07
0A
09
09
09
0A
09
0A
08
07
08
0A
07
0A
09
0B
08
07
0A
0A
07
0A
0A
07
0A
07
0A
07
0A
07
0A
07
0A
07
0A
08
0B
0A
08
0A
07
07
0A
07
0A
07
0A
07
0A
0A
0A
0A
0A
0A
07
0A
07
07
01
01
01
01
01
01
01
01
01
01
01
01
01
01
01
01
01
01
01
01
07
07
01
01
01
01
01
07
01
01
01
01
01
01
01
01
01
01
01
01
01
01
01
01
01
01
01
01
01
01
01
01
01
01
01
01
07
07
07
07
07
07
07
07
07
07
01
01
01
07
01
01
01
01
01
07
07
01
01
01
01
01
01
01
01
01
01
01
01
01
01
01
01
01
01
01
01
01
01
01
01
01
01
07
07
01
01
01
01
01
01
01
01
01
01
01
01
01
01
01
01
01
01
01
01
01
01
01
01
01
0C
0C
01
0C
01
0C
01
01
01
0C
0C
0C
0C
01
01
01
01
0C
07
0C
01
0C
01
01
01
0C
0C
01
0C
0C
01
0C
01
07
0C
01
01
01
0C
0C
0C
01
0C
0C
01
0C
07
0C
0C
0C
0C
01
0C
01
0C
01
0C
01
0C
0C
0C
07
0C
0C
0C
01
01
01
0C
01
0C
07
0C
01
01
0C
0C
01
0C
01
0C
01
0C
01
01
01
01
01
0C
0C
01
07
0C
01
01
0C
01
0C
01
01
0C
0C
0C
0C
0C
01
07
0C
01
01
01
01
01
01
01
01
01
01
01
01
01
01
01
01
01
01
01
01
01
01
01
01
01
01
01
01
01
01
01
01
01
01
01
01
01
01
01
01
01
01
01
01
01
01
01
01
01
01
01
01
01
01
01
01
01
01
01
01
01
01
01
0001
00CB
00CC
0002
0084
000000C2
0004
0006
00000023
2A
2B
2C
2D
B60054
3A04
BB005D
59
1904
B7005E
3A05
1905
B0
3A05
BB0018
59
1905
B70058
BF
0001
0009
0016
0017
0057
0003
0085
00000016
0005
0000
014E
0009
0150
0014
0157
0017
0158
0019
0159
0086
00000048
0007
0014
0003
0090
00CD
0005
0019
000A
0087
00C1
0005
0000
0023
0089
008A
0000
0000
0023
00A6
00A7
0001
0000
0023
00CE
00A7
0002
0000
0023
00A9
00AA
0003
0009
001A
00C2
00A4
0004
008B
0000001B
0001
FF
0017
0005
07
008C
07
00B1
07
00B1
07
00B2
07
00C3
0001
07
00C4
0092
00000004
0001
0018
