09
0A
09
0A
0A
0A
0A
0A
0A
0A
0A
0A
0B
07
0A
0B
0B
0B
07
07
0A
0B
0A
09
07
0A
0A
0B
0B
0A
0A
07
07
07
01
01
01
01
01
01
01
01
01
01
01
01
01
01
01
01
01
01
01
01
01
01
01
01
01
01
01
01
07
01
01
01
01
01
01
01
01
01
01
01
01
01
01
01
01
01
01
01
01
01
01
01
01
01
01
01
01
01
01
01
01
01
01
01
01
07
01
01
01
01
01
01
01
01
01
01
01
01
01
01
01
01
01
01
01
01
01
01
01
01
01
01
01
01
01
01
01
01
01
01
01
0C
0C
0C
07
0C
0C
0C
07
0C
0C
0C
0C
0C
0C
07
0C
01
0C
0C
07
0C
0C
01
01
0C
0C
0C
0C
01
0C
07
0C
07
0C
0C
01
01
01
01
01
01
01
01
01
01
01
01
01
01
01
01
01
01
01
01
01
01
01
01
01
01
01
01
01
01
01
01
01
01
01
01
01
0001
004D
004E
0002
002D
0000002E
0001
0001
00000004
B80007
B0
0000
0002
002E
00000006
0001
0000
00F6
002F
0000000C
0001
0000
0004
0030
0033
0000
0025
00000002
004F
