0A
0A
0A
07
0A
07
0A
07
07
0A
0A
0A
0A
0A
0A
07
07
0A
08
0A
08
0A
0A
0A
07
0A
0A
0A
0A
07
07
07
07
07
01
01
01
01
01
01
01
01
01
01
01
01
01
01
07
01
01
01
01
01
01
01
01
01
01
01
01
01
01
07
07
07
07
07
07
07
01
01
01
01
01
01
01
07
07
01
01
0C
0C
0C
01
0C
01
0C
01
01
0C
0C
0C
0C
0C
01
01
01
0C
01
0C
0C
0C
01
0C
0C
0C
07
0C
01
01
01
01
01
01
01
01
01
01
01
01
01
01
01
01
01
01
01
01
01
01
01
01
01
01
01
01
01
01
01
01
01
01
0002
002A
002B
0002
0025
00000049
0003
0003
00000007
2A
2B
2C
B70002
B1
0000
0002
0026
0000000A
0002
0000
0038
0006
0039
0027
00000020
0003
0000
0007
0028
0029
0000
0000
0007
002C
002D
0001
0000
0007
002E
002F
0002
0030
00000004
0001
0031
