01
07
01
07
01
07
01
01
07
01
01
0C
01
01
01
01
01
01
01
01
01
01
01
01
01
0C
0A
01
0C
0A
0C
09
01
01
01
01
01
03
01
07
01
01
0C
0A
01
07
01
0C
0B
03
03
01
0C
0B
01
0C
0B
01
08
01
07
01
07
01
01
0C
0A
03
03
03
01
07
01
01
0C
0A
01
0C
0B
03
03
03
03
01
07
01
01
01
01
07
01
01
0C
0A
0A
01
01
01
07
01
01
0C
0A
01
01
0C
0A
0C
09
01
07
01
01
0C
0A
01
0C
0A
01
01
01
08
01
08
01
08
01
08
01
08
01
08
01
01
03
0C
0A
01
07
01
0C
0A
0C
09
01
07
0A
0C
0A
01
0C
0A
01
01
0C
09
01
01
01
01
01
01
0001
0016
0017
0001
009D
00000055
0003
0006
00000019
B8001B
3A04
2A
2B
2C
B7001E
2D
3A05
1905
2A
5F
B50020
1905
57
B1
0000
0001
009E
0000002A
0004
0000
0018
0021
0022
0000
0000
0018
0023
0024
0001
0000
0018
0025
0024
0002
0000
0018
000E
000F
0003
