0A
09
07
0A
07
08
0A
0A
07
0A
08
0A
0A
0A
0A
0A
0A
08
0A
08
0A
08
08
0A
0A
07
0A
0A
0A
0A
0A
0A
08
0A
0A
0A
08
0A
0A
08
0A
0A
0A
0B
09
08
08
07
0A
08
0A
0A
0A
0A
08
09
07
07
01
01
01
01
01
01
01
01
01
01
01
01
01
01
01
01
01
01
01
01
01
01
01
01
01
01
01
01
01
01
01
01
01
01
01
01
01
01
01
01
01
01
01
01
01
01
01
01
01
01
01
01
01
01
01
01
01
01
01
01
01
01
0C
0C
01
01
01
0C
07
0C
01
01
0C
0C
0C
07
0C
0C
0C
01
0C
01
0C
01
01
0C
0C
01
0C
0C
07
0C
0C
01
0C
0C
0C
01
0C
07
0C
01
0C
07
0C
0C
07
0C
0C
01
01
01
0C
01
0C
0C
07
0C
07
01
07
0C
01
01
01
01
01
01
01
01
01
01
01
01
01
01
01
01
01
01
01
01
01
01
01
01
01
01
01
01
01
01
01
01
01
01
01
01
01
01
01
01
01
01
01
01
01
01
01
01
0001
0060
005E
0001
0043
00000036
0001
0002
00000002
03
AC
0000
0002
0044
00000006
0001
0000
0079
0045
00000016
0002
0000
0002
0046
0047
0000
0000
0002
005F
004C
0001
