0A
09
07
0A
07
08
0A
0A
07
0A
08
0A
0A
0A
0A
0A
0A
08
0A
08
0A
08
08
0A
0A
07
0A
0A
0A
0A
0A
0A
08
0A
0A
0A
08
0A
0A
08
0A
0A
0A
0B
09
08
08
07
0A
08
0A
0A
0A
0A
08
09
07
07
01
01
01
01
01
01
01
01
01
01
01
01
01
01
01
01
01
01
01
01
01
01
01
01
01
01
01
01
01
01
01
01
01
01
01
01
01
01
01
01
01
01
01
01
01
01
01
01
01
01
01
01
01
01
01
01
01
01
01
01
01
01
0C
0C
01
01
01
0C
07
0C
01
01
0C
0C
0C
07
0C
0C
0C
01
0C
01
0C
01
01
0C
0C
01
0C
0C
07
0C
0C
01
0C
0C
0C
01
0C
07
0C
01
0C
07
0C
0C
07
0C
0C
01
01
01
0C
01
0C
0C
07
0C
07
01
07
0C
01
01
01
01
01
01
01
01
01
01
01
01
01
01
01
01
01
01
01
01
01
01
01
01
01
01
01
01
01
01
01
01
01
01
01
01
01
01
01
01
01
01
01
01
01
01
01
01
0001
005D
005E
0001
0043
00000039
0001
0002
00000005
2B
C10005
AC
0000
0002
0044
00000006
0001
0000
0075
0045
00000016
0002
0000
0005
0046
0047
0000
0000
0005
005F
004C
0001
