0A
07
0A
09
07
0A
09
07
0A
09
09
07
0A
08
0A
0A
0A
0B
07
07
0A
08
0B
0A
0A
0A
0A
09
0A
09
0A
0A
07
08
0A
0A
08
08
0A
0A
0A
08
0B
08
0A
08
08
0B
08
0B
0A
07
07
08
0A
08
0B
08
0A
08
08
0B
07
08
0B
0A
08
08
0B
08
0B
08
08
08
0B
08
08
0B
08
08
05
0A
0A
0A
0A
0A
0A
0A
09
08
0A
08
08
0A
07
0A
0A
0A
07
0A
07
01
01
01
01
01
01
01
01
01
01
01
01
01
01
01
01
01
01
01
01
01
01
01
01
01
01
01
01
01
01
01
01
01
01
01
01
01
01
01
01
01
01
01
01
01
01
01
01
01
01
01
01
01
01
01
01
01
01
01
01
01
01
01
01
01
01
01
01
01
01
01
01
01
01
01
01
01
01
01
01
01
01
01
01
01
01
01
01
01
01
01
01
0C
01
0C
01
0C
01
0C
0C
01
01
0C
0C
0C
07
0C
01
01
0C
01
07
0C
0C
0C
0C
0C
0C
0C
0C
0C
0C
01
01
0C
07
0C
01
01
0C
0C
0C
01
07
0C
01
0C
01
01
07
0C
01
0C
0C
01
01
01
0C
01
07
0C
01
0C
01
01
0C
01
01
0C
0C
01
01
0C
01
0C
01
01
01
0C
01
01
01
01
0C
0C
0C
07
0C
0C
0C
07
0C
0C
01
07
0C
01
01
0C
01
0C
0C
01
07
0C
01
01
01
01
01
01
01
01
01
01
01
01
01
01
01
01
01
01
01
01
01
01
01
01
01
01
01
01
01
01
01
01
01
01
01
01
01
01
01
01
01
01
01
01
01
01
01
01
01
01
01
01
01
01
01
01
01
01
01
01
01
01
0001
00A5
00A6
0001
0081
00000041
0001
0001
00000005
2A
B4001E
AC
0000
0003
0082
00000006
0001
0000
008F
0083
0000000C
0001
0000
0005
0084
0085
0000
0086
0000000C
0001
0000
0005
0084
0087
0000
