09
09
09
09
09
0A
0A
09
0B
09
0A
0A
0B
0A
0A
08
0B
08
07
07
0A
0A
08
0A
0A
0A
08
07
08
0A
0B
0A
0A
0A
08
09
09
0A
07
07
07
01
01
01
01
01
01
01
01
07
01
01
01
01
01
01
01
01
01
01
01
01
01
01
01
01
01
01
01
01
07
07
01
01
01
01
01
01
01
01
07
01
01
01
01
01
01
01
01
01
01
0C
0C
0C
0C
0C
0C
0C
0C
07
0C
07
0C
07
0C
07
0C
07
0C
07
0C
0C
0C
01
07
0C
01
01
01
0C
01
0C
0C
0C
01
01
01
0C
0C
07
0C
07
0C
01
0C
0C
0C
01
01
01
01
01
01
01
01
01
01
01
01
01
01
01
01
01
01
01
01
01
01
01
01
01
01
01
01
01
01
01
01
01
01
01
01
01
01
01
01
01
01
01
01
01
01
01
01
01
01
01
01
01
01
0000
0036
0037
0001
0038
00000066
0002
0006
00000020
2A
2B
B50001
2A
2C
B50002
2A
2D
B50003
2A
1904
B50004
2A
1905
B50005
2A
B70006
B1
0000
0003
0039
00000006
0001
0000
0072
003A
00000016
0002
0000
0020
003B
003C
0000
0000
0020
0031
0035
0001
003D
0000000C
0001
0000
0020
003B
003C
0000
