0A
09
09
09
09
09
09
09
09
09
09
09
08
09
07
0A
0A
0A
0B
0A
0B
0A
08
0B
0A
08
0A
08
0A
08
0A
08
0A
08
0A
08
0A
08
0A
08
0A
08
0A
08
07
07
07
07
07
01
01
01
05
01
01
01
01
01
01
01
03
01
01
01
01
01
01
01
01
01
01
01
01
01
01
01
01
01
01
01
01
01
01
01
01
01
01
01
01
01
01
01
01
01
01
01
01
01
01
01
01
01
01
01
01
01
01
01
01
01
01
01
01
01
01
01
01
01
01
01
01
01
01
01
01
01
01
01
01
01
01
01
01
01
01
01
01
01
01
01
01
01
01
01
01
01
01
01
01
01
01
01
01
01
01
01
01
01
01
01
01
01
01
01
01
01
01
01
01
01
01
0C
0C
0C
0C
0C
0C
0C
0C
0C
0C
0C
0C
01
07
0C
01
0C
0C
07
0C
0C
0C
0C
0C
0C
0C
0C
0C
0C
0C
0C
0C
0C
0C
01
01
01
01
01
01
01
01
01
01
01
01
01
01
0001
0080
0065
0001
005D
0000003E
0002
0002
00000006
2A
2B
B50008
B1
0000
0002
005E
0000000A
0002
0000
011F
0005
0120
005F
00000016
0002
0000
0006
0060
0061
0000
0000
0006
0066
0038
0001
