01
07
01
07
01
01
0C
0A
01
07
0A
01
01
0C
09
01
01
01
01
01
01
08
01
07
01
01
0C
0A
01
08
01
08
01
0C
0A
01
01
01
01
01
08
01
0C
0A
01
01
01
01
0C
0A
01
07
01
01
0C
0A
01
07
0A
01
08
01
01
0C
0A
01
08
0A
01
07
01
01
0C
0A
01
01
01
01
01
01
0C
0A
01
01
01
01
07
01
01
0C
0A
01
07
01
01
0C
0A
01
07
01
01
0C
0B
01
07
01
08
01
08
01
0C
0A
01
08
01
0C
0A
01
0C
0A
01
01
01
01
01
07
01
01
01
0C
0A
01
08
01
08
01
01
01
01
01
01
08
01
07
01
07
01
0C
0A
01
0C
0A
01
01
01
01
07
01
01
01
01
07
01
07
01
0C
0A
01
0C
0A
01
01
01
0C
0A
01
01
0C
0A
01
01
01
01
01
01
01
01
01
01
07
01
0C
0A
01
01
0C
09
01
01
03
03
01
01
03
01
01
01
01
01
01
01
01
01
01
01
01
01
01
01
07
01
07
01
01
01
01
01
01
01
01
01
01
01
0011
0026
0027
0002
00E1
00000058
0003
0003
00000016
2B
1229
B8001C
2C
1220
B8001C
2A
B4000F
2B
2C
B6002C
B1
0000
0002
00E2
0000000A
0002
000C
0015
0015
0016
00E3
00000020
0003
0000
0016
0010
0011
0000
0000
0016
0028
0024
0001
0000
0016
001F
0024
0002
00E4
0000000D
02
0001
0014
0000
0001
0014
0000
