0A
07
0C
01
01
01
0A
07
0C
01
01
01
0A
0C
01
0A
07
0C
01
01
0A
0C
01
01
0A
07
0C
01
01
01
0A
07
0C
01
01
0A
07
0C
01
01
01
0A
0C
01
01
0A
0C
01
01
0A
0C
01
01
0A
0C
01
01
0A
0C
01
01
0A
0C
01
01
0A
0C
01
01
0A
07
0C
01
01
01
0A
0C
01
01
0A
0C
01
0A
0C
01
0A
0C
01
0A
0C
01
0A
0C
01
0A
07
0C
01
01
01
0A
07
0C
01
01
07
01
0A
0A
0C
01
01
0A
0C
01
01
0A
07
0C
01
01
01
0B
07
0C
01
01
01
0B
0C
01
0A
07
0C
01
01
01
0A
07
0C
01
01
01
0A
07
0C
01
01
01
0A
0C
01
01
07
01
0A
0C
01
0A
07
0C
01
01
01
07
01
0A
0C
01
07
01
0A
07
0C
01
01
01
07
01
0A
0C
01
0A
07
0C
01
01
01
0A
0C
01
01
0A
0C
01
01
0A
0C
01
01
0A
07
0C
01
01
01
0A
0C
01
07
01
0A
0B
0C
01
01
0A
0C
01
08
01
0A
07
0C
01
01
01
12
0C
01
01
0B
07
0C
01
01
01
0A
0C
01
01
12
0C
01
01
0B
0C
01
01
0A
07
0C
01
01
01
08
01
0A
0C
01
01
0A
0C
01
0A
0C
01
01
0A
07
0C
01
01
01
0A
0C
01
01
0A
0C
01
09
07
0C
01
01
01
0A
0C
01
01
0A
07
0C
01
01
01
0A
07
0C
01
01
01
0A
07
0C
01
01
01
0A
07
0C
01
01
01
0A
0C
01
08
01
08
01
0A
07
0C
01
01
01
0A
0C
01
0A
0C
01
07
01
0A
07
0C
01
01
01
0A
0C
01
07
01
0A
07
0C
01
01
01
09
0C
01
01
01
01
01
01
01
01
01
01
01
01
01
01
01
01
01
01
01
01
01
01
01
01
01
01
01
01
01
01
01
01
01
01
01
01
01
01
01
01
01
01
01
01
01
01
01
01
01
01
01
01
01
01
01
01
01
01
01
01
01
01
01
01
01
01
01
01
01
01
01
07
01
01
01
01
01
01
01
01
01
01
01
01
01
01
01
01
01
01
01
01
01
01
01
01
01
01
01
01
01
01
01
01
01
01
01
01
01
01
01
01
01
01
01
01
01
01
01
01
01
01
01
01
01
01
01
01
01
01
01
01
01
01
01
01
01
01
01
01
01
01
01
01
01
01
01
01
01
01
01
01
01
01
01
0F
0A
07
0C
01
01
01
10
0F
0A
0C
01
10
01
0F
0A
0C
01
01
07
01
07
01
01
0089
00BB
00BC
0003
0168
00000056
0002
0002
00000006
2A
2B
B800B7
B0
0000
0003
0169
00000006
0001
0000
00E7
016A
00000016
0002
0000
0006
01CD
01CE
0000
0000
0006
01CF
01D0
0001
0192
00000016
0002
0000
0006
01CD
01D1
0000
0000
0006
01CF
01D2
0001
0194
00000002
01D3
016F
0000000F
0002
01D4
0000
0170
0001
00010171
73
00BB
