0A
07
0A
08
0A
08
0A
08
0A
0A
0A
08
08
08
0B
0B
08
08
09
08
0B
08
0A
08
08
08
08
08
08
08
08
0B
08
08
08
08
08
08
08
08
08
08
08
0B
07
0A
0A
08
0A
08
08
08
0B
09
0B
0B
0B
0B
0B
0B
0A
09
0B
09
0B
08
08
0B
0A
0B
0B
0B
07
0B
07
08
08
08
0B
07
0A
08
08
08
08
08
08
0B
0B
08
0B
08
0B
08
08
08
0B
08
0B
0B
0B
08
07
0B
0A
08
0B
08
08
0A
08
08
08
0B
09
07
0B
08
08
0A
08
08
08
08
0A
0A
0A
08
08
08
08
08
08
08
08
0B
0A
08
08
08
08
08
08
08
08
08
08
08
08
08
08
08
08
0A
08
07
0A
0B
07
0A
0A
07
0A
0A
07
0A
0B
07
08
0B
0B
0A
08
07
07
0A
0B
0B
0A
0B
08
08
0B
0A
0B
0B
0B
0B
08
0B
08
0B
0B
07
0B
07
08
0B
08
08
08
0B
09
0A
08
07
0A
09
0A
0A
0A
07
0B
0A
07
0A
0A
0B
08
0A
08
0B
0B
08
08
09
09
0A
08
07
07
0B
07
0B
07
0B
07
0B
07
0B
07
0B
07
07
0B
07
07
0B
07
0B
07
0B
08
07
0B
0B
07
07
0A
07
0A
0A
07
0A
0A
0A
0A
0A
0A
0A
07
08
07
0A
0A
07
07
01
01
01
01
01
01
01
01
01
01
01
01
01
01
01
01
01
01
01
01
01
01
01
01
01
01
01
01
01
01
01
01
01
01
01
01
01
01
01
01
01
01
01
01
01
01
01
01
01
01
01
01
01
01
01
01
01
01
01
01
01
01
01
01
01
01
01
01
01
01
01
01
01
01
01
01
01
01
01
01
01
01
01
01
01
01
01
01
01
01
01
01
01
01
01
01
01
01
01
01
01
01
01
01
01
01
01
01
01
01
01
01
01
01
01
01
01
01
01
01
01
01
01
01
01
01
01
01
01
01
01
01
01
01
01
01
01
01
01
01
01
01
01
01
07
01
01
01
01
01
01
01
01
01
01
01
01
07
01
01
01
01
01
01
01
01
01
01
01
01
01
01
01
01
01
01
01
01
01
01
01
01
01
01
01
01
01
01
01
01
01
01
01
01
01
01
01
01
01
01
01
01
01
01
01
01
01
01
01
01
01
01
01
01
01
01
01
01
01
01
01
01
01
01
01
01
01
01
01
01
01
01
01
01
01
01
01
01
01
01
01
01
01
01
01
01
01
01
01
01
01
01
01
01
01
01
01
01
01
01
01
01
01
01
01
01
01
01
01
01
01
01
01
01
01
01
01
01
01
01
01
01
01
01
01
01
01
01
01
01
01
01
01
01
01
01
01
01
0C
01
01
0C
01
0C
01
0C
0C
07
0C
01
01
01
0C
07
0C
01
01
0C
01
07
0C
01
07
0C
01
01
01
01
01
01
01
01
0C
01
01
01
01
01
01
01
01
01
01
01
0C
01
0C
01
0C
01
01
01
0C
0C
07
0C
0C
0C
0C
0C
0C
07
0C
0C
07
0C
07
0C
0C
01
01
0C
0C
0C
07
0C
0C
01
0C
01
01
01
01
0C
01
0C
01
01
01
01
01
01
0C
01
01
0C
01
01
01
0C
01
0C
01
01
0C
0C
01
01
01
0C
01
01
01
0C
0C
01
07
0C
01
01
0C
01
01
01
01
0C
07
0C
01
01
01
01
01
01
01
01
0C
0C
01
01
01
01
01
01
01
01
01
01
01
01
01
01
01
01
0C
01
01
0C
01
0C
07
0C
01
0C
0C
01
01
01
0C
0C
01
01
01
07
0C
07
0C
0C
0C
01
01
0C
07
0C
0C
01
0C
01
0C
0C
01
07
0C
01
01
01
01
01
0C
0C
07
0C
01
01
0C
07
0C
07
0C
0C
01
0C
0C
01
0C
0C
07
0C
01
0C
01
0C
0C
01
01
07
0C
0C
0C
01
01
01
01
01
01
01
01
01
01
01
01
01
01
01
01
0C
0C
01
01
07
0C
01
0C
01
0C
0C
0C
0C
0C
0C
01
01
01
07
0C
0C
01
01
07
01
07
01
01
01
01
01
01
01
01
01
01
01
01
01
01
01
01
01
01
01
01
01
01
01
01
01
01
01
01
01
01
01
01
01
01
01
01
01
01
01
01
01
01
01
01
01
01
01
01
01
01
01
01
01
01
01
01
01
01
01
01
01
01
01
01
01
01
01
01
01
01
01
01
01
01
01
01
01
01
01
01
01
01
01
01
01
01
01
01
01
01
01
01
01
01
01
01
01
01
01
01
01
01
01
01
01
01
01
01
01
01
01
01
01
01
01
01
01
01
01
01
01
01
01
01
01
01
01
01
01
01
01
01
01
01
01
01
01
01
0001
01C8
01DD
0001
0128
0000029A
0003
000D
00000116
01
4D
2B
B900B90100
4E
2D
01
B8003D
9A0007
04
A70004
03
3604
1504
990034
BB0002
59
B70003
3A05
2B
B900B90100
3A06
1906
B900B20100
3A07
2A
1907
B600B3
3A08
1905
1908
1206
B60007
1905
4D
A700C9
01
3A05
2B
B900BA0100
3A06
1906
01
B8003D
9A0007
04
A70004
03
3607
1507
990039
BB0002
59
B70003
3A08
1908
120D
B60005
1908
12B5
B60005
2B
B900BA0100
3A09
1908
1909
120D
B60007
1908
12B6
B60005
1908
3A05
A70070
01
3A08
2B
B900BB0100
3609
1509
B800B8
01
B8003D
9A0007
04
A70004
03
360A
150A
99003C
BB0002
59
B70003
3A0B
190B
120D
B60005
190B
12B5
B60005
2B
B900BB0100
360C
190B
150C
B800B8
120D
B60007
190B
12B6
B60005
190B
3A08
A70010
BB0002
59
B70003
3A0B
190B
3A08
1908
3A05
1905
4D
2C
B0
0000
0002
0129
000000A2
0028
0000
032C
0002
032D
0009
032E
0018
032F
001D
0330
0026
0331
002E
0332
0037
0333
003F
0334
0048
0335
004B
0336
004E
0337
0051
0338
0059
0339
0069
033A
006E
033B
0077
033C
007E
033D
0085
033E
008D
033F
0096
0340
009D
0341
00A1
0342
00A4
0343
00A7
0344
00AF
0345
00C2
0346
00C7
0347
00D0
0348
00D7
0349
00DE
034A
00E6
034B
00F2
034C
00F9
034D
00FD
034E
0100
034F
0109
0350
010D
0352
0111
0354
0114
0356
012A
000000CA
0014
0026
0025
0133
0134
0005
002E
001D
01CA
01CB
0006
0037
0014
01CC
01CD
0007
003F
000C
01CE
014D
0008
0077
002A
01CF
0134
0008
008D
0014
01D0
0130
0009
00D0
002D
01D1
0134
000B
00E6
0017
01D2
01D3
000C
0109
0004
01D4
0134
000B
00A7
006A
01D5
014D
0008
00AF
0062
01D6
01D3
0009
00C2
004F
01D7
0168
000A
0051
00C3
01D8
014D
0005
0059
00BB
01D9
0130
0006
0069
00AB
0178
0168
0007
0000
0116
012B
012C
0000
0000
0116
01A2
01A3
0001
0002
0114
0165
014D
0002
0009
010D
01DC
01CB
0003
0018
00FE
0167
0168
0004
