0A
07
0A
09
07
0A
09
07
0A
09
0A
0A
0A
07
0A
0A
07
0A
07
0A
08
08
0A
08
0A
0A
0A
0A
0A
0A
0A
07
0A
0B
0B
0A
0A
0A
0A
0A
0A
0A
0A
09
0B
0B
0B
07
0A
0B
0A
0A
0A
0A
0B
09
09
09
09
09
09
09
0A
0A
09
0A
0A
0A
0A
0A
0B
0A
0B
09
09
0A
0A
0B
0B
0A
0A
0A
09
09
0A
09
0A
0A
09
0A
09
0A
0A
0A
09
0A
0A
09
09
09
0A
07
07
01
01
01
01
01
01
01
01
01
01
01
01
01
01
01
07
01
01
01
01
01
01
01
01
01
01
01
01
01
01
01
01
01
01
01
01
01
01
01
01
01
01
01
01
01
01
01
01
01
01
01
01
01
01
01
01
01
01
01
01
01
01
01
01
01
01
01
07
07
07
01
01
01
01
01
01
01
01
01
01
01
01
01
01
01
01
01
01
01
01
01
01
01
01
01
01
01
01
01
01
01
01
01
01
01
01
01
01
01
01
01
01
01
01
01
01
01
01
01
01
01
01
07
07
01
01
01
01
01
01
01
01
01
01
01
01
01
01
01
01
01
01
01
01
01
01
01
01
01
01
01
01
01
01
01
01
01
01
01
01
01
01
01
01
01
01
01
01
01
01
01
01
01
01
01
01
01
01
01
01
01
07
01
01
01
01
01
01
01
01
01
01
01
01
01
01
01
01
01
01
01
01
01
01
01
01
01
01
01
01
01
01
01
01
01
01
03
0C
01
0C
01
0C
07
01
0C
0C
0C
0C
01
0C
0C
01
01
0C
01
01
07
0C
01
0C
0C
0C
0C
0C
0C
0C
01
0C
07
0C
0C
0C
0C
0C
0C
0C
0C
0C
0C
0C
07
0C
0C
01
0C
07
0C
0C
07
07
0C
07
0C
0C
0C
0C
0C
0C
0C
07
0C
0C
0C
0C
0C
07
07
0C
0C
0C
0C
0C
0C
0C
0C
0C
0C
0C
0C
0C
0C
0C
0C
0C
0C
0C
0C
0C
01
01
01
01
01
01
01
01
01
01
01
01
01
01
01
01
01
01
01
01
01
01
01
01
01
01
01
01
01
01
01
01
01
01
01
01
01
01
0001
0124
0106
0001
0095
0000003E
0002
0002
00000006
2A
2B
B50053
B1
0000
0002
0096
0000000A
0002
0000
015A
0005
015B
0097
00000016
0002
0000
0006
0098
0099
0000
0000
0006
0080
007F
0001
