0A
07
0C
01
01
01
07
01
07
01
12
0C
01
01
0A
0C
01
09
0C
01
01
0A
0C
01
01
09
0C
01
01
0B
07
0C
01
01
01
0B
07
0C
01
01
09
0C
01
09
0C
01
01
09
0C
01
01
09
0C
01
05
09
0C
01
01
0A
0C
01
01
07
01
0A
0C
01
0A
0C
01
01
09
0C
01
0A
0A
0C
01
01
0A
07
0C
01
01
01
0A
0C
01
01
0A
0C
01
0A
0C
01
0A
0C
01
01
0A
07
0C
01
01
01
0A
0C
01
01
04
0A
0C
01
07
01
01
01
03
01
03
01
04
01
04
01
04
01
05
01
03
01
01
01
01
01
01
01
01
01
01
01
01
01
01
01
01
01
01
01
01
01
01
01
01
01
01
01
01
0F
0A
07
0C
01
01
01
10
0F
0A
0C
01
07
01
07
01
01
0001
0050
0051
0001
0087
00000032
0001
0001
00000008
2A
B40012
B6004E
AC
0000
0002
0088
00000006
0001
0000
005D
0089
0000000C
0001
0000
0008
008A
008B
0000
