0A
09
07
0A
07
08
0A
0A
07
0A
0B
07
0A
08
0A
08
0A
07
01
01
01
01
01
01
01
01
01
01
01
01
01
01
01
01
01
01
01
01
01
01
01
01
01
01
01
01
01
01
01
0C
0C
01
01
07
0C
0C
01
07
0C
01
01
0C
01
0C
01
01
01
01
01
01
01
01
01
0009
0020
0021
0002
0017
00000062
0003
0002
00000014
BB0003
59
B70004
4C
2B
2A
1206
B80007
B60008
2B
B0
0000
0003
0018
0000000E
0003
0000
0028
0008
0029
0012
002A
0019
00000016
0002
0000
0014
0022
0023
0000
0008
000C
0024
001B
0001
0025
0000000C
0001
0000
0014
0022
0026
0000
0027
00000002
0028
