0A
09
09
09
0A
0A
09
0B
08
0A
0A
12
0A
0A
08
0B
07
0A
0A
0A
09
0A
0A
12
0A
12
0A
0B
07
0B
0B
08
07
0A
0B
0B
0B
0A
0B
08
0B
0A
12
0A
08
0B
07
0A
08
05
0A
07
01
01
01
01
01
01
01
01
01
01
01
01
01
01
01
01
01
01
01
01
01
01
01
01
01
01
01
01
01
01
01
01
01
01
01
01
01
01
01
01
01
01
01
01
01
01
01
07
07
07
07
07
07
07
01
01
01
01
01
01
01
01
01
01
01
01
01
01
01
01
01
01
01
01
0C
0C
0C
0C
07
0C
07
0C
0C
07
0C
01
07
0C
07
0C
01
0F
10
0F
10
0C
0C
0C
01
0C
01
0C
07
0C
07
0C
0C
0C
0C
0F
10
0C
0C
10
0F
10
0C
0C
07
0C
01
0C
0C
01
01
07
0C
0C
07
0C
07
0C
0C
07
0C
01
0C
0C
0F
0C
0C
01
0C
01
07
0C
01
07
0C
01
01
01
01
01
01
01
01
01
01
01
01
01
01
01
01
01
01
01
01
0A
01
0A
01
01
01
01
01
01
01
01
01
01
01
01
01
01
01
01
01
01
01
01
01
01
01
01
01
01
01
01
01
01
01
01
01
01
01
01
01
01
01
01
01
01
01
01
0A
01
01
01
01
01
01
01
01
01
07
0C
07
0C
0C
01
01
07
01
01
01
01
01
07
01
01
0400
0076
0077
0001
003F
00000002
0078
