01
07
01
01
07
01
07
01
01
07
01
07
01
01
01
01
01
01
01
01
01
08
01
01
0C
0B
01
10
01
01
0C
0B
0F
10
01
07
01
01
0C
0A
0F
01
01
0C
12
01
07
01
0C
0A
01
01
0C
0B
01
01
01
01
01
01
01
01
01
01
01
01
01
01
07
0C
09
01
08
01
07
01
01
0C
0B
01
01
0C
0B
01
01
0C
0B
01
07
01
01
0C
0A
01
07
01
01
0C
0A
01
07
01
01
0C
0A
01
01
0C
0B
01
01
0C
0A
01
07
01
01
0C
0A
01
01
0C
0A
01
07
01
01
0C
0B
01
01
0C
0B
0F
01
10
01
01
0C
12
01
07
01
01
0C
0A
01
01
01
01
01
01
01
01
01
07
01
01
0C
09
01
01
0C
0B
01
01
01
07
01
0C
0A
01
07
0C
0B
01
01
01
07
01
01
0C
0A
01
01
01
01
01
01
01
01
01
01
1002
0082
0083
0001
00B8
00000067
0005
0004
0000000D
2A
2B
2D
B200A0
2C
B900A40500
B1
0000
0003
00B9
00000006
0001
0000
0051
00BA
0000002A
0004
0000
000D
0037
0039
0000
0000
000D
0093
0095
0001
0000
000D
0096
0098
0002
0000
000D
00A5
00A6
0003
00BB
0000000C
0001
0000
000D
0037
0038
0000
