0A
07
0A
09
0A
0A
07
0A
0A
07
0A
0A
0B
0B
0A
0A
08
0A
0A
0A
0A
07
0A
07
0A
0A
07
07
01
01
01
01
01
01
01
01
01
01
01
01
01
01
01
01
01
01
01
01
01
01
01
01
01
01
01
01
01
01
01
01
01
01
01
01
01
01
01
01
01
01
01
01
01
01
01
01
01
01
01
01
01
01
01
01
01
01
01
01
01
01
01
01
01
01
01
01
01
01
01
01
01
01
01
01
01
01
01
01
01
01
01
01
01
01
01
01
01
01
01
01
01
01
01
0C
01
0C
0C
0C
01
0C
0C
01
0C
07
0C
0C
07
0C
0C
01
0C
0C
0C
01
0C
01
0C
0C
01
01
01
01
01
01
01
01
01
01
01
01
01
01
01
01
01
01
01
0001
0032
0033
0001
0021
000000A3
0002
0003
00000045
BB000A
59
B7000B
4C
2A
B6000C
4D
2C
B9000D0100
99002D
A70021
2B
2C
B9000E0100
B6000F
B60010
57
2C
B9000D0100
99000A
2B
1211
B60010
57
2C
B9000D0100
9AFFDC
2B
B60012
B0
0000
0002
0022
00000026
0009
0000
0057
0008
0058
000D
0059
0016
005A
0019
005B
0027
005C
0030
005D
0037
005A
0040
0062
0023
00000020
0003
0000
0045
0024
0025
0000
0008
003D
0034
0035
0001
000D
0038
0036
0037
0002
