0A
09
0A
08
08
08
08
08
08
08
08
0A
0A
08
08
08
08
08
08
08
08
08
08
08
08
08
08
08
08
08
08
08
08
08
0A
08
09
09
09
0A
08
08
08
08
08
08
08
08
08
08
08
08
07
07
01
01
01
01
01
01
01
01
01
01
01
01
01
01
01
07
01
01
01
01
01
01
01
01
01
01
01
01
01
01
01
01
01
01
01
01
01
01
01
01
01
01
01
01
01
01
01
01
01
01
01
01
01
01
01
01
01
01
01
01
01
0C
0C
07
0C
01
01
01
01
01
01
01
01
07
0C
0C
01
01
01
01
01
01
01
01
01
01
01
01
01
01
01
01
01
01
01
01
01
0C
01
07
0C
0C
07
0C
0C
01
01
01
01
01
01
01
01
01
01
01
01
01
01
01
01
01
01
01
01
01
01
01
01
01
01
0011
005B
0042
0002
003B
00000054
0002
0002
0000001C
2A
B40002
1217
B60003
2A
B40002
2B
B60003
2A
B40002
121A
B60003
2A
B0
0000
0002
003C
0000000A
0002
0000
0090
001A
0091
003D
00000016
0002
0000
001C
003E
003F
0000
0000
001C
0041
0044
0001
0045
00000004
0001
0046
