01
07
01
07
01
07
01
01
01
01
01
01
01
01
01
01
01
01
0C
0A
01
01
0C
0A
01
01
0C
0A
0C
09
01
01
01
01
03
01
07
01
07
01
01
0C
0B
01
01
01
07
01
01
01
07
01
01
0C
0A
01
07
01
07
01
01
0C
0A
03
03
01
0C
0B
01
07
01
0C
0A
01
01
01
07
01
03
03
01
07
0A
01
01
01
08
01
01
0C
0A
01
01
01
01
01
01
08
03
0C
0B
01
01
01
03
03
01
01
0C
0B
01
07
01
01
0C
0A
01
07
01
01
01
01
01
01
03
03
03
01
01
0C
0B
01
01
01
01
01
07
01
0C
0A
01
01
0C
0A
03
01
07
01
0C
0A
03
03
01
01
0C
0A
01
07
01
07
01
01
01
01
01
03
01
07
01
07
0A
01
0C
0B
01
07
03
03
03
01
01
01
01
03
03
01
07
01
0C
0B
01
01
03
01
01
0C
0A
03
01
0C
0B
01
01
0C
0A
03
03
01
01
01
0C
0A
01
01
0C
0A
0C
09
01
07
01
01
0C
0A
01
0C
0A
01
07
01
01
01
01
0A
01
0C
0B
01
01
01
0C
0B
01
01
01
0C
0B
01
01
07
0A
0C
09
01
01
01
01
01
08
01
08
01
08
01
08
08
01
08
08
01
08
01
08
01
08
01
08
01
08
01
08
01
01
03
0C
0A
01
07
01
0C
0A
0C
09
01
07
0A
0C
0A
0A
01
0C
09
01
01
01
01
01
01
01
01
01
01
01
0001
0067
007A
0001
0134
00000058
0001
0004
00000008
B80018
4E
2B
B0
00
BF
0000
0003
0135
00000020
0003
0000
0006
001F
0020
0000
0000
0006
0077
007B
0001
0000
0006
0078
0079
0002
0136
00000006
0001
0004
003F
0137
0000000C
0001
FF
0006
0000
0001
07
002F
