01
07
01
07
01
01
07
01
01
01
03
01
01
01
01
01
01
01
01
01
01
01
01
0C
0A
0C
09
01
0C
09
0C
09
0C
09
0C
09
0C
09
01
01
01
01
01
07
01
01
0C
0B
01
07
01
01
0C
0A
07
01
01
0C
0B
01
01
01
01
01
0C
0A
01
01
0C
09
01
0C
09
01
0C
09
01
0C
0A
01
01
01
01
01
01
01
01
01
03
01
0C
0A
01
0C
0A
01
01
01
01
01
01
01
01
0001
0057
0058
0001
0062
0000003F
0005
0002
0000000B
2A
2B
03
2B
BE
1259
B6005C
AC
0000
0002
0063
00000016
0002
0000
000B
0027
0028
0000
0000
000B
0010
0011
0001
0064
00000006
0001
0000
05C2
