0A
07
0A
0A
0A
07
0A
0A
0A
0A
07
03
0A
0A
0A
0A
0A
0A
0A
0A
0A
07
08
0A
07
0A
08
0A
0A
0A
0B
0A
0A
07
07
07
01
01
01
01
01
01
01
01
01
01
01
01
01
01
01
01
01
01
01
01
01
01
01
01
01
01
01
01
01
01
01
01
07
01
01
01
01
01
01
01
01
01
01
01
01
01
01
01
01
01
01
01
01
01
01
01
07
01
01
01
01
01
01
01
01
01
01
01
07
01
07
01
01
01
01
01
01
01
01
01
01
01
0C
01
07
0C
07
0C
01
0C
0C
0C
01
0C
0C
0C
0C
0C
0C
0C
0C
0C
01
01
0C
01
01
0C
0C
0C
0C
07
0C
0C
01
01
01
01
01
01
01
01
01
01
01
01
01
01
01
01
01
01
01
01
01
01
01
01
01
01
01
01
01
01
0001
0073
003D
0001
0027
0000003E
0001
0001
00000002
02
AC
0000
0003
0028
00000006
0001
0000
0147
0029
0000000C
0001
0000
0002
002A
002B
0000
002C
0000000C
0001
0000
0002
002A
002D
0000
