0A
07
0A
09
0A
0A
07
0A
0A
07
0A
0A
0B
0B
0A
0A
08
0A
0A
0A
0A
07
0A
07
0A
0A
07
07
01
01
01
01
01
01
01
01
01
01
01
01
01
01
01
01
01
01
01
01
01
01
01
01
01
01
01
01
01
01
01
01
01
01
01
01
01
01
01
01
01
01
01
01
01
01
01
01
01
01
01
01
01
01
01
01
01
01
01
01
01
01
01
01
01
01
01
01
01
01
01
01
01
01
01
01
01
01
01
01
01
01
01
01
01
01
01
01
01
01
01
01
01
01
01
0C
01
0C
0C
0C
01
0C
0C
01
0C
07
0C
0C
07
0C
0C
01
0C
0C
0C
01
0C
01
0C
0C
01
01
01
01
01
01
01
01
01
01
01
01
01
01
01
01
01
01
01
0001
0046
0047
0001
0021
0000003E
0002
0002
00000006
2A
2B
B6001A
B1
0000
0002
0022
0000000A
0002
0000
00AB
0005
00AC
0023
00000016
0002
0000
0006
0024
0025
0000
0000
0006
003A
0048
0001
