0A
09
09
09
09
03
09
09
09
09
09
09
09
09
09
0A
0A
09
09
07
0A
0A
07
07
0A
08
0A
0A
08
0A
0A
09
08
07
0A
0B
05
08
09
0A
09
0B
07
0A
0B
08
0A
08
08
0B
0A
08
0A
08
0A
0A
0A
0A
07
0A
0B
0B
0B
07
0A
0B
0A
07
07
07
01
01
01
01
01
01
01
01
01
01
01
01
01
01
01
01
01
01
01
01
01
01
01
01
01
01
01
01
01
01
01
01
01
01
01
01
01
01
03
01
01
01
01
01
01
01
01
01
01
01
01
01
01
01
01
01
01
01
01
01
01
01
01
01
01
07
01
01
01
01
01
01
01
01
01
01
01
01
01
01
01
01
07
01
01
01
01
01
01
01
01
01
01
01
01
01
01
01
01
01
01
01
01
01
01
01
01
01
01
01
01
01
01
01
01
01
01
07
07
07
01
01
0C
0C
0C
0C
0C
0C
0C
0C
0C
0C
0C
0C
0C
0C
0C
0C
0C
0C
01
07
0C
0C
01
01
01
0C
0C
01
0C
0C
0C
01
01
07
0C
07
0C
01
0C
0C
0C
07
0C
01
0C
0C
01
0C
01
01
0C
0C
01
0C
01
0C
07
0C
0C
07
0C
01
07
0C
07
0C
0C
01
0C
0C
0C
01
01
01
01
01
01
01
01
01
01
01
01
01
01
01
01
01
01
01
01
01
01
01
01
01
01
01
01
01
01
01
01
01
01
01
01
01
01
01
01
01
01
01
01
01
01
01
01
01
01
01
01
01
01
01
01
0001
00AA
00AD
0001
0075
00000049
0003
0003
00000007
2B
2C
2A
B80039
B1
0000
0002
0076
0000000A
0002
0000
0096
0006
0097
0077
00000020
0003
0000
0007
0078
0079
0000
0000
0007
00AB
00AC
0001
0000
0007
00AE
00AF
0002
