0A
07
0C
01
01
01
07
01
0A
09
07
0C
01
01
01
09
0C
01
01
09
0C
01
01
09
0C
01
01
0B
07
0C
01
01
01
0A
0C
01
01
0A
07
0C
01
01
01
0A
0C
01
01
07
01
0A
08
01
0A
0C
01
01
08
01
0A
0C
01
01
08
01
08
01
08
01
08
01
08
01
0A
0C
01
01
08
01
0A
08
01
0A
07
0C
01
01
01
09
0C
01
01
0B
07
0C
01
01
07
01
0A
09
0C
01
01
09
0C
01
01
0A
07
0C
01
01
01
07
01
08
01
0A
0A
0C
01
01
0A
0C
01
0A
07
0C
01
01
01
0A
07
0C
01
01
01
0B
07
0C
01
01
01
0B
07
0C
01
01
0B
0C
01
01
07
01
09
0C
01
0B
0C
01
0A
0C
01
08
01
0A
0A
0A
0C
01
01
08
01
08
01
0A
0C
01
08
01
0A
07
0C
01
01
01
08
01
08
01
08
0A
0C
01
08
01
08
0A
0C
01
08
01
0A
0C
01
01
0A
07
0C
01
01
01
0A
0C
01
0A
07
01
0A
07
0C
01
01
01
0A
07
0C
01
01
01
0A
0C
01
0A
0A
12
0C
01
01
01
01
01
01
01
01
01
01
01
01
01
01
01
01
01
01
01
01
01
01
01
01
01
01
01
01
01
01
01
01
01
01
01
01
01
01
01
01
01
01
01
01
01
01
01
01
01
01
01
01
01
01
01
01
01
01
01
01
01
01
01
01
01
01
01
01
07
01
01
01
01
01
01
01
01
07
01
07
01
07
01
01
10
0F
0A
0C
10
0F
0A
07
0C
01
01
01
01
01
07
01
01
01
01
07
01
07
01
01
0001
0012
0100
0001
00FB
0000003F
0002
0002
00000007
2A
2B
B50010
2A
B0
0000
0002
00FC
0000000A
0002
0000
0087
0005
0088
00FD
00000016
0002
0000
0007
00FE
00FF
0000
0000
0007
0012
0013
0001
