0A
0A
07
0A
09
07
0A
09
07
0A
09
0A
0A
09
0B
0A
0A
09
0A
09
0A
07
0A
07
08
09
0B
0A
08
0B
07
08
0A
08
08
08
08
09
08
0A
07
0A
0A
0A
07
0A
0A
0A
0A
08
0A
07
0A
09
0B
0A
08
0A
0A
0B
0A
0B
0B
0B
07
0A
09
0A
09
0A
0B
07
0A
0A
09
0A
07
09
07
0A
08
0A
08
0A
0A
0A
07
0A
0A
0A
0B
0B
0B
0A
07
09
09
08
0A
08
0A
0B
0A
0A
09
0B
08
0A
08
08
0B
0B
07
0A
0A
0A
09
09
07
07
0B
07
0A
0A
07
07
08
0A
07
08
0A
07
07
07
07
01
01
01
01
01
01
01
01
01
01
01
01
01
01
01
01
01
01
01
01
01
01
01
01
01
01
01
01
01
01
01
01
01
01
01
08
01
01
01
01
01
01
01
01
01
01
01
01
01
07
07
01
01
01
01
01
01
01
01
01
07
07
07
07
01
01
01
01
01
01
01
01
01
01
01
01
01
07
07
01
07
01
01
01
01
01
01
01
01
01
01
01
01
01
07
07
07
07
01
01
01
01
01
01
01
01
01
01
01
01
01
01
01
01
01
01
01
01
07
07
01
01
01
01
01
01
01
03
0C
0C
01
0C
0C
01
0C
0C
01
0C
0C
0C
0C
07
0C
0C
0C
0C
0C
07
0C
0C
01
01
01
0C
07
0C
0C
01
0C
01
01
0C
01
01
01
01
07
0C
01
0C
01
07
0C
0C
01
0C
0C
0C
0C
01
07
0C
01
0C
07
0C
0C
01
0C
07
0C
0C
07
0C
07
0C
0C
01
0C
07
0C
0C
0C
07
0C
01
0C
0C
07
0C
0C
01
0C
01
0C
01
0C
01
07
0C
07
0C
0C
01
07
0C
0C
0C
07
0C
0C
0C
07
0C
01
0C
07
0C
01
07
0C
01
0C
0C
0C
0C
0C
07
0C
01
0C
01
01
0C
01
0C
0C
0C
01
01
07
0C
01
0C
01
01
01
0C
01
01
0C
01
01
01
01
01
01
01
01
01
01
01
01
01
01
01
01
01
01
01
01
01
01
01
01
01
01
01
01
01
01
01
01
01
01
01
01
01
01
01
01
01
01
01
01
01
01
01
01
01
01
01
01
01
01
01
01
01
01
01
01
01
01
01
01
01
01
01
01
01
01
01
01
01
01
01
01
01
01
01
01
01
01
01
01
01
01
01
01
01
01
01
01
01
01
01
01
01
01
01
01
01
01
01
01
01
01
01
01
01
01
01
01
01
01
01
01
01
01
01
01
01
01
01
0009
00ED
00EE
0001
00B2
00000048
0002
0001
00000011
2A
126B
B6006C
990008
126D
A70005
126E
B0
0000
0003
00B3
00000006
0001
0000
00FC
00B4
0000000C
0001
0000
0011
00EF
008C
0000
00B8
00000007
0002
0E
41
07
00E8
