09
0A
07
07
0A
09
07
08
0A
09
0A
09
09
09
09
09
09
09
09
09
07
08
0A
0A
0A
0A
0B
07
0A
0A
07
0A
08
0A
09
0A
08
0A
08
08
08
08
08
08
08
08
07
0A
0A
07
07
01
01
01
01
01
01
01
01
01
01
01
01
01
01
01
03
01
03
01
03
01
03
01
03
01
03
01
03
01
03
01
07
01
01
01
01
01
01
01
01
01
01
01
01
01
01
01
01
01
01
01
01
01
01
01
01
01
01
01
01
01
01
01
01
01
01
01
01
01
01
01
01
01
01
01
01
01
01
01
0C
07
0C
07
01
0C
0C
01
01
0C
0C
0C
0C
0C
0C
0C
0C
0C
0C
0C
0C
01
01
0C
0C
0C
07
0C
07
01
0C
07
0C
01
0C
01
0C
0C
0C
0C
01
0C
0C
01
01
07
01
01
01
01
01
01
01
01
01
01
01
01
01
01
01
01
01
01
01
01
01
0009
0060
0061
0001
005E
00000034
0002
0001
0000000A
1204
2A
B80005
C00004
B0
0000
0002
005F
00000006
0001
0000
005E
0062
0000000C
0001
0000
000A
0063
0064
0000
