0A
0A
07
0A
0A
09
03
0A
07
07
01
01
01
01
01
01
01
01
01
01
01
01
01
01
01
01
01
01
01
01
01
01
01
07
01
01
01
01
01
01
01
01
01
01
01
01
01
01
01
01
01
0C
0C
01
0C
0C
0C
0C
01
01
01
01
01
01
01
01
0019
000D
000E
0001
000F
0000007A
0002
0006
00000016
2A
2D
B60001
3A04
2C
2B
B60001
3A05
1904
1905
B60002
B0
0000
0002
0010
0000000E
0003
0000
0020
0007
0021
000E
0022
0011
0000003E
0006
0000
0016
0012
0013
0000
0000
0016
0014
0013
0001
0000
0016
0015
0013
0002
0000
0016
0016
0013
0003
0007
000F
0017
0013
0004
000E
0008
0018
0013
0005
