0A
07
0C
01
01
01
0B
07
0C
01
01
01
0B
07
0C
01
01
01
07
01
0B
0C
01
0B
0C
01
0A
07
0C
01
01
01
0B
0C
01
01
07
01
0A
07
0C
01
01
01
0A
07
0C
01
01
0A
0C
01
07
01
0A
0C
01
0A
0C
01
0A
0C
01
0A
0C
01
0A
0C
08
01
0A
0C
01
07
01
0A
0C
01
07
01
0A
0C
01
07
01
0A
0C
01
07
01
0A
0C
01
07
01
01
01
01
01
01
01
01
01
01
01
01
01
01
01
01
01
01
01
01
01
01
01
01
01
01
01
01
01
01
01
01
01
01
01
01
01
01
01
01
01
01
01
01
01
01
01
01
01
01
01
01
01
01
01
01
01
01
07
01
01
07
01
01
01
0004
0088
0089
0002
0060
00000050
0004
0002
0000000A
BB004A
59
2A
2B
B7004C
B0
0000
0003
0061
00000006
0001
0000
0064
0062
00000016
0002
0000
000A
0063
0064
0000
0000
000A
008A
008B
0001
0067
0000000C
0001
0000
000A
0063
0068
0000
006A
00000002
008C
