0A
0A
09
09
09
0A
09
09
09
09
09
09
07
08
0A
09
09
09
0A
0A
0A
0A
07
07
07
07
01
01
01
01
01
01
01
01
01
01
01
01
01
01
01
01
01
01
01
01
01
01
01
01
01
01
01
01
01
01
01
01
01
01
01
01
01
01
01
01
01
01
01
01
01
01
01
01
01
01
01
01
07
07
07
01
01
01
01
01
01
01
01
01
01
01
01
0C
0C
0C
0C
0C
0C
07
0C
0C
0C
01
01
0C
0C
0C
0C
0C
0C
01
01
01
01
01
01
01
01
01
01
01
01
01
01
01
0001
0021
0029
0001
0023
00000033
0001
0001
00000005
2A
B70001
B1
0000
0002
0024
0000000A
0002
0000
0031
0004
0032
0025
0000000C
0001
0000
0005
0026
0027
0000
