0A
09
09
07
0A
0A
0B
0A
0A
07
07
01
01
01
01
01
01
01
01
01
01
01
01
01
01
01
01
01
01
01
01
01
01
01
01
01
01
01
01
01
01
01
01
01
01
0C
0C
0C
01
0C
0C
07
0C
0C
0C
01
01
01
01
01
01
01
0001
001F
0020
0002
0014
0000007D
0003
0002
00000021
BB0004
59
05
B70005
4C
2B
2A
B60006
B900070200
57
2B
2A
B60008
B900070200
57
2B
B0
0000
0003
0015
00000012
0004
0000
002A
0009
002B
0014
002C
001F
002D
0016
00000016
0002
0000
0021
0017
0018
0000
0009
0018
0021
0022
0001
001B
00000016
0002
0000
0021
0017
001C
0000
0009
0018
0021
0023
0001
000E
00000002
0024
