01
07
01
07
01
01
0C
0A
01
01
01
01
01
01
08
01
07
01
01
0C
0A
01
07
01
0C
0A
01
01
01
01
08
01
0C
0A
01
01
01
01
0C
0A
01
0A
01
01
01
01
03
03
01
01
03
01
01
01
01
01
01
01
01
01
07
01
01
01
01
01
01
01
01
01
01
01
01
0011
001C
001D
0005
0040
0000003F
0002
0002
0000000B
2B
121F
B80015
2B
B80022
B0
0000
0002
0041
00000006
0001
0006
0031
0042
00000016
0002
0000
000B
0009
000A
0000
0000
000B
001C
0023
0001
0043
00000002
001E
0044
00000006
0001
000E
0000
0045
00000007
01
0001
000E
0000
0046
00000005
01
001C
0000
