0A
0A
07
08
09
09
09
08
0B
07
07
0A
07
08
0A
0A
0A
08
07
08
08
08
08
0B
12
12
0A
0B
07
07
07
01
01
01
01
01
01
01
01
01
01
01
01
01
01
01
01
01
01
01
01
01
01
01
01
01
01
01
01
01
01
01
01
01
01
01
01
01
01
01
01
07
01
01
01
01
01
01
0C
07
01
01
0C
0C
0C
01
0C
01
01
01
01
01
0C
07
0C
07
0C
01
01
01
01
01
07
0C
01
0F
10
0F
10
0C
0F
07
0C
0C
01
01
01
01
01
01
01
01
01
01
01
01
01
01
01
01
01
0A
01
0A
01
01
0A
01
01
01
01
01
07
0C
0C
0C
01
01
07
01
01
07
01
01
0008
004C
002F
0001
0030
000000B0
0007
0000
00000078
04
BD000D
59
03
BB000D
59
120E
03
B7000F
53
B80010
B80011
B30005
06
BD000A
59
03
1204
53
59
04
1212
53
59
05
120E
53
B80010
B80011
B30006
05
BD0013
59
03
05
BD000A
59
03
1214
53
59
04
1215
53
53
59
04
05
BD000A
59
03
1216
53
59
04
1217
53
53
B80018
BA00190000
BA001A0000
B8001B
B9001C0200
C0001D
B30007
B1
0000
0001
0031
00000026
0009
0000
0076
0011
0078
0014
0077
001A
0088
002D
008A
0030
0089
0036
0094
0069
0098
0077
0094
