0A
07
0A
09
09
09
09
07
0A
09
09
09
09
09
09
09
09
09
0A
09
09
09
09
09
09
0B
0A
0A
0B
07
07
0A
0B
07
0A
07
08
0A
07
07
0A
0A
0A
07
07
0A
0B
0B
0B
0B
0B
07
0B
07
07
07
07
07
07
0A
0A
0A
0A
07
07
0A
08
0A
0A
0A
0A
0A
07
08
0A
08
09
0A
0A
08
07
09
08
0A
0A
0B
0A
07
0A
0A
07
01
01
01
01
01
01
01
01
01
01
01
01
01
01
01
01
01
01
01
01
01
01
01
01
01
01
01
01
01
01
01
01
01
01
01
01
01
01
01
01
01
01
01
01
01
01
01
01
01
01
01
01
01
01
01
01
01
01
01
01
01
01
01
01
01
01
01
01
01
01
01
01
01
01
01
01
01
01
01
01
01
01
01
01
01
01
01
01
01
01
01
01
01
01
01
01
01
01
01
01
01
01
01
01
01
01
01
01
01
01
01
01
01
01
01
01
01
01
01
01
01
01
01
01
01
01
01
01
01
01
01
01
01
01
01
01
01
01
01
01
01
01
01
01
01
01
01
01
01
01
01
01
01
01
01
01
01
01
01
01
01
01
01
01
01
01
01
01
01
01
01
01
01
01
01
01
01
01
01
01
01
01
01
01
01
01
01
01
01
01
01
01
01
01
01
0C
01
0C
0C
0C
0C
01
0C
0C
0C
0C
0C
0C
0C
0C
0C
07
0C
0C
0C
0C
0C
0C
0C
0C
0C
0C
0C
01
01
0C
01
07
0C
01
01
0C
01
0C
0C
0C
01
01
0C
0C
0C
07
0C
07
0C
0C
01
0C
01
01
01
01
01
01
0C
07
0C
07
0C
01
01
01
0C
0C
0C
07
0C
01
01
0C
01
07
0C
0C
0C
01
01
0C
01
07
0C
07
0C
0C
01
0C
01
01
01
01
01
01
01
01
01
01
01
01
01
01
01
01
01
01
01
01
01
01
01
01
01
01
01
01
01
01
01
01
01
01
01
01
01
01
01
01
01
01
01
01
01
01
01
01
01
01
01
01
01
01
01
01
01
01
01
0001
0101
0102
0001
008B
0000004F
0003
0003
0000000D
2A
B40010
2B
2C
B9001A0300
57
B1
0000
0002
008C
0000000A
0002
0000
01FA
000C
01FB
008D
00000020
0003
0000
000D
008E
008F
0000
0000
000D
0103
00AC
0001
0000
000D
0104
0105
0002
