09
0A
07
07
0A
09
09
09
09
0A
0A
09
0B
07
0A
0A
07
0A
07
08
0A
09
0A
0A
08
0A
08
07
0A
0A
07
07
01
01
01
01
01
01
01
01
01
03
01
03
01
07
01
01
01
01
01
01
01
01
01
01
01
01
01
01
01
01
01
01
01
01
01
01
01
01
01
01
01
01
01
01
01
01
01
01
01
01
01
01
01
01
01
01
01
01
0C
07
0C
07
01
0C
0C
0C
0C
0C
0C
0C
0C
07
0C
07
01
0C
07
0C
01
0C
01
01
0C
0C
0C
0C
0C
01
0C
0C
01
01
07
01
01
01
01
01
01
01
01
01
01
01
01
01
01
01
01
01
01
01
01
0009
003C
0050
0001
003A
00000058
0003
0001
0000001D
2A
B60012
B8000A
A5000D
BB0013
59
1214
B70015
BF
B20016
2A
B60017
32
B0
0000
0003
003B
0000000E
0003
0000
0251
000A
0252
0014
0255
003E
0000000C
0001
0000
001D
0051
0052
0000
0045
00000003
0001
14
