07
09
09
09
0A
09
05
09
05
09
0B
08
0A
0A
08
09
07
0A
09
07
0A
09
07
0A
09
09
07
0B
0A
0B
0B
0B
0A
0B
07
0B
0B
0B
07
0A
0A
0A
0A
0B
07
0B
0B
0B
0B
0B
08
07
0B
07
07
0A
0A
08
0A
0A
0A
0A
0A
05
0A
07
0B
0A
0A
0A
07
0A
0A
0A
0A
0B
08
0A
0B
0B
0B
0A
0B
0B
0B
0B
0B
0B
07
0A
07
01
01
01
01
01
01
01
01
01
01
01
01
01
01
01
01
01
01
01
01
01
01
01
01
01
01
01
01
01
01
01
01
01
01
01
01
01
01
01
07
07
07
07
01
01
01
01
01
01
01
01
01
01
01
07
07
07
07
01
01
01
01
01
01
01
01
01
01
01
01
01
01
01
01
01
01
01
07
07
07
07
07
07
07
01
01
01
01
07
01
01
01
01
01
01
01
01
01
01
01
01
01
01
01
01
01
07
01
07
01
01
01
01
01
01
01
01
01
01
01
01
01
01
01
0C
0C
0C
0C
0C
0C
0C
07
0C
01
07
0C
07
0C
01
0C
01
0C
01
0C
01
0C
0C
07
01
07
0C
0C
07
0C
0C
0C
0C
0C
01
0C
07
0C
0C
01
0C
07
0C
0C
07
0C
0C
01
07
0C
07
0C
07
0C
01
01
0C
01
01
0C
0C
0C
0C
0C
0C
0C
0C
01
07
0C
0C
0C
01
0C
0C
0C
07
0C
0C
01
07
0C
0C
0C
07
0C
0C
0C
01
07
0C
01
01
01
01
01
01
01
01
01
01
01
01
01
01
01
01
01
01
01
01
01
01
01
01
01
01
01
01
01
01
01
01
01
01
01
01
01
01
01
01
01
01
01
01
01
01
01
01
01
01
01
01
01
01
01
01
01
01
01
01
01
01
01
01
01
01
01
01
01
01
01
01
01
01
01
01
01
01
1008
00D0
00D1
0001
007E
0000002F
0001
0001
00000005
2A
B40004
AC
0000
0002
007F
00000006
0001
0000
0038
0080
0000000C
0001
0000
0005
00D2
0082
0000
