0A
09
09
09
09
09
09
09
09
09
09
09
09
09
09
09
09
09
07
0A
0A
0A
0A
0A
0A
0A
0A
0A
0A
0A
0A
0A
0A
0A
0A
0A
0A
0A
0A
07
0A
08
0A
08
0A
08
08
0A
08
08
08
08
08
08
08
08
08
08
08
08
08
08
0A
07
01
01
01
01
01
01
01
01
01
01
01
01
01
01
01
01
01
01
01
01
01
01
01
01
01
01
01
01
01
01
01
01
01
01
01
01
01
01
01
01
01
01
01
01
01
01
01
01
01
01
01
01
01
01
01
01
01
01
01
01
01
01
01
01
01
01
01
01
01
01
01
01
01
01
01
01
01
01
01
01
01
01
01
01
01
01
01
01
01
01
01
01
01
01
01
01
01
01
01
01
01
01
01
01
01
07
07
01
01
01
01
01
01
01
01
01
01
01
01
01
01
01
01
01
01
01
01
01
01
01
01
01
01
0C
0C
0C
0C
0C
0C
0C
0C
0C
0C
0C
0C
0C
0C
0C
0C
0C
0C
01
0C
0C
0C
0C
0C
0C
0C
0C
0C
0C
0C
0C
0C
0C
0C
0C
0C
0C
0C
0C
01
01
0C
01
0C
01
01
0C
01
01
01
01
01
01
01
01
01
01
01
01
01
01
0C
01
01
01
01
01
0004
00AC
0085
0001
0057
00000039
0001
0002
00000005
2B
C10013
AC
0000
0002
0058
00000006
0001
0000
000D
0059
00000016
0002
0000
0005
005A
005B
0000
0000
0005
0088
0087
0001
