07
0A
09
09
09
07
0B
0A
0B
0A
0B
0B
07
0A
0A
0B
0A
0A
07
12
0A
07
12
0A
0B
0B
0A
0A
0A
0A
0A
0A
0A
0A
0A
0A
0A
0A
0A
0A
07
0A
09
07
07
01
01
01
01
01
01
01
01
01
01
01
01
01
01
01
01
01
01
01
01
01
01
01
01
01
01
01
01
01
01
01
01
01
01
01
01
01
01
01
01
01
01
01
01
01
01
01
01
01
01
01
01
01
01
01
01
01
01
01
01
01
01
01
01
01
01
01
01
01
01
01
01
01
01
01
01
01
07
07
07
07
01
01
01
01
01
01
01
01
01
01
01
01
01
01
0C
0C
0C
0C
01
0C
07
0C
0C
0C
0C
0C
01
0C
0C
07
0C
0C
0C
01
01
0F
08
0C
0C
01
08
0C
07
0C
0C
0C
0C
0C
0C
0C
0C
0C
0C
0C
0C
0C
0C
0C
01
0C
0C
01
01
01
01
01
01
01
01
01
01
01
01
01
01
01
01
01
01
01
01
01
01
01
01
01
0A
01
01
01
01
01
01
01
01
01
01
01
01
01
01
07
0C
01
07
01
01
07
01
01
1041
0053
0085
0004
003C
00000037
0006
0006
0000000D
2A
2B
C00006
1C
2D
1604
B60028
B1
0000
0002
003D
00000006
0001
0000
001C
003E
0000000C
0001
0000
000D
003F
0040
0000
0042
00000011
04
0055
1010
0057
1010
0059
1010
005B
1010
0044
00000010
0002
16
00
00
0045
0000
16
02
00
0045
0000
0046
00000011
04
0001
0045
0000
0000
0001
0045
0000
0000
