07
0A
09
09
09
07
0B
0A
0B
0A
0B
0B
07
0A
0A
0B
0A
0A
07
12
0A
07
12
0A
0B
0B
0A
0A
0A
0A
0A
0A
0A
0A
0A
0A
0A
0A
0A
0A
07
0A
09
07
07
01
01
01
01
01
01
01
01
01
01
01
01
01
01
01
01
01
01
01
01
01
01
01
01
01
01
01
01
01
01
01
01
01
01
01
01
01
01
01
01
01
01
01
01
01
01
01
01
01
01
01
01
01
01
01
01
01
01
01
01
01
01
01
01
01
01
01
01
01
01
01
01
01
01
01
01
01
07
07
07
07
01
01
01
01
01
01
01
01
01
01
01
01
01
01
0C
0C
0C
0C
01
0C
07
0C
0C
0C
0C
0C
01
0C
0C
07
0C
0C
0C
01
01
0F
08
0C
0C
01
08
0C
07
0C
0C
0C
0C
0C
0C
0C
0C
0C
0C
0C
0C
0C
0C
0C
01
0C
0C
01
01
01
01
01
01
01
01
01
01
01
01
01
01
01
01
01
01
01
01
01
01
01
01
01
0A
01
01
01
01
01
01
01
01
01
01
01
01
01
01
07
0C
01
07
01
01
07
01
01
1041
0060
0083
0004
003C
00000034
0003
0003
0000000A
2A
2B
2C
C00006
B60026
B1
0000
0002
003D
00000006
0001
0000
001C
003E
0000000C
0001
0000
000A
003F
0040
0000
0042
00000009
02
0062
1010
0055
1010
0044
00000010
0002
16
01
00
0045
0000
16
00
00
0045
0000
0046
00000009
02
0000
0001
0045
0000
