09
0A
09
09
0A
09
07
08
0A
09
0A
07
08
07
0A
09
07
0A
0A
0A
0A
0A
0A
08
0A
08
07
07
01
01
01
01
01
01
01
01
01
01
01
01
01
01
01
01
01
01
01
01
01
01
01
01
01
01
01
01
07
01
07
01
01
01
01
01
01
01
01
01
01
01
01
01
01
07
0C
01
0C
0C
0C
0C
07
0C
0C
01
01
0C
0C
0C
01
01
01
0C
0C
01
0C
07
0C
07
0C
0C
0C
0C
01
07
0C
01
01
01
01
01
01
01
01
01
01
01
01
01
01
01
01
01
01
01
01
01
01
01
01
01
01
01
01
0001
003E
0034
0002
0027
00000032
0001
0001
00000008
2A
B4000A
B60016
B0
0000
0002
0028
00000006
0001
0000
004B
0029
0000000C
0001
0000
0008
002A
002C
0000
003A
00000004
0001
003B
