09
09
0A
0A
0A
07
0A
07
0A
07
0A
08
0A
0A
0A
0A
0A
0A
0A
0A
0A
0A
07
07
01
01
07
01
01
01
01
01
01
01
01
01
01
01
01
01
01
01
01
01
01
01
01
01
01
01
01
07
01
07
01
01
01
01
01
01
01
01
01
01
01
01
01
01
01
01
01
07
01
01
01
01
01
01
01
01
01
01
01
0C
0C
0C
0C
0C
01
0C
01
0C
01
01
0C
0C
0C
0C
07
0C
0C
0C
07
0C
01
01
01
01
01
01
01
01
01
01
01
01
01
01
01
01
01
0001
0037
0038
0002
0024
00000049
0005
0003
0000000B
BB0008
59
2A
2B
1C
B70009
B0
0000
0002
0025
00000006
0001
0000
0044
0026
00000020
0003
0000
000B
0027
0028
0000
0000
000B
0039
003A
0001
0000
000B
003B
003C
0002
0035
00000004
0001
0036
