01
07
01
07
01
07
01
01
07
01
07
01
01
07
01
01
07
01
01
01
05
01
01
01
08
01
01
01
01
01
01
01
01
01
0C
0A
0C
09
0C
09
01
01
01
01
01
07
0A
01
07
01
0C
0A
01
01
0C
0A
01
08
01
0C
0A
01
01
0C
09
01
01
01
01
07
01
08
01
08
01
07
01
01
0C
0A
01
01
01
0C
0A
01
01
01
0C
0A
01
01
01
0C
0A
01
01
01
01
01
01
01
01
07
01
07
01
07
01
01
0C
0A
01
0C
0A
01
08
01
08
01
07
01
0C
0A
01
08
01
07
01
0C
0A
01
0C
0A
01
01
01
01
01
01
01
01
0001
002C
002D
0001
0089
00000049
0002
0001
0000001F
BB002F
59
B70030
2A
B40029
B60035
B60039
123B
B60039
121A
B60039
B6003E
B0
0000
0002
008A
00000006
0001
0000
0058
008B
0000000C
0001
0000
001F
002A
002B
0000
