0A
09
09
09
09
09
09
09
09
09
09
09
07
0A
09
07
0A
0A
0A
0A
07
0A
07
0A
07
0A
08
0A
08
0A
08
08
08
08
08
08
08
08
08
08
08
08
0A
08
0A
08
0A
01
01
01
01
01
01
01
01
01
01
01
01
01
01
01
01
01
01
01
01
01
01
01
01
01
01
01
01
01
01
01
01
01
01
01
01
01
01
01
01
01
01
01
01
01
01
01
01
01
01
01
01
01
01
01
01
01
01
01
01
01
01
01
01
01
01
01
01
01
01
01
01
01
01
01
01
01
01
01
07
01
01
01
01
01
01
01
01
01
0C
0C
0C
0C
0C
0C
0C
0C
0C
0C
0C
0C
01
0C
01
0C
0C
0C
01
07
0C
01
0C
01
01
0C
01
0C
01
01
01
01
01
01
01
01
01
01
01
01
0C
01
01
07
0C
01
01
01
01
01
01
01
01
01
01
01
01
01
01
01
0001
003D
0066
0002
004B
00000051
0002
0002
00000007
2A
2B
B50006
2A
B0
0000
0003
004C
0000000A
0002
0000
0094
0005
0095
004D
00000016
0002
0000
0007
004E
004F
0000
0000
0007
003D
003E
0001
0067
0000000C
0001
0000
0007
003D
0040
0001
003F
00000002
0068
