0A
09
09
09
09
09
09
09
09
09
09
09
07
0A
09
07
0A
0A
0A
0A
07
0A
07
0A
07
0A
08
0A
08
0A
08
08
08
08
08
08
08
08
08
08
08
08
0A
08
0A
08
0A
01
01
01
01
01
01
01
01
01
01
01
01
01
01
01
01
01
01
01
01
01
01
01
01
01
01
01
01
01
01
01
01
01
01
01
01
01
01
01
01
01
01
01
01
01
01
01
01
01
01
01
01
01
01
01
01
01
01
01
01
01
01
01
01
01
01
01
01
01
01
01
01
01
01
01
01
01
01
01
07
01
01
01
01
01
01
01
01
01
0C
0C
0C
0C
0C
0C
0C
0C
0C
0C
0C
0C
01
0C
01
0C
0C
0C
01
07
0C
01
0C
01
01
0C
01
0C
01
01
01
01
01
01
01
01
01
01
01
01
0C
01
01
07
0C
01
01
01
01
01
01
01
01
01
01
01
01
01
01
01
0001
0070
0054
0001
004B
0000003E
0002
0002
00000006
2A
2B
B50007
B1
0000
0002
004C
0000000A
0002
0000
00B7
0005
00B8
004D
00000016
0002
0000
0006
004E
004F
0000
0000
0006
0041
0031
0001
