0A
09
0A
0B
0B
0B
0B
0A
0A
08
0B
0A
0B
0B
0B
0B
0B
07
0B
0A
0B
07
08
0A
0B
09
09
08
08
07
07
01
01
01
01
01
01
01
01
01
01
01
01
01
01
01
01
01
01
01
01
01
01
01
01
07
01
07
07
07
01
01
01
01
01
01
07
01
01
01
01
01
01
01
01
01
01
01
07
07
07
07
07
07
07
07
07
01
01
01
01
01
01
01
0C
0C
07
0C
07
0C
0C
07
0C
0C
0C
0C
07
0C
0C
0C
0C
07
0C
07
0C
0C
01
07
0C
0C
01
01
0C
0C
0C
0C
01
01
01
01
01
01
01
01
01
01
01
01
01
01
01
01
01
01
01
01
01
01
01
01
01
01
01
01
01
01
01
01
01
01
01
01
01
01
01
01
01
01
01
01
01
01
01
01
01
0001
003F
0040
0002
0025
000000A6
0004
0007
00000034
2A
B40002
1904
B80009
B900040300
3A06
2A
B40002
1906
B900060100
1905
03
B9000D0400
57
2D
120A
1906
B9000B0300
57
2A
B60008
B0
0000
0002
0026
00000012
0004
0000
0047
0010
0049
0024
004B
002F
004C
0027
00000048
0007
0000
0034
0028
0029
0000
0000
0034
002C
002D
0001
0000
0034
002E
002F
0002
0000
0034
0030
0031
0003
0000
0034
0034
0021
0004
0000
0034
0041
0042
0005
0010
0024
0035
0036
0006
0039
00000004
0001
0043
