0A
09
0A
0B
0B
0B
0B
0A
0A
08
0B
0A
0B
0B
0B
0B
0B
07
0B
0A
0B
07
08
0A
0B
09
09
08
08
07
07
01
01
01
01
01
01
01
01
01
01
01
01
01
01
01
01
01
01
01
01
01
01
01
01
07
01
07
07
07
01
01
01
01
01
01
07
01
01
01
01
01
01
01
01
01
01
01
07
07
07
07
07
07
07
07
07
01
01
01
01
01
01
01
0C
0C
07
0C
07
0C
0C
07
0C
0C
0C
0C
07
0C
0C
0C
0C
07
0C
07
0C
0C
01
07
0C
0C
01
01
0C
0C
0C
0C
01
01
01
01
01
01
01
01
01
01
01
01
01
01
01
01
01
01
01
01
01
01
01
01
01
01
01
01
01
01
01
01
01
01
01
01
01
01
01
01
01
01
01
01
01
01
01
01
01
0001
002A
002B
0002
0025
000000C5
0004
0007
00000041
2A
B40002
1905
2B
B80003
B900040300
3A06
1906
C70014
2A
B40002
1905
2B
B80003
B900050300
3A06
2A
B40002
1906
B900060100
1904
04
B900070400
3A06
2A
B60008
B0
0000
0003
0026
00000016
0005
0000
0033
0011
0035
0016
0036
0027
0039
003C
003B
0027
00000048
0007
0000
0041
0028
0029
0000
0000
0041
002C
002D
0001
0000
0041
002E
002F
0002
0000
0041
0030
0031
0003
0000
0041
0032
0033
0004
0000
0041
0034
0021
0005
0011
0030
0035
0036
0006
0037
00000008
0001
FC
0027
07
0038
0039
00000008
0003
003A
003B
003C
