01
07
01
01
07
01
07
01
07
01
01
01
01
01
01
01
01
01
0C
0A
01
01
01
01
01
08
01
01
0C
09
01
01
01
01
01
01
01
0C
0A
01
0C
0A
01
07
01
01
07
01
01
0C
0A
0A
01
07
0A
01
01
0C
09
01
0C
0A
01
01
01
01
01
01
0C
0A
01
0C
0A
01
01
01
01
01
0C
0A
01
01
01
01
01
0C
0A
01
01
01
01
01
0C
0A
01
01
0C
0A
01
01
01
01
01
07
0A
01
07
01
01
0C
0A
01
01
0C
0A
01
08
01
0C
0A
0C
0A
01
01
01
08
0C
09
01
0C
0A
0A
01
01
0C
0A
01
08
01
01
0C
0A
01
08
01
01
0C
0A
01
01
01
01
01
01
01
01
01
01
01
01
01
0004
005B
005C
0001
0098
00000039
0001
0002
00000005
2B
B8005E
B0
0000
0002
0099
00000016
0002
0000
0005
0015
0016
0000
0000
0005
0058
0040
0001
009A
00000006
0001
0000
006F
