0A
07
0C
01
01
01
0A
07
0C
01
01
01
08
01
08
01
0A
07
0C
01
01
01
0A
07
0C
01
01
01
07
01
08
01
0B
07
0C
01
01
01
0A
07
0C
01
01
01
0A
0C
01
01
08
01
0A
0C
01
01
0A
0C
01
01
0A
0C
01
01
07
01
07
01
0A
0C
01
12
0C
01
01
07
01
0A
0C
01
0A
0C
01
01
07
01
0A
0C
01
01
0A
0C
01
01
0A
0C
01
01
0A
0C
01
01
0A
0C
01
01
07
01
0A
0C
01
01
0A
0A
0C
01
01
0A
07
0C
01
01
07
01
0A
0C
01
01
0A
0C
01
01
0A
0C
01
01
0A
0C
01
01
08
01
0A
0C
01
01
0A
0C
01
01
0A
0C
01
0A
0C
01
01
0A
0C
01
01
07
01
0A
0C
01
01
0A
0C
01
01
0A
0C
01
01
0A
0C
01
01
0A
07
0C
01
01
01
0A
0C
01
01
0A
0C
01
01
0A
0C
01
01
0A
0C
01
0A
0C
01
01
0A
0C
01
01
07
01
0A
0C
01
0A
0C
01
01
0A
0C
01
0A
0C
01
01
0A
0C
01
0A
0C
01
01
0A
0C
01
01
0A
0C
01
01
01
01
01
01
01
01
01
01
01
01
01
01
01
01
01
01
01
01
01
01
01
01
07
01
01
01
01
01
01
01
01
01
01
01
01
01
01
01
01
01
01
01
01
01
01
01
01
01
01
01
01
01
01
01
01
01
01
01
01
01
01
01
01
01
01
01
01
01
01
01
01
01
01
01
01
01
01
01
01
01
01
01
01
01
01
01
01
01
01
01
01
01
01
01
01
01
01
01
01
01
01
01
01
0F
0A
07
0C
01
01
08
01
01
07
01
01
07
01
01
01
07
01
07
01
01
0004
0085
0086
0002
00ED
00000063
0006
0003
00000013
2A
2A
2B
2C
B60098
04
BD0069
59
03
2B
53
B6006B
B0
0000
0003
00EE
00000006
0001
0000
008C
00EF
00000020
0003
0000
0013
00F0
00F1
0000
0000
0013
008C
00F8
0001
0000
0013
0115
00FE
0002
00FF
0000000C
0001
0000
0013
0115
0116
0002
0106
00000002
0120
