0A
07
0C
01
01
01
0A
07
0C
01
01
01
08
01
08
01
0A
07
0C
01
01
01
0A
07
0C
01
01
01
07
01
08
01
0B
07
0C
01
01
01
0A
07
0C
01
01
01
0A
0C
01
01
08
01
0A
0C
01
01
0A
0C
01
01
08
01
0A
0C
01
08
01
0A
0C
01
08
01
0A
0C
01
08
01
0A
0C
01
01
0A
0C
01
01
08
01
0A
0C
01
08
01
0A
0C
01
08
01
0A
0C
01
0A
0C
01
01
07
01
07
01
0A
0C
01
12
0C
01
01
07
01
0A
0C
01
0A
0C
01
01
07
01
0A
0C
01
01
0A
0C
01
01
0A
0C
01
01
0A
0C
01
01
0A
0C
01
01
07
01
0A
0C
01
01
0A
0A
0C
01
01
0A
07
0C
01
01
07
01
0A
0C
01
01
0A
0C
01
01
0A
0C
01
01
0A
0C
01
01
08
01
0A
0C
01
01
0A
0C
01
01
0A
0C
01
0A
0C
01
01
0A
0C
01
01
07
01
0A
0C
01
01
0A
0C
01
01
0A
0C
01
01
0A
0C
01
01
0A
07
0C
01
01
01
0A
0C
01
01
0A
0C
01
01
0A
0C
01
01
0A
0C
01
0A
0C
01
01
0A
0C
01
01
07
01
0A
0C
01
0A
0C
01
01
0A
0C
01
0A
0C
01
01
0A
0C
01
0A
0C
01
01
0A
0C
01
01
0A
0C
01
01
01
01
01
01
01
01
01
01
01
01
01
01
01
01
01
01
01
01
01
01
01
01
07
01
01
01
01
01
01
01
01
01
01
01
01
01
01
01
01
01
01
01
01
01
01
01
01
01
01
01
01
01
01
01
01
01
01
01
01
01
01
01
01
01
01
01
01
01
01
01
01
01
01
01
01
01
01
01
01
01
01
01
01
01
01
01
01
01
01
01
01
01
01
01
01
01
01
01
01
01
01
01
01
0F
0A
07
0C
01
01
08
01
01
07
01
01
07
01
01
01
07
01
07
01
01
0001
011C
000C
0001
0115
0000002D
0001
0001
00000003
120F
B0
0000
0002
0116
00000006
0001
0000
0040
0117
0000000C
0001
0000
0003
0118
0119
0000
