01
07
01
07
01
01
01
01
01
01
01
01
08
01
07
01
01
0C
0A
01
07
01
01
0C
09
01
0C
0A
01
01
01
01
07
01
01
0C
0A
0C
0A
01
01
01
07
01
0C
0A
01
08
01
07
01
01
0C
0A
0F
01
0C
12
01
01
0C
09
0C
0A
01
01
01
01
01
0C
0A
01
0C
0A
01
01
01
01
0C
0A
01
01
0C
0A
01
01
01
01
0C
0A
01
01
01
0C
0A
01
01
01
0C
0A
01
01
01
01
01
01
0C
0A
01
01
07
01
0C
0A
01
01
0C
09
01
01
01
03
03
01
01
03
01
01
01
01
01
01
01
01
01
01
01
01
01
01
01
01
01
01
01
0001
002C
003B
0001
0089
00000026
0001
0001
00000008
2A
B4003E
B80040
B0
0000
0001
008B
0000000C
0001
0000
0008
0041
0042
0000
