0A
07
0A
0A
07
0A
0A
0A
0A
0A
0A
0A
0A
0A
07
01
01
01
01
01
01
01
01
01
01
01
01
01
01
01
01
01
01
01
01
01
01
01
01
01
01
01
01
01
01
01
01
01
01
01
01
01
01
01
01
01
01
01
01
01
01
01
01
01
01
01
01
01
01
01
01
01
01
01
01
01
01
01
01
01
01
01
01
01
01
01
01
01
01
01
01
01
01
01
01
01
01
01
01
01
01
01
01
01
01
01
01
01
01
01
01
01
01
01
01
01
01
01
01
01
01
01
0C
01
0C
0C
01
0C
0C
0C
0C
0C
0C
0C
07
0C
01
01
01
01
01
0008
0075
0021
0001
0012
0000001D
0001
0000
00000005
B8000E
57
B1
0000
0001
0013
00000006
0001
0000
001D
