01
07
01
07
01
01
07
01
01
01
01
01
01
01
01
01
0C
09
01
01
01
01
01
01
0C
0A
01
0C
09
07
01
07
01
07
0A
0C
09
01
01
01
01
01
01
01
01
01
07
0C
0A
01
07
01
08
0C
0A
01
01
0C
0A
01
01
07
0A
01
01
0C
0A
01
08
01
07
0C
0A
0A
01
08
01
01
07
01
07
0C
0B
01
07
01
0C
0A
01
01
01
01
01
01
01
01
01
01
05
01
01
01
07
0C
0B
01
01
01
07
01
0C
0B
01
0C
0B
01
01
0C
09
01
07
01
01
0C
0A
01
07
01
01
0C
0A
01
08
01
0C
0A
0A
0C
0B
01
01
01
01
01
01
01
01
01
0C
0A
01
07
01
0C
0A
01
07
01
0C
0B
01
01
0C
0B
0C
0B
01
01
01
01
01
0C
0A
01
01
01
01
01
01
01
0008
00AA
0018
0001
00AF
00000034
0001
0000
00000011
1202
B600AE
9A0007
04
A70004
03
B3001D
B1
0000
0002
00B1
00000006
0001
0000
0024
00B2
00000005
0002
0C
40
01
