0A
09
09
07
0A
09
09
07
0A
09
0A
07
0A
0A
0A
08
08
0A
0A
08
08
0A
08
08
08
08
08
08
08
08
0A
08
08
07
0A
0A
08
08
0A
0A
08
08
08
0A
0B
0B
07
08
0A
08
0A
08
08
08
0A
07
08
0A
0A
0A
07
07
0A
0A
0A
07
0A
0A
0A
08
0A
09
0A
08
0A
08
09
0A
08
09
0A
0A
07
08
0A
0A
0A
0A
0A
0A
08
08
09
0B
0B
07
0B
07
0A
07
07
09
07
0A
08
0A
0A
0B
08
0A
07
08
0A
08
08
0A
0A
07
08
0A
07
0A
0A
07
07
01
01
01
01
01
01
01
01
01
01
01
01
01
01
01
01
01
01
01
01
01
01
01
01
01
01
01
01
01
01
01
01
01
01
01
01
01
01
01
01
01
01
01
01
01
01
01
01
01
01
01
01
01
01
01
01
01
01
01
01
01
01
01
01
01
01
01
01
01
01
01
01
01
01
01
01
01
01
01
01
01
01
01
01
01
01
01
01
01
01
01
01
01
01
01
01
01
01
01
01
01
01
01
01
01
01
01
01
01
01
01
01
01
01
01
01
01
01
01
01
01
01
01
01
01
01
01
01
01
01
01
01
01
01
01
01
01
01
01
0C
0C
0C
01
0C
0C
01
0C
0C
01
0C
0C
0C
01
01
0C
0C
01
01
0C
01
01
01
01
01
01
01
01
0C
01
01
01
0C
0C
01
01
07
0C
0C
01
01
01
0C
07
0C
0C
01
01
0C
01
0C
01
01
01
0C
01
01
07
0C
0C
07
0C
01
01
0C
0C
01
0C
07
0C
0C
01
0C
07
0C
0C
01
0C
01
0C
0C
01
0C
0C
01
01
0C
0C
0C
0C
0C
0C
01
01
0C
07
0C
0C
01
0C
01
01
01
0C
01
01
0C
0C
07
0C
01
07
01
01
07
0C
01
01
0C
01
01
01
07
0C
0C
01
01
01
01
01
01
01
01
01
01
01
01
01
01
01
01
01
01
01
01
01
01
01
01
01
01
01
01
01
01
01
01
01
01
01
01
01
01
01
01
01
01
01
01
01
01
01
01
01
01
01
01
01
01
01
01
01
01
01
01
01
01
01
01
01
01
01
0001
00FA
00FB
0001
009C
00000043
0002
0001
00000019
2A
B4000A
2A
B4000A
B9005F0100
BD0060
B900610200
C00062
B0
0000
0002
009D
00000006
0001
0000
033F
009E
0000000C
0001
0000
0019
009F
00A0
0000
