0A
09
09
07
0A
09
09
07
0A
09
0A
07
0A
0A
0A
08
08
0A
0A
08
08
0A
08
08
08
08
08
08
08
08
0A
08
08
07
0A
0A
08
08
0A
0A
08
08
08
0A
0B
0B
07
08
0A
08
0A
08
08
08
0A
07
08
0A
0A
0A
07
07
0A
0A
0A
07
0A
0A
0A
08
0A
09
0A
08
0A
08
09
0A
08
09
0A
0A
07
08
0A
0A
0A
0A
0A
0A
08
08
09
0B
0B
07
0B
07
0A
07
07
09
07
0A
08
0A
0A
0B
08
0A
07
08
0A
08
08
0A
0A
07
08
0A
07
0A
0A
07
07
01
01
01
01
01
01
01
01
01
01
01
01
01
01
01
01
01
01
01
01
01
01
01
01
01
01
01
01
01
01
01
01
01
01
01
01
01
01
01
01
01
01
01
01
01
01
01
01
01
01
01
01
01
01
01
01
01
01
01
01
01
01
01
01
01
01
01
01
01
01
01
01
01
01
01
01
01
01
01
01
01
01
01
01
01
01
01
01
01
01
01
01
01
01
01
01
01
01
01
01
01
01
01
01
01
01
01
01
01
01
01
01
01
01
01
01
01
01
01
01
01
01
01
01
01
01
01
01
01
01
01
01
01
01
01
01
01
01
01
0C
0C
0C
01
0C
0C
01
0C
0C
01
0C
0C
0C
01
01
0C
0C
01
01
0C
01
01
01
01
01
01
01
01
0C
01
01
01
0C
0C
01
01
07
0C
0C
01
01
01
0C
07
0C
0C
01
01
0C
01
0C
01
01
01
0C
01
01
07
0C
0C
07
0C
01
01
0C
0C
01
0C
07
0C
0C
01
0C
07
0C
0C
01
0C
01
0C
0C
01
0C
0C
01
01
0C
0C
0C
0C
0C
0C
01
01
0C
07
0C
0C
01
0C
01
01
01
0C
01
01
0C
0C
07
0C
01
07
01
01
07
0C
01
01
0C
01
01
01
07
0C
0C
01
01
01
01
01
01
01
01
01
01
01
01
01
01
01
01
01
01
01
01
01
01
01
01
01
01
01
01
01
01
01
01
01
01
01
01
01
01
01
01
01
01
01
01
01
01
01
01
01
01
01
01
01
01
01
01
01
01
01
01
01
01
01
01
01
01
01
0011
00A3
00A4
0001
009C
00000048
0003
0003
0000000A
2A
B40003
2B
2C
B6000F
B0
0000
0002
009D
00000006
0001
0000
0178
009E
00000020
0003
0000
000A
009F
00A0
0000
0000
000A
00A5
0083
0001
0000
000A
00A6
0083
0002
