0A
08
0A
09
08
09
07
0A
0A
07
07
0A
07
0A
0A
0A
07
07
09
07
0A
07
0A
0A
07
0A
07
0A
0A
07
0A
0A
07
0A
07
0A
0A
07
0A
0A
07
0A
08
0A
0A
07
0A
0A
07
0A
0A
0A
0A
07
0A
0A
0A
07
0A
0A
07
07
0A
07
08
0A
0A
0A
08
0A
0A
09
08
0A
09
0B
08
0A
08
0A
0A
07
08
0B
07
07
0A
0B
0B
07
0A
0B
08
08
07
07
01
01
01
01
01
01
01
01
01
01
01
01
01
01
01
01
01
01
01
01
01
01
07
01
01
01
01
01
01
01
01
01
07
07
07
01
01
01
01
01
01
01
01
01
01
01
01
07
01
01
01
01
01
01
01
01
01
01
01
01
01
01
01
01
01
01
01
01
07
07
01
01
01
01
01
01
01
01
07
07
07
01
01
01
07
01
01
01
01
01
01
01
07
01
01
01
01
01
01
01
01
01
01
01
01
07
07
07
07
01
01
01
01
0C
07
0C
0C
0C
01
0C
0C
01
01
0C
01
0C
0C
01
01
07
0C
01
0C
01
0C
01
0C
01
01
0C
01
01
01
07
01
01
0C
07
0C
01
0C
0C
01
0C
0C
0C
01
0C
01
0C
01
01
01
01
0C
0C
01
0C
0C
0C
01
0C
07
0C
01
07
0C
01
0C
07
0C
01
01
07
0C
01
01
0C
0C
01
01
01
01
01
01
01
01
01
01
01
01
01
01
01
01
01
01
01
01
01
01
01
01
01
01
01
01
01
01
01
01
01
01
01
01
01
01
01
01
01
01
01
01
01
01
01
01
07
01
01
01
01
01
01
01
01
01
0001
0065
006C
0001
0067
00000063
0003
0003
00000019
2A
B70001
2A
2B
1202
B80003
B50004
2A
2C
1205
B80003
B50006
B1
0000
0002
0068
00000012
0004
0000
003F
0004
0040
000E
0041
0018
0042
0069
00000020
0003
0000
0019
006A
006B
0000
0000
0019
006D
006E
0001
0000
0019
006F
006E
0002
