0A
08
0A
0A
0A
0A
07
07
0A
0A
07
07
07
01
01
01
01
01
01
01
01
01
01
01
01
01
01
01
01
01
01
01
01
01
07
07
07
07
07
07
01
01
01
0C
01
07
0C
07
0C
0C
0C
01
01
0C
0C
01
01
07
01
01
01
01
01
01
01
01
01
01
01
01
01
01
01
0081
0015
0016
0001
0010
000000EB
0004
0006
0000003B
2B
1202
05
B60003
3A04
1904
BE
05
A20007
01
A70012
1904
03
32
2C
B80004
1904
04
32
B60005
3A05
1905
C70007
01
A7000B
2A
1905
2C
2D
B70006
B0
3A04
01
B0
0001
0000
0036
0037
0007
0003
0011
00000016
0005
0000
002C
0009
002D
0025
002E
0037
002F
0039
0030
0012
00000048
0007
0009
002E
0017
0018
0004
0025
0012
0019
001A
0005
0039
0002
001B
001C
0004
0000
003B
0013
0014
0000
0000
003B
001D
001A
0001
0000
003B
001E
001F
0002
0000
003B
0020
0021
0003
0022
0000002C
0005
FC
0014
07
0023
4E
07
0024
FC
000A
07
0024
47
07
0024
FF
0000
0004
07
0025
07
0024
07
0026
07
0027
0001
07
0028
