0A
09
09
09
07
0A
08
0A
0A
08
0A
0A
08
0A
08
0A
07
0A
0A
0A
07
07
07
01
01
01
01
01
01
01
01
01
01
01
01
01
01
05
01
01
01
01
01
01
01
01
01
01
01
01
01
01
01
01
01
01
01
01
01
01
01
01
01
01
01
01
01
01
01
01
01
01
01
01
01
01
01
01
01
01
01
01
01
01
01
01
07
01
01
01
01
01
01
01
01
0C
0C
0C
0C
01
01
0C
0C
01
0C
0C
01
0C
01
0C
01
0C
0C
0C
01
01
01
07
01
01
01
01
01
0004
0049
003E
0001
002A
00000039
0001
0002
00000005
2B
C10011
AC
0000
0002
002B
00000006
0001
0000
0021
002C
00000016
0002
0000
0005
002D
002E
0000
0000
0005
0041
0040
0001
