0A
0A
0A
09
07
0B
0A
0B
0B
0B
07
0B
0B
07
0B
0A
0A
07
01
01
01
01
01
01
01
01
01
01
01
01
01
01
01
01
01
01
01
01
01
01
01
07
01
07
01
01
01
01
01
01
01
01
01
01
01
01
01
01
01
01
01
01
01
01
01
01
01
01
01
01
07
0C
0C
0C
0C
01
07
0C
0C
0C
07
0C
0C
07
01
0C
0C
01
0C
0C
0C
07
01
07
01
01
01
01
01
01
01
01
01
01
01
01
01
01
01
01
01
01
01
01
01
1041
003A
0042
0001
001B
00000042
0002
0002
00000006
2A
1B
B60011
B0
0000
0003
001C
00000006
0001
0000
0086
001D
0000000C
0001
0000
0006
001E
0020
0000
0023
0000000C
0001
0000
0006
001E
0024
0000
