03
0A
09
09
09
0A
0A
07
0A
0A
0A
0A
07
0A
08
0A
0A
0A
0B
07
0A
07
07
01
07
01
01
01
01
01
01
01
01
01
01
01
01
01
01
01
01
01
01
01
01
01
01
01
01
01
01
01
01
07
01
01
0C
0C
0C
0C
07
0C
07
0C
01
07
0C
0C
0C
07
0C
01
0C
01
0C
0C
07
0C
07
0C
01
01
01
01
01
01
01
01
01
01
01
01
01
07
01
01
01
01
01
01
01
07
01
01
01
01
01
01
01
01
07
01
01
01
01
01
01
01
07
01
01
01
0000
0021
0022
0001
0023
00000064
0002
0003
00000016
2A
1201
B70002
2A
2B
B50003
2A
2C
B50004
2A
03
B50005
B1
0000
0002
0024
00000016
0005
0000
0029
0006
002A
000B
002B
0010
002C
0015
002D
0025
00000020
0003
0000
0016
0026
0027
0000
0000
0016
0018
001C
0001
0000
0016
001D
001E
0002
