09
0B
0A
07
0A
07
08
0A
0B
0A
0B
08
0B
08
08
08
09
0A
0A
0A
07
0A
0A
0A
0A
0A
0B
0A
0A
0B
08
0B
08
08
07
07
0A
08
0A
08
0A
0A
0A
07
08
0A
0A
07
0A
08
0A
0B
0B
05
09
0B
0B
07
08
0A
0A
0A
07
07
0A
0B
08
08
09
0A
0A
0A
0A
0A
0A
0A
0A
09
0A
0A
08
0A
0B
0B
0B
0B
0B
08
08
0A
0B
09
0A
07
0A
0A
07
09
07
09
0A
07
07
0A
08
0B
0A
0A
0A
07
08
08
08
0A
08
08
09
0A
08
08
08
08
08
09
07
0A
08
08
08
08
08
09
07
09
07
09
09
08
0A
08
07
09
07
08
08
08
09
07
08
08
08
08
08
0A
07
0A
07
08
0A
0A
0B
0B
0B
08
0B
08
0B
0B
08
0A
07
08
0A
0A
07
0A
0B
0A
0B
0A
0A
0B
0A
0A
0A
08
08
0A
08
0A
08
08
09
09
09
08
0A
0A
07
0A
09
07
01
01
01
01
01
01
01
01
01
01
01
01
01
01
01
01
01
01
01
01
01
01
01
01
01
01
01
01
01
01
01
01
01
01
01
07
07
07
07
01
01
01
01
01
01
01
01
01
01
01
01
01
01
01
01
01
01
01
01
01
07
07
07
07
07
07
01
01
01
01
01
01
01
01
01
01
07
07
07
07
01
01
01
01
01
07
01
01
01
01
07
01
01
01
01
07
01
01
01
01
01
01
01
01
01
01
01
01
01
01
01
01
01
01
01
01
01
01
01
01
01
01
01
01
01
01
01
01
01
01
01
01
01
01
01
01
01
01
01
01
01
01
01
01
01
01
01
01
01
01
01
01
01
01
01
01
01
01
01
01
01
01
01
01
01
01
01
01
01
01
01
01
01
01
01
01
07
07
07
07
07
01
01
01
01
01
01
01
01
01
07
01
01
01
01
01
01
01
01
01
01
0C
07
0C
0C
01
0C
01
01
07
0C
0C
07
0C
01
0C
01
01
07
0C
0C
0C
07
0C
01
07
0C
0C
07
0C
0C
0C
0C
0C
0C
0C
01
0C
01
01
01
01
01
0C
01
0C
0C
07
0C
01
01
0C
07
0C
01
0C
01
07
0C
0C
0C
07
0C
07
0C
0C
01
01
0C
0C
07
01
01
0C
0C
01
01
0C
0C
0C
07
0C
0C
07
0C
0C
01
0C
0C
0C
0C
0C
01
01
07
0C
0C
07
0C
01
0C
0C
01
0C
01
07
0C
01
01
01
0C
0C
0C
01
01
01
01
0C
01
01
07
0C
01
01
01
01
01
0C
01
07
0C
01
01
01
01
01
0C
01
0C
01
0C
0C
01
0C
01
01
0C
01
01
01
01
0C
01
01
01
01
01
01
07
0C
01
01
01
0C
0C
07
0C
07
0C
07
0C
01
0C
01
07
0C
0C
01
07
0C
01
01
0C
0C
01
07
0C
0C
0C
0C
0C
0C
0C
07
0C
0C
01
01
0C
01
0C
01
01
0C
0C
0C
01
01
07
0C
0C
01
01
01
01
01
01
01
01
01
01
01
01
01
01
01
01
01
01
01
01
01
01
01
01
01
07
01
01
01
01
01
01
01
01
01
01
01
01
01
01
01
01
01
01
01
01
01
01
01
01
01
01
01
01
01
01
01
01
01
01
01
01
01
01
01
01
01
01
01
01
01
01
01
01
01
01
01
01
01
01
01
01
01
01
01
01
01
01
01
01
01
01
01
01
01
01
01
01
01
01
01
01
01
01
01
01
01
01
01
01
01
01
01
01
01
01
01
01
01
01
01
01
01
01
01
01
01
01
01
01
01
01
01
01
01
01
01
01
01
01
01
01
01
01
01
01
01
01
01
01
01
01
01
01
01
01
01
01
0008
0191
0192
0001
00D2
00000021
0001
0000
00000009
12C8
B800C9
B300CA
B1
0000
0001
00D3
00000006
0001
0000
0039
