0A
09
09
03
09
03
09
03
09
03
03
0A
0A
07
07
07
0A
07
0B
07
0A
0B
0A
07
0A
0A
08
0A
0A
0A
0A
0A
07
07
07
01
01
01
01
01
03
01
01
01
01
01
01
01
01
01
01
01
01
01
01
01
01
01
01
01
01
01
01
01
01
01
01
07
01
01
01
01
01
01
01
01
01
01
01
01
01
01
01
01
01
01
01
01
01
01
01
01
01
01
01
01
01
01
01
07
01
01
01
01
01
01
07
01
01
01
01
01
01
01
0C
0C
0C
0C
0C
0C
0C
0C
07
01
01
01
07
01
0C
01
0C
0C
07
0C
01
0C
01
0C
0C
0C
0C
0C
01
01
07
01
01
01
01
01
01
01
01
01
01
01
01
01
01
0000
0054
0042
0002
0039
0000008A
0002
0002
00000023
2A
B40007
4C
2A
B40005
1206
7E
9A0015
2B
B40005
1208
7E
9A000B
2B
B40009
4C
A7FFF1
2B
B0
0000
0004
003A
0000000E
0003
0000
0329
0005
032A
0021
032B
003B
00000016
0002
0000
0023
003C
0033
0000
0005
001E
0054
0033
0001
003D
00000016
0002
0000
0023
003C
0034
0000
0005
001E
0054
0034
0001
0043
00000009
0002
FC
000F
07
0044
11
002E
00000002
0045
