01
07
01
07
01
01
01
01
01
01
01
0C
0A
01
01
01
01
0C
0A
0C
09
0C
09
01
01
01
01
01
01
01
01
01
01
01
01
0C
0A
01
07
01
01
0C
0B
01
01
01
01
01
07
0C
0A
01
07
01
01
0C
0B
01
07
01
01
0C
0B
01
01
0C
0B
01
01
01
01
01
01
0C
0A
01
07
01
01
0C
0B
01
07
01
01
0C
0B
01
0C
0B
01
07
01
01
01
01
01
01
01
07
0C
09
01
07
08
01
0C
0A
01
01
01
07
01
01
01
08
01
01
01
01
01
01
01
0001
006D
006E
0001
0076
00000061
0004
0001
00000026
2A
B40017
C7000F
04
BD0070
59
03
2A
B40015
53
B0
05
BD0070
59
03
2A
B40015
53
59
04
2A
B40017
53
B0
0000
0003
0077
0000000C
0001
0000
0026
000E
000F
0000
0078
0000000E
0003
0000
0061
0007
0062
0013
0064
007A
00000003
0001
13
