01
07
01
07
01
01
01
01
01
01
01
0C
0A
01
01
01
01
0C
0A
0C
09
0C
09
01
01
01
01
01
01
01
01
01
01
01
01
0C
0A
01
07
01
01
0C
0B
01
01
01
01
01
07
0C
0A
01
07
01
01
0C
0B
01
07
01
01
0C
0B
01
01
0C
0B
01
01
01
01
01
01
0C
0A
01
07
01
01
0C
0B
01
07
01
01
0C
0B
01
0C
0B
01
07
01
01
01
01
01
01
01
07
0C
09
01
07
08
01
0C
0A
01
01
01
07
01
01
01
08
01
01
01
01
01
01
01
0001
0048
0049
0002
0076
00000072
0002
0003
00000024
2A
2B
B7004B
2B
B900510100
4D
2A
2C
B900570100
B50015
2A
2C
B9005A0100
C0005C
B50017
B1
0000
0002
0077
00000020
0003
0000
0024
000E
000F
0000
0000
0024
005D
005E
0001
000C
0018
005F
0060
0002
0078
00000016
0005
0000
0054
0005
0055
000C
0056
0016
0057
0023
0058
0079
00000004
0001
0031
