01
07
01
07
01
01
01
01
01
01
01
01
07
01
01
0C
09
01
07
01
01
0C
0A
01
01
0C
0A
01
07
01
0C
0A
01
01
01
01
01
01
01
01
01
01
01
01
01
01
01
07
01
01
0C
0A
01
01
01
0C
0A
0C
09
01
01
0C
09
01
07
01
01
0C
0A
01
07
01
01
0C
0A
0C
09
01
01
01
01
01
01
0C
09
01
07
01
0C
0B
01
01
01
01
01
01
01
01
07
01
0C
09
01
01
01
01
01
01
01
01
01
01
01
01
01
01
01
01
08
01
01
01
01
01
01
01
01
0001
0071
0072
0001
007A
00000035
0000
0002
00000001
B1
0000
0002
007B
00000016
0002
0000
0001
004E
004F
0000
0000
0001
0073
0009
0001
007C
00000006
0001
0000
0078
