0A
09
0A
09
0A
09
0A
07
0A
08
0A
0A
08
08
0A
08
0A
08
08
0A
07
0A
0A
0A
07
07
08
0A
0A
07
07
07
01
01
01
01
01
01
01
01
01
01
01
01
01
01
01
01
01
01
01
01
01
01
01
01
01
01
01
07
01
01
01
01
01
07
07
01
01
01
01
01
01
01
01
07
01
01
01
01
01
01
0C
0C
0C
0C
0C
0C
0C
01
01
0C
0C
01
01
0C
01
0C
01
01
0C
01
07
0C
0C
07
0C
01
01
01
0C
0C
01
01
01
01
01
01
01
01
0001
0032
002D
0001
0027
0000003E
0002
0002
00000006
2A
2B
B50004
B1
0000
0002
0028
0000000A
0002
0000
005F
0005
0060
0029
00000016
0002
0000
0006
002A
002B
0000
0000
0006
0023
0022
0001
