01
07
01
07
01
01
01
01
01
08
01
07
01
01
0C
0A
01
08
01
0C
0A
01
0C
09
0C
09
01
01
01
01
01
01
01
01
01
01
01
01
01
0C
0A
01
01
01
01
01
07
01
01
0C
0A
01
01
01
07
0A
01
08
01
01
0C
0A
01
0C
0A
01
08
01
0C
0A
0C
0A
01
01
01
07
0A
01
01
0C
0A
01
01
01
01
0C
09
01
07
0C
0A
01
01
01
01
01
01
0C
0A
01
01
01
03
03
03
01
01
03
01
01
01
01
01
01
01
01
01
01
01
01
01
01
01
01
01
01
01
01
0001
0034
0035
0002
0079
00000052
0002
0001
00000028
BB0037
59
B70038
123A
B6003E
2A
B40018
B60041
1243
B6003E
2A
B4001A
B60041
107D
B60046
B60048
B0
0000
0002
007A
00000006
0001
0000
0025
007B
0000000C
0001
0000
0028
001B
001C
0000
0077
00000006
0001
0008
0000
