01
07
01
07
01
01
01
01
01
0C
0A
01
01
0C
09
01
01
01
01
01
01
01
01
01
01
01
07
01
01
0C
0A
01
01
01
01
01
07
0C
0A
01
01
0C
0A
01
01
0C
09
01
07
01
0C
09
01
0C
09
0C
09
01
0C
09
0C
09
01
0C
09
01
01
01
07
01
0C
09
0C
09
0C
09
01
07
01
07
0A
01
08
01
01
0C
0A
01
0C
0A
0A
01
0C
0A
01
0C
0A
01
0C
0A
01
01
01
01
01
0C
09
01
07
0C
0A
01
01
0C
0A
01
01
01
01
0C
0A
01
0C
09
08
01
07
01
0C
0A
08
08
01
01
01
01
03
03
03
01
01
03
01
01
01
01
01
01
01
01
07
01
07
01
01
01
01
01
01
01
01
01
01
01
01
01
1001
0005
0071
0001
009F
00000038
0002
0003
00000006
2A
2B
B70073
B1
0000
0001
00A1
00000020
0003
0000
0006
0010
0011
0000
0000
0006
000C
000D
0001
0000
0006
0074
0075
0002
