01
07
01
07
01
07
01
01
01
01
08
01
07
01
01
0C
0A
01
08
01
0C
0A
01
0C
09
01
0C
09
01
01
01
01
01
01
01
08
01
01
01
01
01
01
01
0C
09
01
07
01
0C
0A
01
01
01
01
0C
0A
01
01
0C
0A
01
01
01
08
01
07
01
01
0C
0A
0F
01
0C
12
01
01
01
07
0C
0A
01
07
0A
01
01
01
01
01
01
01
0C
0A
01
01
01
01
07
01
0C
0A
01
0C
09
01
01
03
03
03
01
01
03
01
01
01
01
01
01
01
01
01
01
01
01
01
01
01
01
01
0001
0007
0008
0002
0078
00000065
0002
0003
0000001B
2B
120B
B80011
2C
1213
B80011
2A
B70016
2A
2B
B50019
2A
2C
B5001C
B1
0000
0002
0079
00000012
0004
000C
0F4D
0010
0F4E
0015
0F4F
001A
0F4D
007A
00000020
0003
0000
001B
001D
001E
0000
0000
001B
000A
0017
0001
0000
001B
0012
001A
0002
007B
0000000D
02
0001
0009
0000
0001
0009
0000
