07
08
0A
0A
09
09
0A
08
0A
0A
08
07
0A
08
0A
0A
08
08
08
08
07
07
01
01
01
01
01
01
01
01
01
01
01
01
01
01
01
01
01
01
01
01
01
01
07
07
01
01
01
01
01
01
01
01
01
01
01
01
01
01
01
01
07
01
01
01
01
0C
0C
0C
0C
07
0C
01
07
0C
0C
01
01
01
0C
0C
01
01
01
01
01
01
01
01
01
01
01
01
01
01
01
01
01
0001
001D
0024
0001
001F
00000059
0002
0002
00000015
2A
B70004
2A
1202
B50005
2A
03
B50006
2A
2B
B50005
B1
0000
0002
0020
00000016
0005
0000
0013
0004
000C
000A
000D
000F
0014
0014
0015
0021
00000016
0002
0000
0015
0022
0023
0000
0000
0015
001A
0018
0001
