0A
09
0A
09
0B
07
0A
0B
0B
0A
07
07
07
01
01
01
01
01
01
01
01
07
01
01
01
01
01
01
01
01
01
01
01
01
01
01
01
01
01
01
01
01
01
01
01
01
07
01
01
01
01
01
01
01
01
01
0C
0C
0C
0C
0C
07
01
0C
0C
0C
0C
01
01
07
01
01
01
01
01
01
01
01
1000
0019
0031
0001
001B
00000061
0003
0004
00000007
2A
2B
2C
B70001
B1
0000
0003
001C
00000006
0001
0000
013F
001D
0000002A
0004
0000
0007
001E
0020
0000
0000
0007
0032
0018
0001
0000
0007
0033
0011
0002
0000
0007
0034
0035
0003
0021
0000000C
0001
0000
0007
001E
0022
0000
