09
09
09
07
09
0A
0A
0A
07
0A
09
09
09
09
0A
09
0A
07
12
0A
07
0A
07
07
0A
0A
0A
09
0A
0B
09
0A
0B
0A
0A
0A
0A
0A
0A
0A
0A
0A
07
08
0A
07
0A
08
0A
07
0A
07
0A
0A
0A
0A
07
07
01
01
01
01
01
05
01
01
01
01
01
01
01
01
01
01
01
01
01
01
01
01
01
01
01
01
01
01
01
01
01
01
01
01
01
01
01
01
01
01
01
01
01
01
01
01
01
01
01
01
01
01
01
01
01
01
01
01
01
01
01
01
01
01
01
01
01
01
01
01
01
07
07
01
01
01
01
01
01
01
01
01
01
01
01
01
01
01
01
01
01
01
01
01
01
01
01
01
01
01
01
01
01
01
01
01
01
01
01
01
01
01
01
01
07
01
01
07
01
01
01
01
01
01
0C
0C
0C
01
0C
0C
0C
0C
01
0C
0C
0C
0C
0C
0C
0C
0C
01
01
0F
08
0C
0C
01
0C
01
01
0C
0C
0C
0C
07
0C
0C
0C
07
0C
0C
07
0C
0C
07
0C
0C
0C
0C
0C
01
01
07
01
01
01
0C
01
01
0C
0C
0C
01
01
01
01
01
01
01
01
01
01
01
01
01
0A
01
01
01
01
01
01
01
01
01
01
01
01
01
01
01
01
01
01
01
01
01
01
01
01
01
01
01
01
01
01
01
01
07
0C
01
07
01
01
07
01
01
0001
0085
0086
0001
005C
0000002F
0001
0001
00000005
2A
B4000B
B0
0000
0002
005D
00000006
0001
0000
008D
0066
0000000C
0001
0000
0005
006C
006D
0000
