0A
09
07
0A
0B
07
0A
0A
0A
07
0A
0A
0A
0A
09
0A
09
0A
0A
0A
07
0A
07
0A
0A
0A
0A
0A
09
07
09
07
09
09
09
08
08
08
08
08
08
08
07
09
07
01
01
01
05
01
01
01
01
01
01
01
01
01
01
01
01
01
01
01
01
01
01
01
01
01
01
01
01
01
01
01
01
01
07
01
01
01
01
01
01
01
01
01
01
01
01
01
01
01
01
01
01
01
01
01
01
01
01
01
01
01
01
01
01
01
01
01
01
01
01
01
01
01
01
01
01
01
01
01
01
01
01
01
01
01
01
01
01
01
01
01
01
01
01
01
01
01
01
01
01
01
01
01
01
01
01
01
01
01
01
01
01
01
01
01
01
01
01
01
01
01
01
01
01
01
01
01
01
01
01
01
01
01
01
01
01
01
01
01
01
01
01
01
01
01
01
01
0C
0C
01
0C
07
0C
01
07
0C
0C
0C
01
0C
0C
0C
0C
0C
0C
0C
0C
0C
0C
01
0C
01
0C
0C
0C
0C
0C
0C
01
0C
01
0C
0C
0C
01
01
01
01
01
01
01
01
0C
01
01
01
01
01
01
01
01
01
01
01
01
01
01
01
01
01
01
01
01
01
01
01
01
01
01
01
01
01
01
0009
006B
006C
0002
003F
0000003D
0003
0002
00000009
2A
2B
B2000F
B80014
B0
0000
0002
0040
00000006
0001
0000
011A
0041
00000016
0002
0000
0009
0044
0045
0000
0000
0009
0057
0048
0001
005E
00000002
006D
