0A
09
07
0A
0B
07
0A
0A
0A
07
0A
0A
0A
0A
09
0A
09
0A
0A
0A
07
0A
07
0A
0A
0A
0A
0A
09
07
09
07
09
09
09
08
08
08
08
08
08
08
07
09
07
01
01
01
05
01
01
01
01
01
01
01
01
01
01
01
01
01
01
01
01
01
01
01
01
01
01
01
01
01
01
01
01
01
07
01
01
01
01
01
01
01
01
01
01
01
01
01
01
01
01
01
01
01
01
01
01
01
01
01
01
01
01
01
01
01
01
01
01
01
01
01
01
01
01
01
01
01
01
01
01
01
01
01
01
01
01
01
01
01
01
01
01
01
01
01
01
01
01
01
01
01
01
01
01
01
01
01
01
01
01
01
01
01
01
01
01
01
01
01
01
01
01
01
01
01
01
01
01
01
01
01
01
01
01
01
01
01
01
01
01
01
01
01
01
01
01
01
0C
0C
01
0C
07
0C
01
07
0C
0C
0C
01
0C
0C
0C
0C
0C
0C
0C
0C
0C
0C
01
0C
01
0C
0C
0C
0C
0C
0C
01
0C
01
0C
0C
0C
01
01
01
01
01
01
01
01
0C
01
01
01
01
01
01
01
01
01
01
01
01
01
01
01
01
01
01
01
01
01
01
01
01
01
01
01
01
01
01
0001
0086
0071
0002
003F
00000039
0003
0001
0000000F
2A
B40011
2A
B60012
B2001D
B80014
B0
0000
0002
0040
00000006
0001
0000
0265
0041
0000000C
0001
0000
000F
0042
0043
0000
005E
00000002
0072
