0A
09
07
0A
0B
07
0A
0A
0A
07
0A
0A
0A
0A
09
0A
09
0A
0A
0A
07
0A
07
0A
0A
0A
0A
0A
09
07
09
07
09
09
09
08
08
08
08
08
08
08
07
09
07
01
01
01
05
01
01
01
01
01
01
01
01
01
01
01
01
01
01
01
01
01
01
01
01
01
01
01
01
01
01
01
01
01
07
01
01
01
01
01
01
01
01
01
01
01
01
01
01
01
01
01
01
01
01
01
01
01
01
01
01
01
01
01
01
01
01
01
01
01
01
01
01
01
01
01
01
01
01
01
01
01
01
01
01
01
01
01
01
01
01
01
01
01
01
01
01
01
01
01
01
01
01
01
01
01
01
01
01
01
01
01
01
01
01
01
01
01
01
01
01
01
01
01
01
01
01
01
01
01
01
01
01
01
01
01
01
01
01
01
01
01
01
01
01
01
01
01
0C
0C
01
0C
07
0C
01
07
0C
0C
0C
01
0C
0C
0C
0C
0C
0C
0C
0C
0C
0C
01
0C
01
0C
0C
0C
0C
0C
0C
01
0C
01
0C
0C
0C
01
01
01
01
01
01
01
01
0C
01
01
01
01
01
01
01
01
01
01
01
01
01
01
01
01
01
01
01
01
01
01
01
01
01
01
01
01
01
01
0009
0058
0059
0001
003F
00000041
0003
0002
00000009
2A
B20002
2B
B80008
B1
0000
0002
0040
0000000A
0002
0000
00A5
0008
00A6
0041
00000016
0002
0000
0009
0044
0045
0000
0000
0009
0057
0048
0001
