0A
09
07
0A
0B
07
0A
0A
0A
07
0A
0A
0A
0A
09
0A
09
0A
0A
0A
07
0A
07
0A
0A
0A
0A
0A
09
07
09
07
09
09
09
08
08
08
08
08
08
08
07
09
07
01
01
01
05
01
01
01
01
01
01
01
01
01
01
01
01
01
01
01
01
01
01
01
01
01
01
01
01
01
01
01
01
01
07
01
01
01
01
01
01
01
01
01
01
01
01
01
01
01
01
01
01
01
01
01
01
01
01
01
01
01
01
01
01
01
01
01
01
01
01
01
01
01
01
01
01
01
01
01
01
01
01
01
01
01
01
01
01
01
01
01
01
01
01
01
01
01
01
01
01
01
01
01
01
01
01
01
01
01
01
01
01
01
01
01
01
01
01
01
01
01
01
01
01
01
01
01
01
01
01
01
01
01
01
01
01
01
01
01
01
01
01
01
01
01
01
01
0C
0C
01
0C
07
0C
01
07
0C
0C
0C
01
0C
0C
0C
0C
0C
0C
0C
0C
0C
0C
01
0C
01
0C
0C
0C
0C
0C
0C
01
0C
01
0C
0C
0C
01
01
01
01
01
01
01
01
0C
01
01
01
01
01
01
01
01
01
01
01
01
01
01
01
01
01
01
01
01
01
01
01
01
01
01
01
01
01
01
0001
00BB
0080
0001
003F
00000048
0004
0002
00000010
2A
B40011
2A
B60012
B20023
2B
B80019
B1
0000
0002
0040
0000000A
0002
0000
076E
000F
076F
0041
00000016
0002
0000
0010
0042
0043
0000
0000
0010
0068
007F
0001
