0A
0A
07
09
07
0A
0A
07
0A
07
0A
07
0A
07
0A
07
0A
07
07
07
0A
08
0A
0A
08
0A
0A
08
08
0A
0A
0A
07
07
01
01
01
01
01
01
01
01
01
01
01
01
01
01
01
01
01
01
01
01
01
01
01
01
01
01
01
01
01
01
01
01
01
01
01
01
01
01
01
01
01
01
0C
0C
01
0C
01
0C
01
01
01
01
01
01
01
01
0C
01
0C
0C
01
07
0C
07
0C
01
01
0C
0C
0C
01
01
01
01
01
01
01
01
01
01
01
01
01
01
01
01
01
0001
003C
003D
0001
0027
00000036
0003
0001
0000000C
2A
04
130008
B60020
C00008
B0
0000
0002
0028
00000006
0001
0000
007B
0029
0000000C
0001
0000
000C
002A
002B
0000
