09
09
0A
0B
0B
0B
0B
07
09
0A
0A
0B
07
0A
0B
0B
0B
0B
07
0B
0B
0B
0B
07
07
07
01
01
01
07
01
01
01
01
01
01
01
01
01
01
01
01
01
01
01
01
01
01
01
01
01
01
01
01
01
01
07
01
01
01
01
01
01
01
01
07
07
01
01
01
01
01
01
01
0C
0C
0C
0C
0C
0C
0C
0C
07
01
01
01
0C
07
0C
0C
0C
01
0C
07
0C
07
0C
0C
01
0C
0C
0C
0C
01
01
01
01
01
01
01
01
01
01
01
01
01
01
01
01
01
01
01
01
01
01
01
01
01
01
0001
002C
002D
0001
0023
00000034
0001
0001
0000000A
2A
B40002
B900060100
B0
0000
0002
0024
00000006
0001
0000
0199
0025
0000000C
0001
0000
000A
0026
0027
0000
