0A
09
0A
09
09
09
09
09
09
09
07
0A
0A
0A
0A
0A
0A
0A
0A
0A
0A
0A
12
07
07
01
01
01
05
01
01
01
01
01
01
01
03
01
03
01
03
03
01
03
01
01
01
01
01
01
01
01
01
01
01
01
01
01
01
01
01
01
01
01
01
01
01
01
01
01
01
01
01
01
01
01
01
01
01
01
01
01
01
01
01
01
01
01
01
01
01
01
01
01
01
01
01
01
01
01
01
01
01
01
01
01
01
01
01
01
01
01
01
01
01
01
01
01
01
01
01
01
01
01
01
01
01
01
01
01
01
01
01
01
01
01
01
01
01
01
01
01
01
01
01
01
01
01
01
01
0C
0C
07
0C
0C
0C
0C
0C
0C
0C
0C
01
0C
0C
0C
0C
0C
0C
0C
0C
0C
0C
0C
01
0F
08
0C
01
01
01
01
01
01
0A
01
01
01
07
0C
01
07
01
01
01
07
01
01
0001
0042
0043
0001
0044
000000EC
0004
0009
0000004E
2A
B70001
2A
2B
B50002
2A
2C
03
1100FA
B80003
B50004
2A
2D
03
1101F4
B80003
B50005
2A
1904
B50006
2A
1905
03
1100FA
B80003
B50007
2A
1906
B50008
2A
1907
03
1100FA
B80003
B50009
2A
1908
B5000A
B1
0000
0002
0045
0000002A
000A
0000
0045
0004
0046
0009
0047
0015
0048
0021
0049
0027
004A
0034
004B
003A
004C
0047
004D
004D
004E
0046
0000005C
0009
0000
004E
0047
0048
0000
0000
004E
001F
0020
0001
0000
004E
0024
0020
0002
0000
004E
002C
0020
0003
0000
004E
0035
0036
0004
0000
004E
002E
0020
0005
0000
004E
002F
0030
0006
0000
004E
0032
0020
0007
0000
004E
0033
0030
0008
