07
01
09
0C
01
01
09
0C
01
09
0C
01
09
0C
01
09
0C
01
09
0C
01
01
0A
07
0C
01
01
0A
07
0C
01
01
01
07
01
08
01
0A
0C
01
01
09
0C
01
01
0A
0C
01
01
09
0C
01
01
07
01
08
01
0A
0A
0C
01
01
0A
07
0C
01
01
01
0A
0C
01
01
0B
07
0C
01
01
01
07
01
0A
07
0C
01
01
0A
07
0C
01
01
0A
0C
01
08
01
0A
0C
01
09
0C
01
0A
0C
01
08
0A
0C
01
08
08
08
08
0A
0C
01
01
07
01
0A
0C
01
0A
0C
01
07
01
01
01
03
01
03
01
03
01
03
01
01
01
01
01
01
01
01
01
01
01
01
01
01
01
01
01
01
01
01
01
01
01
01
01
01
01
01
01
01
01
07
01
07
01
01
07
01
01
01
01
0009
0020
0031
0003
008A
0000002F
0001
0001
00000005
1A
B8002E
B0
0000
0002
008B
00000006
0001
0000
004E
008D
0000000C
0001
0000
0005
002C
002D
0000
0093
00000000
0094
00000006
0001
0095
0000
