0A
09
0A
07
07
0A
0A
07
07
0A
0A
08
0A
0A
0A
08
08
08
07
08
0A
09
07
08
0A
09
07
08
0A
09
07
08
0A
09
07
08
0A
09
07
08
0A
09
07
01
01
01
01
01
01
01
01
01
01
01
01
01
01
01
01
01
01
01
01
01
01
01
01
01
01
01
01
01
01
01
01
01
01
01
01
01
07
01
01
01
01
01
01
01
01
01
01
0C
0C
07
0C
07
01
0C
01
01
0C
0C
01
0C
0C
0C
01
01
01
01
0C
01
0C
01
0C
01
0C
01
0C
01
0C
01
01
01
01
01
01
01
01
01
01
01
01
0009
0037
0038
0001
0039
00000022
0001
0000
0000000A
B20002
B60003
C00004
B0
0000
0001
003A
00000006
0001
0000
0085
