0A
09
0A
07
07
0A
0A
07
07
0A
0A
08
0A
0A
0A
08
08
08
07
08
0A
09
07
08
0A
09
07
08
0A
09
07
08
0A
09
07
08
0A
09
07
08
0A
09
07
01
01
01
01
01
01
01
01
01
01
01
01
01
01
01
01
01
01
01
01
01
01
01
01
01
01
01
01
01
01
01
01
01
01
01
01
01
07
01
01
01
01
01
01
01
01
01
01
0C
0C
07
0C
07
01
0C
01
01
0C
0C
01
0C
0C
0C
01
01
01
01
0C
01
0C
01
0C
01
0C
01
0C
01
0C
01
01
01
01
01
01
01
01
01
01
01
01
1000
0040
0052
0001
0039
0000004F
0003
0004
00000007
2A
2B
1C
B70001
B1
0000
0002
003A
00000006
0001
0000
0085
003D
0000002A
0004
0000
0007
0042
002F
0000
0000
0007
0053
003F
0001
0000
0007
0054
0055
0002
0000
0007
0056
0057
0003
