01
07
01
07
01
01
01
01
08
01
07
01
01
0C
0A
01
08
01
0C
0A
01
0C
09
0C
09
01
01
0C
09
01
01
01
01
01
01
01
01
01
01
07
01
07
01
07
01
07
01
0C
0B
01
0C
0A
01
0C
0A
01
07
01
0C
0A
01
07
01
01
01
01
01
0C
0A
01
01
0C
0A
01
01
01
07
01
0C
0A
01
08
01
01
0C
0A
01
0C
0A
01
08
01
08
01
0C
0A
01
0C
0A
0C
0A
01
01
07
0C
0A
01
07
01
0C
0A
01
01
01
01
01
01
0C
0A
01
01
01
01
03
03
03
01
01
03
01
01
01
01
01
01
01
01
01
01
01
01
01
01
01
01
01
01
01
01
0011
003F
0021
0002
008E
00000023
0001
0001
00000005
2A
B40017
B0
0000
0001
0090
0000000C
0001
0000
0005
001E
001F
0000
008D
00000006
0001
0007
0000
