0A
09
09
03
09
03
09
03
09
03
03
0A
0A
0A
0A
07
07
07
0A
07
0B
07
0B
07
0A
0A
08
0A
0A
0A
0A
0A
0A
07
07
07
01
01
01
03
01
01
01
01
01
01
01
01
01
01
01
01
01
01
01
01
01
01
01
01
01
01
07
01
01
01
01
01
01
01
01
01
01
01
01
01
01
01
01
01
01
01
01
01
01
01
01
07
01
01
01
01
01
01
01
01
07
01
01
01
01
01
01
01
01
01
01
0C
0C
0C
0C
0C
0C
0C
0C
0C
0C
07
01
01
01
07
01
0C
01
0C
01
0C
01
0C
0C
0C
0C
0C
0C
01
01
07
01
01
01
01
01
01
01
01
01
01
1041
004F
0068
0001
0036
0000003D
0002
0002
00000009
2A
2B
C00016
B6001F
B0
0000
0002
0037
00000006
0001
0000
027A
0038
00000016
0002
0000
0009
0039
0031
0000
0000
0009
0069
005C
0001
