0A
07
0C
01
01
01
09
07
0C
01
01
01
09
0C
01
01
09
0C
01
09
0C
01
09
0C
01
09
0C
01
01
09
0C
01
01
09
0C
01
09
0C
01
07
01
0A
0B
07
0C
01
01
01
09
0C
01
09
0C
01
09
0C
01
09
0C
01
0A
0C
01
01
0A
07
0C
01
01
01
0A
0C
01
01
07
01
0A
08
01
0A
0C
01
01
08
01
0A
0C
01
01
08
01
08
01
08
01
08
01
08
01
08
01
08
01
08
01
08
01
08
01
08
01
08
01
08
01
08
01
0A
0C
01
01
08
01
0A
08
01
0A
07
0C
01
01
01
01
01
08
01
01
08
01
01
01
01
08
01
08
01
01
08
01
08
01
08
01
08
01
01
08
01
01
08
01
01
01
08
01
01
08
01
01
08
01
01
08
01
01
01
01
01
01
01
01
01
01
01
01
01
01
01
01
01
01
01
01
01
01
01
01
01
01
01
01
01
01
01
01
01
01
01
01
01
01
01
01
01
01
01
01
01
01
01
01
01
01
01
01
01
01
01
01
01
01
01
01
01
01
01
01
07
01
07
01
01
01
01
0001
00C9
00B7
0001
00AF
0000003E
0002
0002
00000006
2A
2B
B50022
B1
0000
0002
00B0
0000000A
0002
0000
0112
0005
0113
00B1
00000016
0002
0000
0006
00B2
00B3
0000
0000
0006
0024
0010
0001
