0A
0A
09
0A
09
09
09
09
09
09
09
09
09
0A
09
09
07
07
0A
08
0A
0A
08
0A
0A
0A
0A
0A
0A
07
0A
05
05
09
0A
0A
0A
07
07
01
01
01
01
01
01
01
01
01
01
01
01
01
01
01
01
01
01
01
01
01
07
07
01
01
01
01
01
01
01
01
01
01
01
01
01
01
01
01
01
01
07
01
01
01
01
01
01
01
01
01
0C
0C
0C
0C
0C
0C
0C
0C
07
0C
0C
0C
0C
0C
07
0C
0C
0C
01
01
01
0C
0C
01
0C
0C
0C
0C
0C
0C
01
0C
0C
0C
0C
01
01
01
01
01
01
01
01
01
01
01
01
01
01
01
01
01
01
01
01
01
01
01
01
01
0001
0048
0047
0001
0033
00000039
0002
0001
0000000B
2A
B7001A
2A
B40008
04
64
AC
0000
0002
0034
0000000A
0002
0000
0355
0004
0356
0035
0000000C
0001
0000
000B
0036
0039
0000
