07
01
09
0C
01
01
09
0C
01
09
0C
01
09
0C
01
09
0C
01
09
0C
01
09
0C
01
09
0C
01
09
0C
01
01
0A
07
0C
01
01
0A
07
0C
01
01
01
0A
0C
01
01
07
01
12
0C
01
01
0A
0C
01
01
09
0C
01
01
0B
07
0C
01
01
01
0A
0C
01
09
0C
01
01
09
0C
01
01
08
08
01
0A
0C
01
08
08
01
08
08
01
08
08
01
08
08
01
08
08
01
08
08
01
08
08
01
0A
0C
01
01
07
01
0A
0C
01
0A
07
0C
01
01
01
0A
0C
01
01
0B
07
0C
01
01
01
0B
0C
01
0A
0C
01
01
0B
0C
01
01
07
01
01
01
01
01
01
01
01
01
01
01
01
01
01
01
01
01
01
01
01
01
01
01
01
01
01
01
01
01
07
01
01
0F
0A
07
0C
01
01
08
01
01
01
07
01
07
01
01
0002
0037
0053
0002
0092
0000005C
0003
0005
00000012
2A
2B
1C
B70043
2A
1D
B50046
2A
1904
B5004A
B1
0000
0002
0093
00000012
0004
0000
0066
0006
0067
000B
0068
0011
0069
0095
00000020
0003
0000
0012
009F
0006
0000
0000
0012
00A0
0049
0003
0000
0012
00A1
004D
0004
008F
00000002
00A2
