01
07
01
07
01
01
07
01
01
01
01
01
01
01
01
01
01
01
01
01
01
01
01
01
01
01
01
01
01
01
01
01
0C
0A
01
0C
0A
0C
09
0C
09
0C
09
0C
09
0C
09
0C
09
0C
09
0C
09
0C
09
0C
09
01
01
01
01
01
01
01
01
01
01
01
0C
0A
01
07
01
01
0C
0B
01
07
01
01
0C
0A
01
01
01
01
01
01
01
01
01
0C
0A
01
01
01
01
01
01
01
01
01
01
01
01
01
01
01
01
01
01
01
01
01
01
01
01
01
01
01
01
01
01
01
01
01
01
01
01
01
0001
0072
0073
0001
007C
0000002F
0001
0001
00000005
2A
B40037
B0
0000
0002
007D
00000006
0001
0000
008D
007E
0000000C
0001
0000
0005
003A
003B
0000
