0A
09
09
09
09
09
09
07
0A
0B
0B
0A
07
0A
07
0A
0A
08
0A
08
08
0A
09
0A
07
08
0A
0A
0A
08
0A
0A
0A
0A
08
0A
08
0A
08
08
08
08
08
08
0A
0A
0A
07
0A
09
0A
07
01
01
01
01
01
01
01
01
01
01
01
01
01
01
01
01
01
01
01
01
01
01
01
01
01
01
01
01
01
01
01
01
01
01
01
01
01
01
01
01
01
01
01
01
01
01
01
01
01
01
01
01
01
01
01
01
01
01
01
01
01
01
01
01
01
01
01
01
01
01
01
07
01
01
01
01
01
01
01
01
01
01
07
01
01
01
01
01
01
0C
0C
0C
0C
0C
0C
0C
01
07
0C
0C
0C
01
07
0C
01
0C
0C
01
0C
01
01
07
0C
0C
0C
01
01
0C
0C
07
0C
07
0C
0C
07
0C
0C
01
01
01
01
07
0C
07
0C
0C
01
0C
0C
01
01
01
01
01
01
01
01
01
01
01
01
01
01
01
01
01
01
01
01
01
01
01
01
01
01
01
01
01
01
01
01
01
01
0001
0063
0064
0001
0051
0000003E
0002
0002
00000006
2A
2B
B50003
B1
0000
0002
0052
0000000A
0002
0000
0086
0005
0087
0053
00000016
0002
0000
0006
0054
0055
0000
0000
0006
0040
0038
0001
