01
07
01
07
01
01
01
01
01
08
01
07
01
01
0C
0A
01
08
01
07
01
01
0C
0A
01
07
01
01
01
01
01
01
01
07
0A
01
01
01
08
01
08
01
07
01
0C
0A
01
07
0A
01
01
03
03
03
01
03
01
03
01
01
01
01
01
01
01
01
01
01
01
01
01
01
01
01
0019
0005
0024
0004
0043
0000005D
0004
0003
0000001F
2A
120A
B80010
2B
1227
B80010
2C
1229
B80010
BB002B
59
2B
2C
B7002E
C0001A
B0
0000
0002
0044
00000006
0001
0012
0010
0045
00000020
0003
0000
001F
001B
001C
0000
0000
001F
0026
001D
0001
0000
001F
0028
001D
0002
0046
00000002
0025
0047
00000006
0001
0008
0000
0048
00000013
03
0001
0008
0000
0001
0008
0000
0001
0008
0000
