01
07
01
07
01
01
01
01
01
08
01
07
01
01
0C
0A
01
08
01
0C
0A
01
0C
09
01
0C
09
01
01
01
01
01
01
01
01
01
01
01
01
0C
0A
01
01
0C
0A
01
01
07
0A
01
08
01
01
0C
0A
01
08
01
0C
0A
01
0C
0A
0C
0A
01
01
01
07
0C
0A
0A
01
01
01
01
01
01
01
0C
0A
01
01
01
01
01
01
08
01
08
01
08
01
07
01
01
0C
0B
01
07
01
07
01
01
0C
09
01
07
01
0C
0A
01
07
01
01
0C
0B
01
01
01
01
01
01
01
01
01
01
01
01
01
01
01
07
01
0C
09
01
01
0C
0A
01
07
01
01
0C
0A
01
01
01
01
01
07
01
0C
0A
01
01
0C
09
01
01
01
01
03
03
03
01
01
03
01
01
01
01
01
01
01
01
01
01
01
01
01
01
01
01
01
01
1001
0005
0078
0003
00B3
0000007C
0003
0005
00000021
06
06
1B
7E
9F000E
1B
06
B20088
B6008C
B80092
2A
B70015
2A
2C
B50018
2A
2D
B5001B
B1
0000
0003
00B7
00000003
0001
12
00B4
00000006
0001
0000
002E
00B5
00000034
0005
0000
0021
001C
001D
0000
0000
0021
0093
004A
0001
0000
0021
0009
0016
0002
0000
0021
0011
0019
0003
0000
0021
0094
0095
0004
00B9
00000000
00B8
00000023
0001
0079
0003
0003007A
73
007B
007C
40
007D
0002
0002007E
73
007F
0080
5B
0000
0081
65
0082
0083
