0A
07
0C
01
01
01
09
07
0C
01
01
01
09
07
01
09
0C
01
01
09
0C
01
0A
07
0C
01
01
01
0A
07
0C
01
01
01
0A
07
0C
01
01
01
07
01
07
01
12
0C
01
0A
0C
01
07
01
09
07
0C
01
01
01
0A
0C
01
0A
07
0C
01
01
01
0B
07
0C
01
01
01
0A
07
0C
01
01
01
0A
0C
01
01
0A
0C
01
01
0A
0C
01
0A
0C
01
01
0A
0C
01
0A
0C
01
07
01
01
01
01
01
01
01
01
01
01
01
01
01
01
01
01
07
01
01
01
01
01
01
01
01
01
01
0F
0A
07
0C
01
01
08
01
01
01
01
07
01
01
07
01
07
01
01
0004
001B
006E
0001
0068
00000032
0001
0001
00000008
2A
B4000D
B80017
B0
0000
0002
0069
00000006
0001
0000
002F
006A
0000000C
0001
0000
0008
006B
006C
0000
