0A
09
09
09
0A
09
0A
09
0A
0A
07
0A
0A
0A
0A
0A
09
0A
07
0A
0A
0A
0A
07
0A
07
0A
09
09
07
07
0A
0A
0A
0A
0A
0A
0A
09
0A
0A
0A
0A
0A
09
0A
0A
0A
0A
09
0B
0B
0B
0B
0B
0B
0A
0A
0A
0A
0A
0A
0A
09
0A
0A
0A
0A
0A
0A
0A
07
0A
07
07
01
01
01
01
01
05
01
01
01
03
01
01
01
01
01
01
01
01
01
01
01
01
01
01
07
01
01
01
01
01
01
01
01
01
01
01
01
01
01
01
07
01
01
01
01
01
01
01
01
01
01
01
01
01
07
01
01
07
07
07
07
07
07
07
07
01
01
07
01
01
01
07
01
01
01
01
01
01
07
01
01
01
01
01
01
01
01
01
01
01
01
01
01
01
01
01
01
01
01
01
01
01
01
01
01
01
01
01
01
01
01
01
01
01
01
01
01
01
01
01
07
07
01
01
01
01
01
01
01
01
01
01
01
01
07
01
01
07
01
01
01
01
01
01
01
01
01
01
01
01
01
01
01
01
01
01
01
0C
0C
0C
0C
0C
0C
0C
0C
01
07
0C
07
0C
0C
0C
0C
0C
01
0C
0C
0C
0C
01
0C
01
0C
07
0C
0C
01
01
0C
0C
0C
0C
0C
07
0C
0C
0C
0C
0C
0C
0C
0C
07
0C
07
0C
0C
0C
0C
0C
0C
0C
0C
0C
0C
0C
0C
0C
0C
0C
0C
0C
0C
0C
0C
0C
01
01
01
01
01
01
01
01
01
07
01
01
01
07
01
07
01
01
01
01
01
01
01
01
01
01
01
01
01
01
01
01
01
01
01
01
01
01
01
01
01
01
01
01
01
01
01
01
01
01
01
01
01
01
01
01
01
01
01
01
01
01
01
01
01
01
01
01
1008
00E1
00E2
0001
0067
0000003B
0003
0002
00000007
2A
1B
5A
B50003
AC
0000
0002
0068
00000006
0001
0000
0009
0069
00000016
0002
0000
0007
00DC
005C
0000
0000
0007
00DD
0054
0001
