0A
07
0C
01
01
01
09
07
0C
01
01
01
09
0C
01
01
09
0C
01
07
01
0A
07
0C
01
01
01
09
0C
01
01
0A
0C
01
01
07
01
0A
0C
01
01
0A
0C
01
0A
0C
01
01
0A
0C
01
01
0A
0C
01
01
12
0C
01
01
12
0C
01
01
12
0C
01
01
07
01
01
01
01
01
01
01
01
01
01
01
01
01
01
01
01
01
01
01
01
01
01
01
01
01
01
0F
0A
07
0C
01
01
01
08
01
0F
0F
0F
01
01
07
01
01
07
01
07
01
01
0001
0005
002C
0004
004B
0000005C
0002
0004
00000014
2A
B70001
2A
2B
B50007
2A
1C
B5000D
2A
1D
B50011
B1
0000
0002
004C
00000006
0001
0000
0009
004D
0000002A
0004
0000
0014
004E
004F
0000
0000
0014
000B
000C
0001
0000
0014
000F
0010
0002
0000
0014
0013
0010
0003
0053
0000000D
03
000B
0000
000F
0000
0013
0000
0049
00000009
0001
16
00
00
0048
0000
0052
0000000B
03
0001
0048
0000
0000
0000
