01
07
01
07
01
07
01
01
01
01
01
01
01
01
01
01
01
01
01
0C
0A
0C
0A
01
01
0C
0A
0C
09
01
01
01
01
03
01
07
01
01
0C
0B
01
07
01
01
0C
0A
0C
09
01
0C
0A
01
07
03
01
0C
0B
01
07
01
01
0C
0A
03
03
01
01
0C
0A
03
03
01
07
01
01
0C
0A
01
0C
0B
03
03
01
07
01
01
0C
0A
03
03
01
0C
0A
03
03
03
01
0C
0A
03
03
03
03
01
07
01
07
03
01
0C
0B
01
07
01
08
01
08
01
0C
0A
01
01
0C
0B
03
03
08
01
01
0C
0A
01
01
01
01
01
01
01
01
01
01
01
07
01
07
01
01
0C
0A
01
01
0C
0A
0C
09
01
07
01
01
0C
0A
01
0C
0A
01
01
01
07
01
0C
0A
01
01
01
07
01
01
01
0C
0A
01
01
01
01
01
08
01
08
01
08
01
08
01
08
01
08
01
08
01
08
01
01
03
0C
0A
01
07
01
0C
0A
0C
09
01
07
01
01
0C
0A
0C
0A
01
0C
0A
01
0C
09
01
01
01
01
01
01
1001
00B2
0021
0001
00E3
00000012
0002
0002
00000006
2A
2B
B700B4
B1
0000
0000
