01
07
01
07
01
07
01
01
01
01
07
01
07
01
01
07
01
07
01
01
01
01
01
01
01
01
01
01
01
01
01
01
01
01
01
0C
0A
01
01
01
01
0C
0A
01
01
01
0C
09
0C
09
0C
09
0C
09
0C
09
0C
09
0C
09
0C
09
0C
09
0C
09
0C
09
0C
09
0C
09
01
01
01
01
01
01
01
01
01
01
01
01
01
01
01
01
01
07
01
07
01
0C
0B
01
01
01
01
01
07
01
01
0C
0B
01
01
01
01
01
01
01
01
01
0001
0022
0028
0001
006C
000000C1
000E
000D
0000001B
2A
1B
1C
1D
1504
1505
1506
1507
1508
1509
150A
150B
03
150C
B7002B
B1
0000
0002
006D
00000084
000D
0000
001B
0026
0027
0000
0000
001B
0014
0015
0001
0000
001B
0016
0015
0002
0000
001B
0017
0015
0003
0000
001B
0018
0015
0004
0000
001B
0019
0015
0005
0000
001B
001A
0015
0006
0000
001B
002C
0015
0007
0000
001B
002D
0015
0008
0000
001B
001D
0015
0009
0000
001B
001E
0015
000A
0000
001B
001F
0015
000B
0000
001B
002E
0015
000C
006E
0000000A
0002
0000
0053
001A
0057
