07
01
07
01
01
01
01
08
01
01
08
01
01
08
01
01
01
01
01
08
01
01
08
01
01
08
01
01
01
01
01
01
0A
0C
09
0C
09
0C
01
01
01
01
01
09
0C
01
01
01
01
01
01
01
01
01
01
01
01
01
09
0C
01
01
01
01
01
01
01
07
01
0A
0B
07
01
0C
01
01
01
01
01
01
01
01
01
01
01
01
09
0C
01
01
09
0C
01
01
01
01
01
07
01
0A
0B
07
01
0C
01
01
01
01
01
01
01
01
01
01
0A
0C
01
01
0A
07
01
0C
01
01
01
01
01
01
0A
0C
01
01
01
07
01
0A
08
01
0A
0C
01
01
08
01
0A
0C
01
01
08
01
08
01
08
01
08
01
08
01
08
01
08
01
0A
0C
01
01
08
01
0A
08
01
0A
07
01
0C
01
01
01
01
01
01
01
07
01
07
01
01
0001
003D
002F
0002
0030
00000023
0004
0031
0000
0032
0001
00010033
73
0034
0035
0001
00010033
73
000C
0036
0001
00010033
65
0037
0038
0020
0000002F
0001
0001
00000005
2A
B4003B
B0
0000
0002
0027
00000006
0001
0000
006F
0028
0000000C
0001
0000
0005
0029
002A
0000
