0A
09
09
07
0A
0A
0A
07
09
0B
0A
0A
0A
0A
0A
0A
08
0A
0A
0A
0A
0A
0A
0A
0A
07
0A
0B
0A
0B
0B
0B
0B
0A
07
0A
0A
07
0A
07
07
01
01
01
01
01
01
01
01
01
01
01
01
01
01
01
01
01
01
01
01
01
01
01
01
01
01
01
01
01
01
01
01
01
01
01
01
07
07
01
07
01
01
01
01
01
01
01
01
01
01
07
07
07
01
01
01
01
07
01
01
01
01
01
01
01
01
03
0C
0C
0C
01
07
0C
0C
0C
01
0C
07
0C
07
0C
0C
0C
0C
0C
0C
01
07
0C
07
0C
0C
0C
0C
07
0C
0C
0C
01
0C
0C
07
0C
0C
07
0C
07
0C
0C
0C
01
0C
01
01
01
01
01
01
01
01
01
01
01
01
01
01
01
01
01
01
01
01
01
01
01
01
01
01
01
01
01
01
01
01
01
01
01
01
01
01
01
01
01
01
01
01
01
01
01
01
01
01
01
01
01
01
01
01
0009
0054
0055
0001
0034
00000049
0005
0002
00000015
B20009
BB001A
59
2A
2B
B7001B
B9001C0200
C00004
B0
0000
0002
0035
00000006
0001
0000
0077
0036
00000016
0002
0000
0015
0056
0057
0000
0000
0015
0058
0059
0001
