01
07
01
01
07
01
07
01
01
0C
0A
01
01
01
01
01
01
01
07
01
0C
0A
01
01
01
01
0C
09
01
01
07
01
07
01
01
0C
09
01
07
01
0C
09
01
07
01
0C
09
01
07
01
0C
09
01
01
01
08
01
07
01
01
0C
0A
0C
0A
01
07
01
01
0C
0B
01
07
01
01
0C
0B
01
01
0C
0B
01
01
0C
0B
01
07
01
01
0C
0B
01
01
0C
0B
01
01
0C
0B
01
07
01
0C
0A
01
01
0C
0B
01
07
01
07
01
0C
0A
01
01
07
01
07
01
01
01
08
01
08
01
07
01
0C
0B
01
01
0C
0A
01
07
0B
01
01
01
0C
0A
01
0C
0A
01
01
0A
0C
09
01
07
01
08
01
0C
0A
01
08
01
01
0C
0A
01
07
0A
01
07
01
01
0C
0A
01
08
01
08
01
08
01
08
01
08
01
08
01
08
01
01
01
01
01
01
01
01
01
01
01
01
01
03
03
01
01
03
01
01
01
01
01
01
01
01
01
07
01
01
01
01
01
01
01
01
01
01
01
01
01
0001
001D
000F
0003
00DA
0000007C
0003
0002
00000052
1008
BD001F
4C
2B
03
B20025
C0001F
53
2B
04
B20025
C0001F
53
2B
05
B20025
C0001F
53
2B
06
B2002A
C0001F
53
2B
07
B2002F
C0001F
53
2B
08
B2002A
C0001F
53
2B
1006
B20034
C0001F
53
2B
1007
B20025
C0001F
53
2B
B0
0000
0002
00DB
00000006
0001
0000
009D
00DC
0000000C
0001
0000
0052
000C
000D
0000
00DD
00000002
0010
00D9
00000006
0001
0011
0000
