0A
09
07
08
09
0A
0A
0A
09
0A
0A
0A
0A
0A
07
01
01
01
01
01
01
01
01
01
01
01
01
01
01
01
01
01
01
01
01
01
01
01
01
01
01
01
01
01
01
01
01
01
01
01
01
01
01
01
01
01
01
01
01
01
01
01
01
01
01
01
01
01
01
01
01
01
01
0C
0C
01
01
07
0C
0C
07
0C
0C
07
0C
0C
0C
07
0C
0C
07
01
01
01
01
01
01
01
01
01
01
01
01
01
01
01
01
0001
0015
0016
0001
0017
00000046
0002
0002
0000000A
2A
B70001
2A
2B
B50002
B1
0000
0002
0018
0000000E
0003
0000
000E
0004
000F
0009
0010
0019
00000016
0002
0000
000A
001A
001B
0000
0000
000A
0010
0011
0001
