01
07
01
07
01
07
01
01
07
01
07
01
01
01
07
01
07
01
01
01
01
01
01
01
01
01
01
0C
0A
0C
09
01
07
01
01
0C
0A
0C
09
01
01
01
01
01
01
01
01
0A
01
01
0C
0A
01
01
0C
0A
01
01
0C
0A
0C
0A
01
01
01
01
0C
0A
01
07
01
01
0C
0B
01
07
01
01
01
0C
0A
01
01
0C
0A
01
01
01
01
01
01
01
0C
0A
01
01
0C
0A
01
01
0C
0A
01
01
01
01
01
01
01
01
01
01
0000
0019
001A
0003
0069
00000051
0002
0002
00000011
2A
B7001D
2A
2B
B5001F
2A
B80025
B50027
B1
0000
0002
006A
00000012
0004
0000
011B
0004
011C
0009
011D
0010
011E
006B
00000016
0002
0000
0011
0028
0029
0000
0000
0011
0013
0014
0001
0067
00000009
0001
16
00
00
0015
0000
006C
00000005
01
0013
0000
