09
09
0A
0A
09
0A
07
0A
09
09
07
0A
0A
07
0A
0A
0B
07
0B
0B
07
07
0A
07
0A
07
07
07
01
01
01
01
01
01
07
01
01
01
01
01
01
01
01
01
01
01
01
01
01
01
01
01
01
01
01
01
01
01
01
01
01
01
01
01
01
01
01
01
01
01
07
01
01
01
01
01
01
01
01
01
01
01
01
01
01
01
01
01
01
01
01
01
0C
0C
0C
0C
0C
0C
01
0C
0C
0C
01
0C
0C
01
0C
07
0C
01
0C
0C
01
01
0C
01
0C
01
01
01
07
01
01
01
01
01
01
01
01
01
01
01
01
01
01
01
01
0001
0038
0039
0001
002C
00000034
0001
0001
0000000A
2A
B40009
B900130100
AC
0000
0002
002D
00000006
0001
0000
0074
002E
0000000C
0001
0000
000A
002F
0030
0000
