01
07
01
01
07
01
07
01
01
01
01
01
0C
09
01
0C
0A
01
01
01
01
01
01
01
01
01
01
01
03
01
01
01
01
01
01
01
01
01
07
01
01
0C
0A
01
01
0C
09
01
07
01
01
0C
0A
01
07
01
07
01
01
0C
0A
01
07
01
01
0C
09
01
07
01
08
01
0C
0A
01
01
01
07
01
01
01
0C
0A
01
01
01
01
0C
0A
0C
0A
01
01
01
01
01
07
0C
0A
01
01
03
03
01
03
01
03
01
01
01
01
01
01
01
01
0C
01
07
01
01
01
01
01
01
01
01
01
01
01
01
0011
0055
0056
0004
0078
00000042
0003
0003
00000010
2A
2B
2C
B60059
C00002
B20043
B6005B
B0
0000
0001
0079
00000020
0003
0000
0010
0012
0013
0000
0000
0010
005C
005D
0001
0000
0010
005E
0016
0002
007A
00000002
0057
007D
00000006
0001
0024
0000
007E
0000000D
02
0001
0025
0000
0001
0024
0000
