0A
09
0A
0A
09
0B
0A
0A
0A
0B
0A
0A
0A
0B
07
07
01
01
01
01
01
01
01
01
01
01
01
01
01
01
01
01
01
01
01
01
01
01
01
01
01
01
01
07
01
01
01
01
01
01
0C
0C
0C
07
0C
0C
07
0C
0C
07
0C
07
0C
0C
0C
07
0C
07
0C
0C
01
01
01
01
01
01
01
01
01
01
01
01
01
01
01
01
01
01
01
01
01
01
01
01
0001
0025
0026
0001
0019
00000053
0002
0002
00000017
2A
2B
B70007
2A
B40005
2B
B60008
B80009
B9000A0200
57
B1
0000
0002
001A
0000000E
0003
0000
0090
0005
0091
0016
0092
001B
00000016
0002
0000
0017
001C
001F
0000
0000
0017
0027
0028
0001
