01
07
01
01
07
01
07
01
01
01
01
01
01
08
01
07
01
01
0C
0A
01
08
01
0C
0A
01
0C
09
01
0C
09
01
01
0C
09
01
08
01
07
01
01
0C
09
01
07
01
07
01
01
0C
0A
01
01
0C
09
01
08
01
07
01
0C
09
01
0C
09
01
08
01
07
01
0C
09
01
0C
09
01
08
01
07
01
0C
09
01
0C
09
01
08
01
07
01
0C
09
01
0C
09
01
08
01
07
01
0C
0A
01
07
01
0C
0A
01
01
0C
09
01
08
01
07
0A
01
0C
09
01
08
01
07
0A
01
0C
09
01
08
01
07
0A
01
0C
09
01
08
01
07
0A
01
0C
09
01
08
01
07
0A
01
0C
09
01
08
01
07
0A
01
0C
09
01
08
01
07
0A
01
07
01
0C
0A
01
01
0C
09
01
08
01
07
0A
01
0C
09
01
08
01
08
01
07
01
0C
09
01
0C
0A
01
0C
09
01
07
01
0C
09
01
0C
09
01
08
01
08
01
07
01
0C
09
01
0C
09
01
08
01
08
01
07
01
0C
09
01
0C
09
01
08
01
08
01
07
01
0C
09
01
0C
09
01
08
01
08
01
07
01
0C
09
01
0C
09
01
08
01
07
01
0C
09
01
0C
09
01
08
01
08
01
07
01
0C
09
01
0C
0A
01
0C
09
01
08
01
08
01
07
0A
01
0C
09
01
08
01
08
01
07
0A
01
0C
09
01
01
01
01
08
0C
0A
01
01
01
01
01
01
01
01
01
07
01
07
01
01
0C
0A
0C
0A
01
07
0C
0A
01
01
01
01
01
07
01
01
0C
0A
01
0C
0A
01
01
01
01
01
08
01
07
01
0C
0A
01
01
01
01
01
07
01
0C
0A
01
01
01
01
07
01
0C
0A
01
01
01
01
01
07
01
01
0C
0A
01
01
01
01
07
01
07
01
0C
0A
01
01
01
01
01
01
01
01
01
01
01
01
01
01
01
01
01
01
01
08
01
08
01
01
0C
0A
01
07
01
01
01
08
01
07
01
01
0C
0A
01
0C
0A
0C
0A
01
01
01
0C
0A
0C
0A
01
01
01
01
07
01
01
0C
09
01
0C
09
01
08
01
08
01
08
01
07
01
01
0C
0A
0F
01
0C
12
01
07
01
01
0C
09
01
07
01
01
0C
0A
01
01
0C
0A
01
01
01
01
0C
0A
01
01
08
12
01
0C
0A
0C
0A
01
01
08
12
01
0C
0A
0C
0A
01
01
0C
0A
0C
0A
01
01
0C
09
01
01
01
01
01
0C
09
01
01
01
01
01
01
01
01
08
01
01
01
08
01
08
01
01
01
01
01
0C
0A
01
01
0C
0A
01
01
01
01
01
01
07
01
0C
0A
01
0C
0A
01
01
01
08
01
07
01
0C
0A
01
01
0C
0A
01
08
01
07
0A
01
08
01
07
0A
01
01
07
01
0C
0A
01
01
01
01
01
07
0A
01
07
0A
01
01
0C
0A
01
01
01
0C
0A
01
01
01
01
01
01
01
01
03
03
03
01
01
03
01
01
01
01
01
01
01
01
01
01
01
01
01
01
01
01
01
01
01
01
01
01
01
01
01
01
01
01
0011
020B
020C
0001
0283
0000003A
0002
0002
00000006
2A
1B
B5020A
B1
0000
0002
0284
00000006
0001
0000
013C
0285
00000016
0002
0000
0006
012A
012B
0000
0000
0006
020D
0201
0001
