0A
09
07
0A
0B
0A
07
07
01
01
01
01
01
01
01
01
01
01
01
01
01
01
01
01
01
01
01
01
01
01
01
01
01
01
01
01
01
01
01
01
01
01
01
01
01
07
01
01
01
01
0C
0C
01
0C
07
0C
0C
01
01
01
01
01
01
01
0009
0017
0018
0004
000F
00000045
0003
0001
00000009
BB0003
59
2A
B70004
B0
0000
0003
0010
00000006
0001
0000
0020
0011
0000000C
0001
0000
0009
0009
000A
0000
0014
0000000C
0001
0000
0009
0009
000C
0000
000B
00000002
0019
001A
00000006
0001
001B
0000
001C
00000010
0002
01
00
00
001D
0000
01
01
00
001E
0000
