0A
0A
0A
07
08
0A
09
07
0A
09
0B
0A
09
0A
0A
09
09
0A
0A
0A
09
0A
0A
0A
0B
0A
07
0A
0A
0A
0A
07
07
07
07
01
01
01
01
01
01
01
01
01
01
01
01
01
01
01
01
01
01
01
01
01
01
01
01
01
01
01
07
07
01
01
01
01
01
01
01
01
01
01
01
01
01
01
01
01
01
01
01
01
01
01
07
01
01
01
01
01
01
01
01
01
07
01
01
01
01
07
0C
0C
0C
01
01
0C
0C
01
0C
0C
07
0C
0C
0C
0C
0C
0C
07
0C
0C
0C
0C
0C
0C
0C
0C
07
0C
0C
01
0C
0C
0C
01
01
01
01
01
01
01
01
01
01
01
01
01
01
01
01
01
01
01
01
01
01
01
01
01
01
01
01
01
0004
002D
002E
0002
002F
00000068
0003
0003
0000000A
2A
2B
B80001
1C
B70002
B1
0000
0003
0030
0000000A
0002
0000
001B
0009
001C
0031
00000020
0003
0000
000A
0032
0033
0000
0000
000A
0024
0034
0001
0000
000A
0035
0036
0002
0037
00000016
0002
0000
000A
0032
0038
0000
0000
000A
0024
0039
0001
0026
00000002
003A
