0A
0A
09
0A
07
07
0A
0A
0A
0A
07
09
09
09
0A
0A
0A
07
07
0A
08
0A
09
0A
0A
0A
07
08
0A
09
07
08
0A
07
01
01
01
01
01
01
01
01
01
01
01
01
01
01
01
01
01
01
01
01
01
01
01
01
01
01
01
01
01
01
01
01
01
01
01
01
01
01
01
01
01
01
01
01
01
01
01
01
01
01
01
01
07
01
07
01
01
01
01
01
01
01
01
01
01
01
0C
0C
0C
07
0C
07
01
0C
0C
0C
0C
01
07
0C
0C
0C
0C
0C
0C
01
01
0C
01
0C
0C
0C
0C
0C
01
0C
01
01
01
01
01
01
01
01
01
01
01
01
01
01
01
01
01
1000
0033
005B
0001
002C
0000004F
0003
0004
00000007
2A
2B
1C
B70002
B1
0000
0002
002D
00000006
0001
0000
0069
0030
0000002A
0004
0000
0007
0035
0026
0000
0000
0007
005C
0032
0001
0000
0007
005D
0054
0002
0000
0007
005E
005F
0003
