0A
07
0C
01
01
01
07
01
0A
09
07
0C
01
01
01
07
01
08
01
0A
0C
01
0A
0C
01
01
0B
07
0C
01
01
01
07
01
0A
07
0C
01
01
01
07
01
0A
0B
0C
01
01
09
0C
01
01
0B
07
0C
01
01
01
08
01
0B
0C
01
01
0B
0C
01
01
08
01
0B
0C
01
01
0B
07
0C
01
01
0B
0C
01
01
07
01
0A
0C
01
0A
07
0C
01
01
01
07
01
01
01
01
05
01
01
01
01
01
01
01
01
01
01
01
01
01
01
01
01
01
01
01
01
01
01
01
01
01
01
01
01
01
0001
007C
007D
0002
0067
00000042
0002
0002
0000000E
2A
B4000A
2B
B9001B0200
C00021
B0
0000
0002
0068
00000006
0001
0000
0068
0069
00000016
0002
0000
000E
006A
006B
0000
0000
000E
006F
0070
0001
0065
00000002
007E
