09
09
0A
0A
09
09
0A
09
0A
0A
09
0A
07
0A
07
09
07
07
0A
08
0A
0A
0A
08
0A
0A
0A
0A
07
09
0A
0A
0A
0A
0A
05
07
07
01
01
01
01
01
01
01
01
01
01
01
01
01
01
01
01
01
01
01
01
07
01
01
01
01
01
01
01
01
01
01
01
01
01
01
01
01
01
01
01
01
01
01
01
01
01
01
07
07
07
01
01
01
01
01
01
01
01
01
01
07
01
01
01
0C
0C
0C
0C
0C
0C
0C
0C
07
0C
0C
0C
0C
01
0C
01
0C
01
01
01
0C
0C
0C
01
0C
07
0C
0C
07
0C
01
0C
07
0C
0C
0C
01
01
01
01
01
01
01
01
01
01
01
01
01
01
01
01
01
01
01
01
01
01
01
01
01
01
01
01
01
01
01
0001
005F
0060
0002
0034
00000051
0007
0002
00000019
2A
2A
B40008
03
33
2A
B40008
04
33
B2001E
2A
B4000B
2B
B60023
B1
0000
0002
0035
0000000A
0002
0000
00AD
0018
00AE
0036
00000016
0002
0000
0019
0037
0038
0000
0000
0019
0061
0062
0001
0063
00000004
0001
0064
