0A
09
09
09
07
0A
0B
0A
0B
09
09
0A
0B
09
09
0A
0B
09
09
0A
0B
09
09
0A
0B
09
09
09
09
09
09
09
09
09
09
09
09
09
09
09
09
09
09
09
09
09
0A
07
0A
0A
09
09
09
09
0A
07
0A
0A
09
09
09
09
09
07
07
07
01
01
01
01
01
01
01
01
01
01
01
01
01
01
01
01
01
01
01
01
01
01
01
01
01
01
01
01
01
01
01
01
01
01
01
01
01
01
01
01
01
01
01
01
01
01
01
01
01
01
01
01
01
01
01
01
01
01
01
01
01
01
01
01
01
01
01
01
01
01
01
01
01
01
01
01
01
01
01
01
01
01
01
01
01
01
01
01
01
01
01
01
01
01
07
01
01
01
01
01
01
07
01
01
01
01
01
01
07
01
01
01
01
01
01
07
01
01
01
01
01
01
07
01
01
01
01
01
01
01
01
01
01
01
01
01
01
01
01
01
01
01
01
01
01
01
01
01
01
01
01
01
01
01
01
01
01
01
01
01
01
01
01
01
01
01
01
01
01
01
01
01
01
01
01
01
01
01
01
01
01
01
01
01
01
01
01
01
01
01
01
01
01
01
01
01
01
01
07
01
01
01
01
01
01
01
01
01
01
01
01
01
01
01
01
01
01
01
01
01
01
01
01
01
01
01
01
01
01
01
01
01
01
01
01
01
01
01
01
01
0C
0C
0C
0C
01
07
0C
0C
07
0C
0C
0C
07
0C
0C
0C
07
0C
0C
0C
07
0C
0C
0C
0C
0C
0C
0C
0C
0C
0C
0C
0C
0C
0C
0C
0C
0C
0C
0C
0C
0C
0C
0C
0C
0C
01
0C
0C
0C
0C
0C
0C
01
0C
0C
0C
0C
0C
01
01
01
01
01
01
01
01
01
01
01
01
01
0001
00DA
00DB
0003
0090
00000050
0002
0002
00000006
2A
2B
B50020
B1
0000
0003
0091
0000000A
0002
0000
012A
0005
012B
0092
00000016
0002
0000
0006
0093
0094
0000
0000
0006
0057
0058
0001
00C3
0000000C
0001
0000
0006
0057
0059
0001
0049
00000002
00DC
00DD
0000000C
01
0001
005B
0001
0001005C
63
0054
