0A
09
09
08
07
0A
0A
07
0A
0A
0A
0A
0A
07
0A
08
0A
0A
0A
08
0A
08
07
0A
0A
0A
08
0A
08
0A
08
07
0A
0A
08
0A
08
0A
08
0A
08
0A
08
0A
08
0A
08
0A
08
07
0A
0A
08
07
0A
08
07
0A
0A
08
0A
08
07
0A
0A
08
0A
08
07
0A
0A
08
0A
08
0A
08
07
0A
0A
08
0A
08
0A
08
0A
08
0A
08
0A
08
0A
08
0A
08
0A
08
0A
08
0A
08
0A
08
0A
08
0A
0A
08
0A
08
0A
07
0A
09
07
07
01
01
01
05
01
01
01
01
01
01
01
01
01
01
01
01
01
01
01
01
01
01
01
01
01
01
01
01
01
01
01
01
01
01
01
01
01
01
01
01
01
01
01
01
01
01
01
01
01
01
01
01
01
01
01
01
01
01
01
01
01
01
01
01
01
01
01
01
01
01
01
01
01
01
01
01
01
01
01
01
01
01
01
01
01
01
01
01
01
01
01
01
01
01
01
01
01
01
01
01
01
01
01
01
01
01
01
01
01
01
01
01
01
01
01
01
01
01
01
01
01
01
01
01
01
01
01
01
01
01
01
01
01
01
01
01
01
01
01
01
01
01
01
01
01
01
01
01
01
01
01
01
01
01
01
01
01
01
01
01
01
01
01
01
01
01
01
01
01
01
0C
0C
0C
01
01
0C
0C
01
07
0C
0C
0C
07
0C
07
0C
0C
01
0C
07
0C
07
0C
01
0C
01
01
0C
07
0C
01
0C
01
0C
01
01
0C
01
0C
01
0C
01
0C
01
0C
01
0C
01
0C
01
0C
01
01
0C
01
01
0C
01
01
0C
01
0C
01
01
0C
01
0C
01
01
0C
01
0C
01
0C
01
01
0C
01
0C
01
0C
01
0C
01
0C
01
0C
01
0C
01
0C
01
0C
01
0C
01
0C
01
0C
01
0C
01
0C
07
0C
01
0C
01
0C
01
07
0C
01
01
01
01
01
01
01
01
01
01
01
01
01
01
01
01
01
01
01
01
01
01
01
01
01
01
000A
008F
0090
0001
007F
00000050
0004
0002
00000014
2A
B6000C
4C
2A
2B
04
2B
BE
B8000D
C0000E
B6000F
B1
0000
0002
0080
0000000E
0003
0000
002E
0005
002F
0013
0030
0081
00000016
0002
0000
0014
0091
0092
0000
0005
000F
0093
0094
0001
