0A
07
0C
01
01
01
09
07
0C
01
01
01
09
0C
01
01
09
0C
01
09
0C
01
09
0C
01
01
09
0C
01
01
09
0C
01
01
09
0C
01
09
0C
01
0A
07
0C
01
01
01
0A
0C
01
09
0C
01
09
0C
01
01
0A
07
0C
01
01
01
0A
0C
01
01
07
01
12
0C
01
01
0A
0C
01
0A
07
0C
01
01
01
0A
0C
01
12
0A
0C
01
08
01
09
0C
01
12
12
08
01
09
0C
01
12
09
0C
01
12
08
01
08
01
09
07
0C
01
01
0A
07
0C
01
01
01
09
0C
01
01
0A
0C
01
07
01
0A
0C
01
0A
07
0C
01
01
01
0A
07
0C
01
01
01
0A
0C
01
01
0A
07
0C
01
01
01
12
0C
01
0A
07
0C
01
01
01
0A
0C
01
01
07
01
01
01
01
01
01
01
01
01
01
01
01
01
01
01
01
01
01
01
01
01
01
07
01
01
01
01
01
01
01
01
01
01
01
01
01
01
01
07
01
01
07
01
07
01
07
01
01
01
01
01
01
01
01
01
01
01
01
01
01
01
01
07
01
01
0F
0A
07
0C
01
01
08
01
08
01
08
01
08
01
08
01
08
01
08
01
01
07
01
07
01
01
0001
00DE
00BC
0001
00AB
0000009D
0002
0002
00000027
2A
2B
B50014
2A
2B
C70007
01
A70007
2B
B60029
B50062
2A
2B
C70007
01
A70007
2B
B6002F
B50066
2A
B0
0000
0003
00AC
00000012
0004
0000
01DD
0005
01DE
0015
01DF
0025
01E0
00AD
00000016
0002
0000
0027
00AE
00AF
0000
0000
0027
00DF
0010
0001
00BE
00000030
0004
4E
07
0008
FF
0003
0002
07
0008
07
002A
0002
07
0008
07
00BF
4B
07
0008
FF
0003
0002
07
0008
07
002A
0002
07
0008
07
00BF
