01
07
01
07
01
01
01
01
01
01
08
01
07
01
01
0C
0A
01
08
01
08
01
08
01
0C
0A
01
0C
09
01
01
0C
09
0C
09
0C
09
0C
09
01
01
0C
09
01
01
01
01
01
01
01
01
01
01
01
01
01
01
01
01
0C
0A
01
01
01
01
01
01
01
01
01
0C
0A
0C
0A
01
01
08
01
07
01
01
0C
0A
0F
01
0C
12
01
01
0C
0A
01
07
0A
01
07
01
0C
0A
01
01
01
01
01
01
0C
0A
01
01
01
01
01
01
01
0C
09
01
07
01
07
01
01
0C
0B
01
07
01
01
0C
09
01
0C
0B
01
01
0C
0B
01
01
0C
0B
01
01
01
01
01
01
01
01
01
01
01
01
01
01
01
01
01
01
07
01
0C
09
01
01
0C
0A
01
07
01
01
0C
0A
01
01
01
01
01
01
01
07
01
0C
0A
01
01
0C
09
01
07
01
07
01
0C
0A
01
01
01
01
01
01
03
03
03
01
01
03
01
01
01
01
01
01
01
01
01
01
01
01
01
01
01
01
01
01
0011
003F
0032
0002
00D8
00000023
0001
0001
00000005
2A
B40021
B0
0000
0001
00DA
0000000C
0001
0000
0005
002C
002D
0000
00D6
00000006
0001
0009
0000
