01
07
01
07
01
01
0C
0A
01
01
01
01
01
01
01
01
01
01
0C
09
01
07
01
0C
0A
01
07
01
07
01
01
0C
0A
01
01
01
07
01
08
01
08
01
07
01
01
0C
0A
01
01
0C
0A
0C
0A
01
01
0C
0A
01
07
01
01
0C
0A
01
07
01
0C
0B
01
07
0C
0B
0A
01
07
01
01
0C
0A
01
08
01
07
01
01
0C
0A
01
07
01
08
01
07
01
07
01
01
0C
09
01
07
01
01
0C
0A
01
08
01
07
01
01
0C
0A
0F
01
0C
12
01
01
01
01
01
01
01
01
0C
0A
01
01
01
07
01
0C
0A
01
01
0C
09
01
07
01
01
0C
0A
01
08
01
01
03
03
03
01
01
03
01
01
01
01
01
01
01
01
01
01
01
01
01
01
01
0014
0010
0006
0001
00A3
00000040
0004
0001
00000012
B20014
BB0016
59
2A
B70019
C0001B
B80021
B1
0000
0002
00A4
0000000A
0002
0000
0013
0011
0014
00A5
0000000C
0001
0000
0012
0009
000A
0000
