09
0A
07
07
0A
0A
09
0A
0A
0A
07
12
0A
08
08
0A
09
08
08
09
08
08
09
08
08
09
08
08
09
08
08
09
08
08
09
08
08
09
08
08
09
08
08
09
08
08
09
08
08
09
08
08
09
08
08
09
08
08
09
07
01
01
01
01
01
01
01
01
01
01
01
01
01
01
01
01
01
01
01
01
01
01
01
01
01
01
01
01
01
01
01
01
01
01
01
01
01
01
01
01
01
01
01
01
01
01
01
0C
07
0C
01
0C
0C
0C
07
0C
0C
0C
01
01
0F
08
0C
0C
01
0C
0C
01
0C
01
0C
01
0C
01
0C
01
0C
01
0C
01
0C
01
0C
01
0C
01
0C
01
0C
01
0C
01
0C
01
0C
01
01
01
01
01
01
01
01
01
0A
01
01
01
07
0C
01
07
01
01
01
07
01
01
0009
0051
0052
0001
0053
00000022
0001
0000
0000000A
B20001
B60002
C00003
B0
0000
0001
0054
00000006
0001
0000
001E
