01
07
01
01
07
01
07
01
07
01
01
01
07
01
07
01
01
07
01
07
01
01
01
01
01
07
01
0C
0B
01
07
01
01
0C
0A
01
01
01
01
01
01
01
01
01
01
01
01
01
0C
09
01
01
0C
09
01
01
01
01
08
01
07
01
01
0C
0A
01
01
0C
0A
01
0C
0A
01
01
01
01
01
01
01
0C
0B
01
01
0C
0B
01
01
01
01
08
01
07
01
01
0C
0A
01
08
10
01
01
0C
0B
0F
03
03
01
07
01
01
0C
0A
0F
01
0C
12
01
01
01
01
01
0C
0B
01
01
01
01
01
01
01
0C
0B
0F
0C
12
01
01
0C
0B
01
01
01
01
01
0C
0B
0F
0C
12
01
01
01
01
0C
0B
01
01
01
01
01
01
01
0C
0B
0F
0C
12
01
01
01
01
0C
0B
01
01
01
01
01
01
01
0C
0B
0F
0C
12
01
01
01
01
0C
0B
01
01
01
01
08
01
01
0C
0B
0F
01
0C
12
01
0B
01
0C
0B
01
0C
0B
01
01
0C
0B
01
01
01
0C
0B
01
01
01
0C
0B
01
01
01
0C
0B
01
01
01
0C
0B
0F
0C
12
01
01
01
01
01
01
01
0C
0B
01
01
01
07
01
01
0C
0A
01
07
01
01
0C
0A
08
01
01
0C
0A
08
08
08
08
08
08
01
0C
0A
01
0C
0A
08
0A
01
0C
0A
08
01
0C
0A
08
01
0C
0A
01
0C
0A
08
01
01
0C
0A
01
07
08
08
01
07
08
01
07
08
08
01
07
01
07
01
08
01
0C
0A
01
01
0C
0B
0B
01
01
01
01
01
01
0C
0B
01
07
01
0C
0A
01
01
0C
0B
01
07
01
0C
0A
01
01
0C
0B
01
07
01
0C
0A
01
01
0C
0B
01
07
01
0C
0B
01
01
01
01
01
01
01
01
01
01
01
01
01
1041
0046
00F4
0001
0172
00000045
0003
0003
00000009
2A
2B
2C
B900D40300
B0
0000
0003
0174
00000006
0001
0000
0028
0175
0000000C
0001
0000
0009
0026
0028
0000
0176
0000000C
0001
0000
0009
0026
0027
0000
