01
07
01
01
07
01
01
01
01
01
01
01
01
01
01
01
01
01
01
01
01
0C
0B
01
01
01
01
01
01
01
01
01
01
01
01
07
01
01
0C
09
01
07
01
0C
09
01
07
0C
0B
01
01
01
01
01
01
0C
0B
01
01
01
01
01
07
01
0C
0B
01
01
01
01
01
07
01
0C
0B
01
01
01
01
01
07
01
0C
0B
01
01
01
01
01
07
01
0C
0B
01
01
01
01
01
07
01
0C
0B
01
01
01
01
01
07
01
0C
0B
01
01
01
01
01
07
01
0C
0B
01
01
01
01
07
01
0C
0B
01
01
01
01
01
07
01
0C
0B
01
01
01
01
01
01
01
01
01
01
01
01
0001
005F
0060
0006
0090
0000005C
0004
0004
0000000C
2A
2B
28
B80066
B900310300
B0
0000
0003
0091
00000006
0001
0000
00AA
0092
00000020
0003
0000
000C
0018
001A
0000
0000
000C
000A
001B
0001
0000
000C
0022
0067
0002
0093
0000000C
0001
0000
000C
0018
0019
0000
008B
00000002
0061
008C
00000006
0001
000C
0000
008D
0000000F
0002
14
00
000C
0000
16
00
00
000C
0000
008E
00000009
02
0001
000C
0000
0000
008F
00000009
02
000A
0010
0022
0010
