0A
07
08
0A
08
08
09
09
09
0A
07
0A
0A
07
0B
0B
07
0A
0A
08
0A
0A
08
08
0A
07
07
01
01
01
01
01
05
01
01
01
01
01
01
01
01
01
01
01
01
01
01
01
01
01
01
01
07
07
07
01
01
01
01
01
01
01
01
01
01
01
01
01
01
01
01
01
01
01
01
01
01
01
01
0C
01
01
0C
01
01
0C
0C
0C
0C
01
07
07
0C
01
0C
07
0C
01
0C
01
0C
0C
01
01
0C
01
01
01
01
01
01
01
01
01
01
01
01
01
01
01
01
0001
0048
0049
0001
002E
00000078
0002
0002
0000001C
2B
C1000E
990010
2B
C0000E
2A
B9000F0200
A7000A
2B
2A
B900100200
B1
0000
0004
002F
00000012
0004
0000
0076
0007
0077
0014
0079
001B
007A
0030
00000016
0002
0000
001C
0031
0032
0000
0000
001C
004A
004B
0001
0033
0000000C
0001
0000
001C
0031
0034
0000
0035
00000004
0002
14
06
