0A
08
09
07
0A
09
08
09
07
0A
09
09
0B
07
0A
08
0A
0A
08
0A
0A
08
0A
08
0A
08
0A
08
0A
07
0A
0A
0A
07
07
07
01
01
01
01
01
01
01
01
01
01
01
01
01
01
01
01
01
01
01
01
01
01
01
01
01
01
01
01
01
01
01
01
01
01
01
01
01
01
01
01
01
01
01
01
01
01
01
01
01
01
01
01
01
01
01
01
01
01
01
01
01
01
01
01
01
01
01
07
07
01
01
01
01
01
01
01
01
01
01
01
01
01
01
01
07
01
01
01
01
01
01
01
07
01
01
01
01
01
01
01
0C
0C
01
0C
01
0C
01
0C
0C
07
0C
01
01
0C
0C
01
0C
0C
01
0C
01
0C
01
0C
01
0C
01
0C
0C
0C
01
01
01
07
01
07
01
01
01
01
01
01
01
01
01
0001
0058
0040
0001
0037
00000076
0002
0001
0000004C
BB000E
59
B7000F
1210
B60011
2A
B60012
B60011
1213
B60011
2A
B60014
B60015
1216
B60011
2A
B60017
B60011
1218
B60011
2A
B60019
B60015
121A
B60011
2A
B6001B
B60015
121C
B60011
B6001D
B0
0000
0002
0038
00000006
0001
0000
0026
0039
0000000C
0001
0000
004C
003A
003B
0000
