09
09
0A
07
0A
0A
0A
0A
04
07
07
09
0A
0A
0A
0A
0A
0A
0A
0A
0A
0A
0A
0A
0A
12
0A
12
0A
05
06
0A
0A
0B
07
01
01
01
01
01
01
01
01
01
01
03
01
03
01
01
01
01
01
01
01
03
01
01
01
01
01
01
01
01
01
01
01
01
01
01
01
01
01
01
07
01
01
01
01
01
01
01
01
01
01
01
01
01
01
01
01
01
01
01
01
01
01
01
01
01
01
01
01
01
01
01
01
01
01
01
01
01
01
01
01
01
01
01
01
01
01
01
01
01
01
01
01
01
01
01
01
01
01
01
01
01
01
01
01
01
01
01
01
01
01
01
01
0C
0C
0C
01
0C
0C
0C
07
0C
01
0C
0C
0C
0C
0C
0C
0C
0C
0C
0C
0C
0C
07
0C
01
0F
10
0F
0C
0F
0C
07
0C
07
0C
07
0C
01
01
01
01
01
01
01
01
01
01
01
01
01
01
01
0A
01
0A
01
01
0A
01
01
01
01
01
01
01
01
01
07
0C
0C
0C
01
01
07
01
01
07
01
01
100A
008A
008B
0001
003D
00000047
0002
0003
00000009
2A
2C
B900240200
57
B1
0000
0002
003E
00000006
0001
0000
00AC
003F
00000020
0003
0000
0009
007F
007C
0000
0000
0009
0058
0029
0001
0000
0009
0061
0029
0002
