09
09
0A
07
0A
0A
0A
0A
04
07
07
09
0A
0A
0A
0A
0A
0A
0A
0A
0A
0A
0A
0A
0A
12
0A
12
0A
05
06
0A
0A
0B
07
01
01
01
01
01
01
01
01
01
01
03
01
03
01
01
01
01
01
01
01
03
01
01
01
01
01
01
01
01
01
01
01
01
01
01
01
01
01
01
07
01
01
01
01
01
01
01
01
01
01
01
01
01
01
01
01
01
01
01
01
01
01
01
01
01
01
01
01
01
01
01
01
01
01
01
01
01
01
01
01
01
01
01
01
01
01
01
01
01
01
01
01
01
01
01
01
01
01
01
01
01
01
01
01
01
01
01
01
01
01
01
01
0C
0C
0C
01
0C
0C
0C
07
0C
01
0C
0C
0C
0C
0C
0C
0C
0C
0C
0C
0C
0C
07
0C
01
0F
10
0F
0C
0F
0C
07
0C
07
0C
07
0C
01
01
01
01
01
01
01
01
01
01
01
01
01
01
01
0A
01
0A
01
01
0A
01
01
01
01
01
01
01
01
01
07
0C
0C
0C
01
01
07
01
01
07
01
01
1008
0091
0090
0001
003D
0000001C
0001
0000
00000004
B20001
B0
0000
0001
003E
00000006
0001
0000
0026
