09
09
09
0A
0A
09
0A
0A
0B
0A
0A
0B
0B
0B
07
0A
0B
0A
0B
0A
07
07
0A
0A
07
0A
08
0A
0A
08
0A
0A
0A
0A
0A
0B
07
0A
0A
0A
0A
0B
07
0A
0B
07
0A
07
0B
0B
0A
09
0B
0B
07
07
0A
0A
0A
07
08
0A
0A
0A
0B
07
0A
0B
07
0A
07
07
07
01
01
01
01
01
01
01
01
01
01
01
01
01
01
01
01
01
01
01
01
01
01
01
07
07
01
01
01
01
01
01
01
01
01
01
01
01
01
01
01
01
01
01
01
01
01
01
01
01
01
01
01
01
01
01
01
01
01
01
01
01
01
07
07
07
07
07
07
07
07
01
01
01
01
01
01
01
01
01
01
07
01
01
01
01
01
01
01
01
01
01
01
01
01
01
01
01
01
01
01
03
01
01
01
01
01
01
01
01
01
01
01
01
01
01
01
07
0C
0C
0C
0C
0C
07
0C
0C
0C
0C
07
0C
07
0C
07
0C
07
0C
07
0C
0C
01
07
0C
0C
0C
07
0C
0C
01
01
0C
01
01
0C
07
0C
01
0C
0C
0C
07
0C
07
0C
01
0C
0C
0C
0C
0C
01
0C
07
0C
01
0C
01
0C
0C
0C
07
0C
0C
0C
01
01
0C
0C
0C
01
01
0C
0C
0C
07
0C
01
0C
07
0C
01
0C
01
01
01
01
01
01
01
01
01
01
01
01
01
01
01
01
01
01
01
01
01
01
01
01
01
01
01
01
01
01
01
01
01
01
01
01
01
01
01
01
01
01
01
01
01
01
01
01
01
01
01
01
01
01
01
01
01
01
01
01
01
01
01
01
01
01
01
01
01
01
01
01
01
01
01
01
01
01
01
01
01
01
01
01
01
01
01
01
01
01
0000
00AA
00AB
0003
0059
00000050
0002
0002
00000006
2A
2B
B50002
B1
0000
0003
005A
0000000A
0002
0000
00DF
0005
00E0
005B
00000016
0002
0000
0006
005C
005D
0000
0000
0006
0052
0053
0001
0065
0000000C
0001
0000
0006
0052
0054
0001
004E
00000002
00AC
00A7
0000000B
0001
00A8
0001
000100AD
5A
00AE
