07
07
0A
0A
0A
0A
0A
0A
0A
07
0B
0A
07
09
0A
0B
07
0A
08
0A
09
0A
07
07
01
01
01
01
01
01
01
01
01
01
01
01
01
01
01
01
01
01
01
01
01
01
01
01
01
01
01
01
01
01
01
01
01
01
01
01
01
01
01
01
01
01
01
01
01
01
01
01
01
01
01
01
01
01
01
01
01
01
0C
0C
0C
07
0C
07
0C
07
0C
0C
01
0C
0C
01
0C
0C
0C
01
0C
01
0C
07
0C
0C
01
01
01
01
01
01
01
01
01
01
01
01
01
01
01
01
01
01
01
01
01
01
01
01
01
01
0009
002D
002E
0003
001D
0000005E
0005
0003
0000000E
BB000A
59
2A
2B
2C
B8000B
B7000C
B0
0000
0003
001E
00000006
0001
0000
004A
001F
00000020
0003
0000
000E
0020
0021
0000
0000
000E
0022
001A
0001
0000
000E
0023
0024
0002
0027
0000000C
0001
0000
000E
0023
0028
0002
0029
00000002
002F
002B
00000006
0001
002C
0000
