0A
07
07
0A
0A
0A
09
0A
07
09
0A
07
0A
08
0A
08
0A
0A
08
07
09
08
0A
0A
0A
08
0A
0A
07
0A
08
08
0A
08
08
08
08
08
08
08
08
07
07
01
01
01
01
01
01
01
01
01
01
01
01
01
01
01
01
01
01
01
01
01
07
01
01
01
01
01
01
01
01
01
01
01
01
01
01
07
0C
01
01
0C
0C
0C
0C
0C
01
0C
07
0C
01
01
0C
01
0C
0C
01
01
0C
01
0C
0C
0C
01
07
0C
01
01
01
0C
01
01
01
01
01
01
01
01
01
01
01
01
01
01
01
01
01
01
01
01
01
01
01
01
01
01
01
01
01
01
01
01
01
01
0001
0047
0043
0002
0035
00000055
0003
0002
0000001D
B2000A
BB000C
59
B7000D
121A
B6000F
2B
B6001B
B6000F
B60011
B60012
B1
0000
0002
0036
0000000A
0002
0000
0067
001C
0068
0037
00000016
0002
0000
001D
0038
0039
0000
0000
001D
0044
0045
0001
0040
00000004
0001
0041
