0A
09
08
0A
0B
05
0A
08
0B
08
08
0B
0A
08
0A
0A
08
08
0A
08
08
08
0B
08
08
08
0B
08
08
08
08
07
0A
08
0A
0A
0A
0A
0A
0A
07
08
0A
08
07
0A
08
0A
0A
0A
0A
07
07
07
01
01
01
01
01
01
01
01
01
01
01
01
01
01
01
01
07
01
01
07
01
01
01
01
01
01
01
01
01
07
01
01
01
01
01
01
01
01
01
01
01
01
01
01
01
01
01
01
01
01
0C
0C
01
07
0C
0C
0C
01
0C
01
01
0C
0C
0C
0C
01
01
0C
01
01
01
0C
01
01
01
0C
01
01
01
01
01
01
0C
0C
0C
0C
07
0C
01
01
0C
01
01
0C
01
0C
0C
0C
0C
01
01
01
01
01
01
01
01
01
01
01
01
01
01
01
01
01
01
01
01
01
01
01
01
01
01
01
01
01
01
01
01
01
01
01
01
01
0001
0043
0044
0001
003C
00000068
0002
0002
0000001E
2A
B40002
1203
B60004
4C
2B
C6000C
2B
B900050100
A70009
140006
B80008
B0
0000
0003
003D
0000000A
0002
0000
0029
000A
002A
003E
00000016
0002
0000
001E
003F
0040
0000
000A
0014
0045
0046
0001
0047
0000000C
0002
FC
0017
07
0048
45
07
002E
