0A
07
0A
0A
0A
0B
0A
07
09
09
0A
09
09
09
0A
07
0A
0A
0A
0A
07
0A
0A
08
0A
0A
07
07
01
01
01
01
01
01
01
01
01
01
01
01
01
01
01
01
01
01
01
01
01
01
07
01
01
01
01
01
01
01
01
01
01
01
01
01
01
01
01
01
01
01
01
01
01
01
01
01
01
01
01
01
01
01
01
01
01
01
01
0C
01
0C
0C
0C
0C
0C
07
01
0C
0C
0C
0C
0C
0C
07
0C
01
0C
0C
0C
07
0C
01
0C
01
0C
0C
01
01
07
01
01
01
01
01
01
01
01
01
01
01
01
01
01
01
01
01
01
01
01
0081
0024
0035
0002
001F
0000008B
0008
0006
00000013
2A
2B
BB0002
59
2C
2D
1904
1905
B70005
B60004
B0
0000
0003
0020
00000006
0001
0000
0015
0021
0000003E
0006
0000
0013
0022
0023
0000
0000
0013
0028
0029
0001
0000
0013
002A
002B
0002
0000
0013
002C
0029
0003
0000
0013
0036
0037
0004
0000
0013
002D
002E
0005
002F
00000016
0002
0000
0013
002A
0030
0002
0000
0013
0036
0038
0004
0031
00000002
0039
