01
07
01
01
07
01
07
01
01
01
01
01
0C
09
01
01
0C
09
01
01
0C
09
01
0C
0A
01
01
01
01
01
01
01
01
01
01
01
03
01
01
01
01
01
01
01
01
01
07
01
01
0C
0A
01
01
0C
09
01
07
01
01
0C
0A
01
07
01
01
0C
0A
01
07
01
07
01
01
0C
0A
01
07
01
08
01
0C
0A
01
01
01
07
01
01
01
0C
0A
01
01
01
01
0C
0A
01
07
01
01
0C
09
0C
0A
01
01
01
01
01
07
0C
0A
01
01
03
03
03
01
03
01
03
01
01
01
01
01
01
0C
01
01
01
01
01
01
01
01
01
01
01
0011
005D
005E
0004
0082
00000042
0003
0003
00000010
2A
2B
2C
B60061
C00002
B20067
B60069
B0
0000
0001
0083
00000020
0003
0000
0010
001A
001B
0000
0000
0010
006A
006B
0001
0000
0010
006C
001E
0002
0084
00000002
005F
0087
00000006
0001
002C
0000
0088
0000000D
02
0001
002D
0000
0001
002C
0000
