0A
07
0C
01
01
01
08
01
0A
07
0C
01
01
01
07
01
09
07
0C
01
01
01
09
0C
01
01
08
01
0A
07
0C
01
01
01
0A
0C
01
01
0A
0C
01
01
0A
0C
01
01
0A
0C
01
0A
0C
01
0A
0C
01
07
01
07
01
08
01
0A
0C
0A
0C
01
07
01
08
01
0A
07
0C
01
01
01
08
01
0A
0C
01
01
07
01
0A
07
0C
01
01
01
0A
07
0C
01
01
01
09
0C
01
01
08
01
09
0C
01
08
01
09
0C
01
07
01
07
01
07
01
07
01
01
01
01
01
01
01
01
01
01
01
01
01
01
01
01
01
01
01
01
01
01
01
01
01
01
07
01
07
01
01
07
01
07
01
07
01
07
01
07
01
07
01
01
0001
002D
0031
0001
007E
00000041
0002
0002
00000009
2A
B40011
2B
B6002F
B1
0000
0002
007F
0000000A
0002
0000
0039
0008
003A
0080
00000016
0002
0000
0009
0081
0082
0000
0000
0009
0085
0087
0001
