0A
07
0A
09
08
0A
0B
0A
0B
07
0A
07
0A
07
0A
07
0A
07
0A
07
0A
07
0B
0A
07
0A
0A
07
08
0A
0A
08
07
0A
0A
0A
07
0A
08
0A
08
0A
07
08
0A
0A
08
08
08
08
0A
0A
0A
0A
07
0A
0A
07
07
07
01
01
01
01
01
01
01
01
01
01
01
01
01
01
01
01
01
01
01
01
01
01
01
01
01
01
01
01
01
01
01
01
07
01
01
01
01
01
01
01
01
01
01
01
01
01
07
07
01
01
01
01
01
01
01
01
01
01
01
01
01
01
01
01
01
01
01
01
01
01
01
01
01
01
01
01
01
01
01
01
01
01
0C
01
0C
01
07
0C
07
0C
07
0C
0C
01
0C
01
0C
01
0C
01
0C
01
0C
01
0C
01
0C
0C
01
0C
01
01
0C
07
0C
01
01
0C
07
0C
01
01
0C
01
0C
01
01
0C
01
01
01
01
0C
0C
0C
01
0C
0C
01
01
01
01
01
01
01
01
01
01
01
01
01
01
01
01
01
01
01
01
01
01
01
01
01
01
01
01
01
01
01
01
0002
0074
0075
0002
0043
00000086
0002
0003
00000012
2B
B60033
4D
2C
C7000B
BB0019
59
B7001A
BF
B1
0000
0004
0044
00000012
0004
0000
00B2
0005
00B4
0009
00B5
0011
00B7
0045
00000020
0003
0000
0012
0046
0047
0000
0000
0012
0076
0077
0001
0005
000D
005B
004F
0002
0050
00000016
0002
0000
0012
0076
0078
0001
0005
000D
005B
0051
0002
0052
00000008
0001
FC
0011
07
005D
003F
00000002
0079
