01
07
01
07
01
01
01
03
03
01
01
03
01
01
01
01
01
01
01
01
01
01
01
01
01
01
01
01
01
01
01
01
01
01
01
01
01
01
01
01
01
01
01
01
01
01
01
01
01
01
01
01
01
01
01
01
01
01
01
01
01
01
01
01
01
01
01
01
01
01
01
01
01
01
01
01
01
01
01
01
01
01
01
01
01
01
01
01
01
01
01
01
01
01
01
01
01
01
01
01
01
01
01
01
01
01
01
01
01
01
01
01
01
01
01
01
01
01
01
01
01
01
01
01
01
01
01
01
01
01
01
01
01
01
01
01
01
01
01
01
01
01
01
01
01
01
01
01
01
01
01
01
01
01
01
01
01
01
01
01
01
01
01
01
01
01
01
01
01
01
01
01
01
01
01
01
01
01
01
01
01
01
01
01
01
01
01
01
01
01
01
01
01
01
01
01
01
01
01
01
01
01
01
01
01
01
01
01
01
01
01
01
01
01
01
01
01
01
01
01
01
01
01
01
01
01
01
01
01
01
01
01
01
01
01
01
01
01
01
01
01
01
01
01
01
08
01
07
01
01
0C
0A
01
07
01
07
01
01
0C
0A
01
01
0C
0A
01
01
0C
0A
01
01
01
07
0A
01
01
08
01
07
01
0C
0A
01
01
01
07
0A
01
01
01
07
01
0C
0A
01
01
01
07
0A
01
01
01
07
01
0C
0A
01
01
01
07
01
0C
0A
01
01
01
07
01
0C
0A
01
01
01
01
07
01
0C
0A
01
01
01
07
01
0C
0A
01
01
01
07
01
0C
0A
01
01
01
07
01
0C
0A
01
01
01
07
01
0C
0A
01
01
01
07
0A
01
01
01
07
01
0C
0A
01
01
01
07
0A
01
01
01
07
01
0C
0A
01
01
01
07
01
0C
0A
01
01
01
07
0A
01
01
01
07
01
0C
0A
01
01
01
07
0A
01
01
01
07
0A
01
01
01
07
01
0C
0A
01
01
01
07
0A
01
01
01
07
0A
01
01
01
07
0A
01
01
01
07
0A
01
01
01
07
0A
01
01
01
07
01
0C
0A
01
01
01
07
0A
01
01
01
07
0A
01
01
01
07
0A
01
01
01
07
0A
01
01
08
01
07
01
0C
0A
01
01
01
07
0A
01
01
01
07
0A
01
01
01
07
0A
01
01
01
07
01
0C
0A
01
01
01
08
01
07
01
0C
0A
01
01
01
07
0A
01
01
01
07
01
0C
0A
01
01
01
07
01
0C
0A
01
01
01
07
01
0C
0A
01
01
01
07
01
0C
0A
01
01
01
07
01
0C
0A
01
01
01
07
01
0C
0A
01
01
01
07
0A
01
01
01
07
0A
01
01
01
07
01
0C
0A
01
01
01
07
0A
01
01
01
07
0A
01
01
01
01
07
01
0C
0A
01
01
01
07
01
0C
0A
01
01
01
07
01
0C
0A
01
01
01
07
0A
01
01
01
07
01
0C
0A
01
01
01
07
0A
01
01
01
07
0A
01
01
01
07
0A
01
01
01
07
0A
01
01
01
07
0A
01
01
01
07
0A
01
01
01
07
0A
01
01
01
07
0A
01
01
01
07
01
0C
0A
01
01
01
07
0A
01
01
01
07
01
0C
0A
01
01
01
08
01
07
01
0C
0A
01
01
01
01
07
01
0C
0A
01
01
01
07
0A
01
01
01
07
01
0C
0A
01
01
01
07
01
0C
0A
01
01
01
07
01
0C
0A
01
01
01
07
0A
01
01
01
07
01
0C
0A
01
01
01
07
0A
01
01
01
07
01
0C
0A
01
01
01
07
0A
01
01
01
07
01
0C
0A
01
01
01
07
0A
01
01
01
07
01
0C
0A
01
01
01
07
01
0C
0A
01
01
01
07
0A
01
01
01
07
0A
01
01
01
07
0A
01
01
01
07
01
0C
0A
01
01
01
07
01
0C
0A
01
01
01
01
01
01
01
01
01
0019
00D4
02DA
0003
0322
00000052
0005
0002
0000001E
2A
12F6
B800FC
2B
130114
B800FC
BB02DC
59
2A
B60104
2B
2A
B60108
B702DD
B0
0000
0002
0323
00000006
0001
000D
00F2
0324
00000016
0002
0000
001E
02DE
0012
0000
0000
001E
0017
00D3
0001
0325
00000006
0001
00F4
0000
0326
0000000D
02
0001
00F4
0000
0001
00F4
0000
