0A
0A
09
09
09
09
09
09
0A
09
0A
09
0A
07
0A
07
0A
0A
0A
0A
0A
0A
0A
0A
0A
07
0A
07
0A
0A
0A
07
0A
0A
08
07
07
0A
0A
0A
09
0A
0A
09
0A
0A
0A
09
0A
0A
0A
0A
0A
0A
0A
0A
0A
0A
0A
0A
09
0A
0A
0A
0A
0A
0B
0B
0B
0B
0B
0B
0A
0A
0A
0A
0A
0A
0A
09
0A
0A
0A
0A
0A
0A
0A
07
0A
07
07
01
01
01
07
01
01
01
01
05
01
01
01
01
01
03
01
01
01
03
01
03
01
03
01
01
01
01
01
01
01
01
01
01
07
01
01
01
01
01
01
01
01
01
01
01
01
07
01
01
01
01
01
01
01
01
01
01
01
01
01
01
01
01
01
01
01
01
07
01
01
07
07
07
01
01
07
01
01
01
07
01
01
01
01
01
01
01
01
01
01
01
01
07
01
01
01
01
01
01
01
01
01
07
01
07
01
01
01
01
01
01
01
01
01
01
01
01
01
01
01
01
01
01
01
01
01
01
01
01
01
01
01
01
01
01
01
01
01
01
01
01
01
01
01
07
01
01
01
01
01
01
01
01
01
01
01
01
07
01
01
07
01
01
01
01
07
01
01
01
01
01
01
01
01
01
01
01
01
01
01
01
01
01
01
01
01
07
01
01
01
01
01
01
0C
0C
0C
0C
0C
0C
0C
0C
0C
0C
0C
0C
07
01
01
07
0C
0C
0C
0C
0C
0C
0C
0C
01
0C
01
0C
0C
0C
01
0C
0C
01
01
01
0C
0C
0C
0C
07
0C
0C
0C
0C
0C
0C
0C
0C
0C
0C
0C
0C
0C
0C
0C
0C
0C
0C
0C
07
0C
07
0C
0C
0C
0C
0C
0C
0C
0C
0C
0C
0C
0C
0C
0C
0C
0C
0C
0C
0C
0C
0C
01
01
01
01
01
01
01
01
01
01
01
07
01
01
01
07
01
01
01
07
01
07
01
01
01
01
01
01
01
01
01
01
01
01
01
01
01
01
01
01
01
01
01
01
01
01
01
01
01
01
01
01
01
01
01
01
01
01
01
01
01
01
01
01
01
01
01
01
01
01
01
01
01
01
01
01
01
01
01
01
01
01
01
01
01
01
01
01
01
01
01
01
01
01
1008
0109
010A
0001
0080
0000003B
0003
0002
00000007
2A
2B
5A
B50007
B0
0000
0002
0081
00000006
0001
0000
3660
0082
00000016
0002
0000
0007
0104
0078
0000
0000
0007
0105
0069
0001
