08
08
08
07
07
01
01
01
01
01
01
01
01
01
01
01
01
01
01
01
01
01
01
01
01
01
01
01
01
01
01
01
01
01
01
01
01
01
01
01
01
01
01
01
01
01
01
01
01
01
01
01
01
01
01
01
01
01
01
01
01
01
01
01
01
01
01
01
01
01
01
01
01
01
01
01
01
01
01
01
01
01
01
01
01
01
01
01
01
01
01
01
01
01
01
01
01
01
08
07
07
07
07
07
07
07
07
07
07
07
07
07
07
07
07
07
07
07
07
07
07
07
07
07
01
01
01
01
01
01
01
01
01
01
01
01
01
01
01
01
01
01
01
01
01
01
01
01
01
01
01
01
01
01
01
01
01
01
01
01
01
01
01
01
01
01
01
01
01
01
01
01
01
01
01
01
01
01
01
01
01
0C
0C
0C
0C
0C
0C
0C
0C
0C
0C
0C
0C
0C
0C
0C
0C
0C
0C
0C
0C
0C
0C
0C
0C
0C
0C
0C
0C
0C
0C
0C
0C
0C
0C
0C
0C
0C
0C
0C
0C
0C
0C
09
09
09
0A
0A
0A
0A
0A
0A
0A
0A
0A
0A
0A
0A
0A
0A
0A
0A
0A
0A
0A
0A
0A
0A
0A
0A
0A
0A
0A
0A
0A
0A
0A
0A
0A
0B
0B
0B
0B
0B
0B
0B
0B
0B
01
01
01
01
01
01
01
01
01
01
01
01
0001
0028
0094
0001
010D
00000032
0001
0001
00000008
2A
B60101
B600F6
B0
0000
0002
0111
00000006
0001
0000
00C7
0112
0000000C
0001
0000
0008
0061
008D
0000
