0A
07
0C
01
01
01
09
07
0C
01
01
01
09
0C
01
01
07
01
0B
07
0C
01
01
01
07
01
07
01
07
01
07
01
07
01
0A
0C
01
01
07
01
07
01
0A
0C
01
01
0A
0C
01
07
01
07
01
07
01
07
01
0A
07
0C
01
01
01
0A
0C
01
01
07
01
0A
07
0C
01
01
01
0A
0C
01
01
0A
07
0C
01
01
01
0A
0C
01
0B
0C
01
0A
0C
01
0A
0C
01
01
0A
0C
01
01
01
01
01
01
01
01
01
01
01
01
01
01
01
01
01
01
01
01
01
01
01
01
01
01
01
01
01
01
01
01
01
01
01
01
01
01
07
01
01
01
01
01
01
01
01
01
0001
0074
0075
0002
0068
0000007A
0004
0003
00000034
2A
B4000D
121F
B900130200
C00021
B60023
3C
2A
B4000D
1227
B900130200
C00021
B60023
3D
BB0029
59
1B
B8002B
1C
B8002B
B7002F
B0
0000
0002
0069
0000000E
0003
0000
002D
0012
002E
0024
002F
006A
00000020
0003
0000
0034
006B
006C
0000
0012
0022
0076
0077
0001
0024
0010
0078
0077
0002
0072
00000002
0079
