0A
07
0C
01
01
01
09
07
0C
01
01
01
09
0C
01
01
09
0C
01
01
09
0C
01
01
09
0C
01
01
07
01
0A
09
0C
01
0A
0C
01
01
07
01
08
01
0A
0C
01
0B
07
0C
01
01
01
0B
07
0C
01
01
01
0B
07
0C
01
01
01
0B
0C
01
01
07
01
0B
0C
01
07
01
0B
0C
01
0A
0C
01
09
0C
01
09
0C
01
01
0A
0C
01
01
0A
07
0C
01
01
01
0A
0C
01
01
0A
0C
01
01
07
01
03
07
01
03
0A
0C
01
0B
0C
01
01
0A
0C
01
01
07
01
0A
0C
01
12
0C
01
01
01
01
01
01
01
01
01
01
01
01
01
01
01
01
01
01
01
01
01
01
01
01
01
01
01
01
01
01
01
01
01
01
01
01
01
01
01
01
01
01
01
01
01
01
01
0F
0A
07
0C
01
01
08
01
01
01
01
07
01
07
01
01
0001
0013
0092
0002
0086
0000003B
0002
0002
00000007
2A
2B
B50011
2A
B0
0000
0002
0087
00000006
0001
0000
000F
0088
00000016
0002
0000
0007
0089
008A
0000
0000
0007
0013
0014
0001
008C
0000000B
0001
008D
0001
0001008E
73
0093
