0A
09
09
09
09
07
0A
0B
0B
0A
07
0A
07
0A
07
0A
08
0A
08
0A
08
08
08
08
08
0A
08
0A
08
0A
09
0A
07
08
0A
0A
0A
0A
08
0A
0A
0A
08
0A
08
08
08
08
0A
0A
0A
07
0A
09
0A
07
01
01
01
01
01
01
01
01
01
01
01
01
01
01
01
01
01
01
01
01
01
01
01
01
01
01
01
01
01
01
01
01
01
01
01
01
01
01
01
01
01
01
01
01
01
01
01
01
01
01
01
01
01
01
01
01
01
01
01
01
01
01
01
01
01
01
01
01
01
07
01
07
01
01
01
01
01
01
0C
0C
0C
0C
0C
01
07
0C
0C
0C
01
07
0C
01
0C
01
01
0C
01
0C
01
01
01
01
01
0C
01
01
07
0C
0C
0C
01
01
0C
0C
07
0C
0C
0C
0C
01
01
01
07
0C
07
0C
0C
01
0C
0C
01
01
01
01
01
01
01
01
01
01
01
01
01
01
01
01
01
01
01
01
01
01
01
01
01
01
01
01
01
01
01
01
01
01
01
0001
0083
005E
0001
0051
00000032
0002
0001
00000008
B80031
2A
B60033
B0
0000
0002
0052
00000006
0001
0000
016B
0053
0000000C
0001
0000
0008
0054
0055
0000
