0A
0A
09
09
09
0A
0A
0A
0A
0A
0A
0A
0A
0A
0A
07
0A
0A
0A
0A
0A
07
07
07
01
01
01
01
01
01
01
01
01
01
01
01
01
01
01
01
01
01
01
01
01
01
01
01
01
01
01
01
01
01
01
01
01
01
01
01
01
07
01
01
01
01
01
01
01
01
01
01
07
01
01
01
01
01
01
01
01
01
01
07
01
01
01
01
01
01
0C
0C
0C
0C
0C
0C
0C
0C
0C
0C
0C
0C
0C
0C
01
0C
0C
0C
0C
0C
01
07
01
01
07
01
07
01
01
01
01
01
01
01
01
01
01
01
01
01
0001
0044
0045
0002
0020
0000002E
0001
0001
00000004
B80012
B0
0000
0002
0021
00000006
0001
0000
0131
0022
0000000C
0001
0000
0004
0023
0026
0000
0040
00000002
0046
