0A
0A
09
09
09
0A
0A
0A
0A
0A
0A
0A
0A
0A
0A
07
0A
0A
0A
0A
0A
07
07
07
01
01
01
01
01
01
01
01
01
01
01
01
01
01
01
01
01
01
01
01
01
01
01
01
01
01
01
01
01
01
01
01
01
01
01
01
01
07
01
01
01
01
01
01
01
01
01
01
07
01
01
01
01
01
01
01
01
01
01
07
01
01
01
01
01
01
0C
0C
0C
0C
0C
0C
0C
0C
0C
0C
0C
0C
0C
0C
01
0C
0C
0C
0C
0C
01
07
01
01
07
01
07
01
01
01
01
01
01
01
01
01
01
01
01
01
0011
001B
002D
0001
0020
0000003F
0002
0002
00000007
2A
2B
B50004
2A
B0
0000
0002
0021
0000000A
0002
0000
0108
0005
0109
0022
00000016
0002
0000
0007
0023
0026
0000
0000
0007
001B
001A
0001
