0A
09
0A
09
0A
07
0A
08
0A
0A
08
0A
08
0A
08
08
0A
07
0A
0A
0A
0A
0A
07
07
08
0A
0A
07
07
07
01
01
01
01
01
01
01
01
01
01
01
01
01
01
01
01
01
01
01
01
01
01
01
01
01
01
01
07
01
01
01
01
01
07
07
01
01
01
01
01
01
01
01
07
01
01
01
01
01
01
0C
0C
0C
0C
0C
01
01
0C
0C
01
0C
01
0C
01
01
0C
01
07
0C
07
0C
07
0C
01
01
01
0C
0C
01
01
01
01
01
01
01
01
01
01
0001
0047
0048
0001
0026
00000064
0004
0002
00000014
2A
B70017
C00012
B0
4C
BB0019
59
121A
2B
B7001B
BF
0001
0000
0007
0008
0018
0003
0027
0000000E
0003
0000
00B4
0008
00B5
0009
00B6
0028
00000016
0002
0009
000B
0049
004A
0001
0000
0014
0029
002A
0000
003A
00000006
0001
48
07
004B
