0A
09
09
09
09
09
09
09
09
09
09
09
09
09
09
09
09
07
0A
0B
09
09
09
09
09
09
09
07
0A
0B
0B
0A
07
0A
07
0A
07
0A
08
0A
08
0A
08
08
08
08
08
08
08
08
08
08
08
08
08
08
08
08
08
08
08
08
08
08
08
08
0A
08
0A
08
0A
09
0A
07
08
0A
0A
0A
0A
0B
0B
07
0A
0A
08
0A
08
0A
0A
08
08
08
08
08
08
08
08
08
08
08
08
08
08
08
08
08
08
08
08
08
08
08
08
08
08
08
08
08
08
0A
08
08
08
08
08
08
08
0A
0A
0A
07
0A
09
0A
08
08
08
07
01
01
01
01
01
01
01
01
01
01
01
01
01
01
01
01
01
01
01
01
01
01
01
01
01
01
01
01
01
01
01
01
01
01
01
01
01
01
01
01
01
01
01
01
01
01
01
01
01
01
01
01
01
01
01
01
01
01
01
01
01
01
01
01
01
01
01
01
01
01
01
01
01
01
01
01
01
01
01
01
01
01
01
01
01
01
01
01
01
01
01
01
01
01
01
01
01
01
01
01
01
01
01
01
01
01
01
01
01
01
01
01
01
01
01
01
01
01
01
01
01
01
01
01
01
01
01
01
01
01
01
01
01
01
01
01
01
01
01
01
01
01
01
01
01
01
01
01
01
01
01
01
01
01
01
01
01
01
01
01
01
01
01
01
01
01
01
01
01
01
01
01
01
01
01
01
01
01
01
01
01
01
01
01
01
01
01
01
01
01
01
01
01
01
01
01
01
01
07
07
01
07
01
01
01
01
01
01
0C
0C
0C
0C
0C
0C
0C
0C
0C
0C
0C
0C
0C
0C
0C
0C
0C
01
07
0C
0C
0C
0C
0C
0C
0C
0C
01
07
0C
0C
0C
01
07
0C
01
0C
01
01
0C
01
0C
01
01
01
01
01
01
01
01
01
01
01
01
01
01
01
01
01
01
01
01
01
01
01
01
0C
01
01
0C
0C
0C
01
01
0C
0C
0C
0C
0C
01
07
0C
0C
01
0C
0C
01
01
01
01
01
01
01
01
01
01
01
01
01
01
01
0C
01
01
01
01
07
0C
07
0C
0C
01
0C
01
01
01
01
01
01
01
01
01
01
01
01
01
01
01
01
01
01
01
01
01
01
01
01
01
01
01
01
01
01
01
01
01
01
01
01
01
01
01
01
01
01
0001
00FA
00FB
0001
00E5
0000003E
0002
0002
00000006
2A
2B
B50005
B1
0000
0002
00E6
0000000A
0002
0000
00E9
0005
00EA
00E7
00000016
0002
0000
0006
00E8
00E9
0000
0000
0006
009D
009E
0001
