01
07
01
07
01
01
01
0C
0A
01
01
0C
09
01
01
01
01
01
01
01
01
08
01
07
01
01
0C
0A
0C
0A
01
01
0C
0A
01
01
08
01
07
01
01
0C
0A
0F
01
0C
12
01
01
01
07
0C
0A
01
01
01
01
01
0C
0A
01
01
01
01
01
01
0C
09
01
07
0C
0A
01
01
0C
0A
01
01
01
01
0C
0A
01
01
01
01
01
0C
0A
01
01
01
01
0C
09
01
01
01
01
01
0C
0A
01
07
01
08
0A
01
01
03
03
03
01
01
03
01
01
01
01
01
01
01
01
01
01
01
01
01
01
01
01
0008
0063
0007
0001
007B
00000030
0003
0000
00000018
BB0046
59
01
B70066
B30044
BB0068
59
126A
B7006B
B3005F
B1
0000
0001
007C
00000006
0001
000B
0014
