0A
07
0C
01
01
01
09
07
0C
01
01
01
09
0C
01
01
09
0C
01
01
09
07
0C
01
01
09
0C
01
09
0C
01
09
0C
01
01
09
0C
01
09
0C
01
08
01
09
0C
01
09
0C
01
08
01
09
0C
01
01
0A
0C
01
01
07
01
01
01
01
01
03
01
01
01
01
01
01
01
01
01
01
01
01
01
01
01
01
01
01
01
01
01
01
01
01
01
01
01
01
01
01
01
01
01
01
01
01
01
01
01
01
01
01
01
01
01
01
01
01
01
01
01
01
0001
005F
0060
0001
0046
0000003E
0003
0003
00000006
2A
1F
B50020
B1
0000
0002
0047
0000000A
0002
0000
00E7
0005
00E8
0048
00000016
0002
0000
0006
0049
004A
0000
0000
0006
004F
0023
0001
