0A
07
0A
08
0A
0A
08
0A
0A
07
0A
0A
07
0A
0A
0A
0A
09
0A
0B
08
07
0A
07
0A
0A
07
08
0A
0A
07
0A
0A
0A
0A
07
01
01
01
01
01
01
05
01
01
01
01
01
01
01
01
01
01
01
01
01
01
01
01
01
01
01
01
01
01
01
01
01
01
01
01
01
01
01
01
01
01
01
01
01
01
01
01
01
01
01
01
01
01
01
01
01
01
01
01
01
01
01
01
01
01
01
01
01
01
01
01
01
01
01
01
01
01
01
01
01
01
01
01
01
01
01
01
01
01
01
01
01
01
01
01
01
01
01
01
01
07
01
01
07
01
01
01
01
01
01
01
01
01
01
01
01
01
01
01
01
01
01
01
01
01
01
01
01
01
01
01
01
01
01
01
01
01
01
01
01
01
01
01
01
01
01
01
01
01
01
01
01
01
01
01
01
01
01
01
01
01
01
01
01
01
01
01
01
01
01
01
01
01
01
01
01
01
0C
01
01
0C
0C
01
0C
07
0C
01
0C
0C
01
0C
0C
0C
07
0C
0C
0C
07
0C
01
01
01
0C
0C
01
01
0C
0C
01
0C
0C
0C
0C
01
01
01
01
01
01
01
01
01
01
01
01
01
01
01
01
01
01
01
01
01
0004
0034
0035
0001
002F
00000046
0002
0001
0000001C
BB0002
59
B70003
1204
B60005
2A
B60006
B60005
1207
B60005
B60008
B0
0000
0002
0030
00000006
0001
0000
002B
0031
0000000C
0001
0000
001C
0032
0033
0000
