0A
07
0A
08
0A
0A
08
0A
0A
07
0A
0A
07
0A
0A
0A
0A
09
0A
0B
08
07
0A
07
0A
0A
07
08
0A
0A
07
0A
0A
0A
0A
07
01
01
01
01
01
01
05
01
01
01
01
01
01
01
01
01
01
01
01
01
01
01
01
01
01
01
01
01
01
01
01
01
01
01
01
01
01
01
01
01
01
01
01
01
01
01
01
01
01
01
01
01
01
01
01
01
01
01
01
01
01
01
01
01
01
01
01
01
01
01
01
01
01
01
01
01
01
01
01
01
01
01
01
01
01
01
01
01
01
01
01
01
01
01
01
01
01
01
01
01
07
01
01
07
01
01
01
01
01
01
01
01
01
01
01
01
01
01
01
01
01
01
01
01
01
01
01
01
01
01
01
01
01
01
01
01
01
01
01
01
01
01
01
01
01
01
01
01
01
01
01
01
01
01
01
01
01
01
01
01
01
01
01
01
01
01
01
01
01
01
01
01
01
01
01
01
01
0C
01
01
0C
0C
01
0C
07
0C
01
0C
0C
01
0C
0C
0C
07
0C
0C
0C
07
0C
01
01
01
0C
0C
01
01
0C
0C
01
0C
0C
0C
0C
01
01
01
01
01
01
01
01
01
01
01
01
01
01
01
01
01
01
01
01
01
1041
00A8
00D2
0001
002F
0000003A
0002
0002
00000006
2A
1B
B60022
B0
0000
0002
0030
00000006
0001
0000
0021
0031
00000016
0002
0000
0006
0032
0033
0000
0000
0006
00D0
0073
0001
