0A
07
0A
08
0A
0A
08
0A
0A
07
0A
0A
07
0A
0A
0A
0A
09
0A
0B
08
07
0A
07
0A
0A
07
08
0A
0A
07
0A
0A
0A
0A
07
01
01
01
01
01
01
05
01
01
01
01
01
01
01
01
01
01
01
01
01
01
01
01
01
01
01
01
01
01
01
01
01
01
01
01
01
01
01
01
01
01
01
01
01
01
01
01
01
01
01
01
01
01
01
01
01
01
01
01
01
01
01
01
01
01
01
01
01
01
01
01
01
01
01
01
01
01
01
01
01
01
01
01
01
01
01
01
01
01
01
01
01
01
01
01
01
01
01
01
01
07
01
01
07
01
01
01
01
01
01
01
01
01
01
01
01
01
01
01
01
01
01
01
01
01
01
01
01
01
01
01
01
01
01
01
01
01
01
01
01
01
01
01
01
01
01
01
01
01
01
01
01
01
01
01
01
01
01
01
01
01
01
01
01
01
01
01
01
01
01
01
01
01
01
01
01
01
0C
01
01
0C
0C
01
0C
07
0C
01
0C
0C
01
0C
0C
0C
07
0C
0C
0C
07
0C
01
01
01
0C
0C
01
01
0C
0C
01
0C
0C
0C
0C
01
01
01
01
01
01
01
01
01
01
01
01
01
01
01
01
01
01
01
01
01
0001
006D
006E
0001
002F
00000033
0003
0001
00000009
BB000D
59
2A
B7000E
B0
0000
0002
0030
00000006
0001
0000
00C7
0031
0000000C
0001
0000
0009
0032
0033
0000
