09
0A
0A
0A
03
08
09
0A
0A
07
0A
0A
0A
07
09
0A
0A
07
09
0A
0A
09
07
08
08
07
07
07
01
01
01
01
01
05
01
01
01
01
01
01
01
01
01
01
01
01
01
01
01
01
01
01
01
01
01
01
01
01
01
01
01
01
01
01
01
01
01
01
01
01
01
01
01
01
01
01
01
01
01
01
01
01
01
07
0C
0C
0C
0C
01
0C
0C
0C
01
0C
0C
0C
01
0C
0C
0C
01
0C
0C
0C
0C
01
01
07
01
01
01
01
01
01
01
01
01
01
01
01
01
07
01
01
01
07
01
01
01
01
01
0011
0041
0042
0001
002A
00000033
0002
0001
00000009
2A
03
B6000D
C0000E
B0
0000
0002
002B
00000006
0001
0000
0095
002C
0000000C
0001
0000
0009
002D
002E
0000
