01
07
01
01
07
01
07
01
01
01
01
01
0C
09
01
01
0C
09
01
0C
09
01
0C
09
01
0C
09
01
0C
09
01
0C
09
01
0C
09
01
0C
09
01
0C
09
01
0C
09
01
0C
09
01
0C
09
01
0C
09
01
0C
09
01
0C
09
01
0C
09
01
0C
0A
01
01
01
01
01
01
01
01
07
01
0C
0A
01
01
0C
0A
01
01
01
01
01
01
01
01
01
01
01
01
01
01
01
01
01
01
01
01
03
03
03
01
03
01
03
01
01
01
01
01
01
01
01
01
01
01
01
01
01
01
01
01
01
01
01
01
01
01
01
01
01
01
01
01
07
01
07
01
07
01
07
01
07
01
07
01
07
01
07
01
07
01
07
01
07
01
07
01
07
01
07
01
07
01
07
01
01
01
01
01
01
01
01
01
01
0000
0008
0009
0002
00AC
00000131
0002
0012
00000069
2A
2B
B5000E
2A
2C
B50012
2A
2D
B50015
2A
1904
B50018
2A
1905
B5001B
2A
1906
B5001E
2A
1907
B50021
2A
1908
B50024
2A
1909
B50027
2A
190A
B5002A
2A
190B
B5002D
2A
190C
B50030
2A
190D
B50033
2A
190E
B50036
2A
190F
B50039
2A
1910
B5003C
2A
1911
B5003F
2A
04
B70042
B1
0000
0001
00AD
000000B6
0012
0000
0069
0043
0044
0000
0000
0069
0045
000C
0001
0000
0069
000F
0010
0002
0000
0069
0013
0010
0003
0000
0069
0016
0010
0004
0000
0069
0019
0010
0005
0000
0069
001C
0010
0006
0000
0069
001F
0010
0007
0000
0069
0022
0010
0008
0000
0069
0025
0010
0009
0000
0069
0028
0010
000A
0000
0069
002B
0010
000B
0000
0069
002E
0010
000C
0000
0069
0031
0010
000D
0000
0069
0034
0010
000E
0000
0069
0037
0010
000F
0000
0069
003A
0010
0010
0000
0069
003D
0010
0011
00AB
00000002
000A
