0A
0A
0A
0A
0A
0A
0A
0A
0A
0A
0A
09
0A
07
0A
0A
0A
09
09
09
09
0A
07
0A
07
07
01
01
01
01
01
01
01
01
01
01
01
01
01
01
01
01
01
01
01
01
01
01
01
01
01
01
01
01
01
01
01
01
01
01
01
01
01
01
01
01
01
01
01
01
01
01
01
01
01
01
01
01
01
01
01
01
07
01
01
01
0C
07
0C
0C
0C
0C
0C
0C
0C
0C
0C
0C
0C
07
0C
01
0C
0C
0C
0C
0C
0C
0C
07
0C
01
0C
01
01
01
01
01
01
01
01
01
01
01
01
0001
0041
0030
0002
0023
00000053
0004
0002
0000000D
2A
BB000E
59
2B
B7000F
B60005
B0
0000
0003
0024
00000006
0001
0000
0042
0025
00000016
0002
0000
000D
0026
0027
0000
0000
000D
0037
001C
0001
0028
0000000C
0001
0000
000D
0026
0029
0000
0031
00000002
0032
