0A
09
08
0A
07
07
0A
08
0A
0A
08
0A
0A
08
0A
07
0A
0B
07
08
08
07
08
0B
0B
08
07
08
08
08
07
09
09
0A
0A
0B
0B
07
07
0A
09
0A
07
07
01
01
01
01
01
01
01
01
01
01
01
01
01
01
01
01
01
01
01
01
01
01
01
01
01
01
01
01
01
01
01
01
01
01
01
01
01
01
01
01
07
07
07
07
07
07
07
01
01
01
01
01
01
01
01
01
0C
0C
01
07
0C
01
01
0C
01
0C
0C
01
0C
0C
01
0C
01
0C
07
0C
01
01
01
01
01
0C
07
0C
01
01
01
01
01
01
07
0C
0C
07
0C
0C
0C
0C
01
01
0C
0C
0C
01
01
01
01
01
01
01
01
01
01
01
01
01
01
01
01
01
01
01
01
01
01
01
01
01
01
01
01
01
01
01
01
01
1041
005E
0060
0001
0033
0000002F
0001
0001
00000005
2A
B6002A
B0
0000
0002
0034
00000006
0001
0000
0023
0035
0000000C
0001
0000
0005
0036
0037
0000
