0A
07
0A
09
09
0B
09
0A
12
0B
0B
09
09
07
07
01
01
01
01
01
01
01
01
01
01
01
01
01
01
01
01
01
01
01
01
01
01
01
01
01
01
01
01
01
01
01
01
01
01
01
01
01
01
01
01
01
01
01
01
01
01
01
01
01
01
01
01
01
01
01
01
01
01
01
01
01
01
01
01
01
01
01
01
07
01
01
01
01
0C
01
0C
0C
07
0C
0C
0C
01
0F
10
0F
10
0C
07
0C
07
0C
0C
0C
01
01
07
01
01
01
01
01
01
0A
01
01
01
01
01
01
01
01
01
01
01
07
0C
01
01
07
01
01
07
01
01
0001
003A
0029
0001
0023
0000003F
0002
0002
00000007
2A
2B
B50007
2A
B0
0000
0002
0024
0000000A
0002
0000
003B
0005
003C
0025
00000016
0002
0000
0007
0026
0027
0000
0000
0007
0014
002A
0001
