09
0A
0A
07
0A
09
07
09
07
0A
09
09
09
09
07
0A
09
09
07
0A
0A
07
09
0A
0A
0A
0A
0A
0B
07
07
0A
08
0A
0A
08
0A
0A
0A
0B
0A
0A
0A
0A
0A
0A
09
0A
0B
07
0A
08
08
07
0A
0A
08
08
08
08
08
0A
08
0A
0A
0A
07
0A
0B
08
0A
0B
0B
08
08
08
08
0A
0A
09
08
0A
0A
07
07
07
0A
0B
0B
07
0B
0A
0A
08
0A
0B
0A
0A
0A
0A
07
0A
0A
08
08
08
0A
0A
0A
0A
08
08
09
0A
08
0A
0A
07
07
07
08
0A
0A
0A
0A
07
08
08
0A
0B
0B
08
0A
0A
0A
07
0A
07
07
08
0A
08
08
07
08
08
0A
0A
0A
08
08
08
08
08
0A
08
07
08
08
08
08
0A
0A
0A
0A
09
07
08
0A
0A
0A
08
0A
08
08
0A
0A
07
0A
0A
0B
08
0A
0A
0A
0A
0A
0A
07
01
01
01
01
01
01
01
01
01
01
01
01
01
01
01
01
01
01
01
01
01
01
01
01
01
01
01
01
01
01
01
01
01
01
01
01
01
01
01
01
01
01
01
01
01
01
01
07
07
07
07
07
07
07
07
07
01
01
01
01
01
01
07
01
01
01
01
01
01
01
01
01
01
01
01
01
01
01
01
01
01
01
01
07
01
01
01
01
01
01
01
01
01
01
07
07
07
07
07
07
07
07
07
07
07
01
01
01
01
01
01
01
01
01
01
01
01
01
01
01
01
01
01
01
01
01
01
01
01
01
01
01
01
01
01
01
01
01
01
01
01
01
01
01
01
01
01
01
01
01
01
01
01
01
01
01
01
01
01
01
01
01
01
01
01
01
01
01
07
07
01
01
01
01
01
01
01
0C
0C
0C
01
0C
0C
01
0C
01
0C
0C
0C
0C
01
0C
0C
01
0C
07
0C
01
0C
0C
0C
0C
0C
07
0C
01
01
01
0C
0C
01
0C
0C
0C
0C
0C
0C
0C
0C
0C
07
0C
0C
0C
01
0C
01
01
01
0C
0C
01
01
01
01
01
0C
01
0C
0C
01
0C
01
0C
07
0C
0C
01
01
01
01
07
0C
0C
0C
01
07
0C
0C
01
01
01
0C
0C
07
01
0C
0C
0C
01
0C
0C
0C
0C
0C
0C
01
0C
0C
01
01
01
0C
07
0C
0C
0C
01
01
0C
0C
01
0C
0C
01
01
01
01
0C
0C
0C
01
01
01
0C
07
01
07
0C
0C
01
01
01
01
01
01
01
01
01
0C
0C
01
01
01
01
01
0C
01
01
01
01
01
01
0C
0C
07
0C
0C
07
0C
01
01
0C
01
0C
01
01
0C
0C
01
07
0C
0C
01
0C
0C
0C
07
0C
0C
0C
01
01
01
01
01
01
01
01
01
01
01
01
01
01
01
01
01
01
01
01
01
01
01
01
01
01
01
01
01
01
01
01
01
01
01
01
01
01
01
01
01
01
01
01
01
01
01
01
01
01
01
01
01
01
01
01
01
01
01
01
01
01
01
01
01
01
01
01
01
01
01
01
01
01
01
01
01
01
01
01
01
01
01
01
01
01
01
01
01
01
01
01
01
01
01
01
01
01
01
01
01
01
01
01
01
01
01
01
01
01
01
01
01
01
01
01
01
01
01
01
01
01
01
01
01
01
1008
016A
016B
0001
00D6
0000002F
0001
0001
00000005
2A
B40001
B0
0000
0002
00D7
00000006
0001
0000
026A
00D8
0000000C
0001
0000
0005
0169
00E7
0000
