0A
08
08
08
09
0A
0A
0A
07
0A
0A
08
0A
0A
08
08
08
0A
07
08
09
0B
0A
08
08
08
08
08
0A
08
07
08
0A
0A
0A
07
0A
0A
0B
0B
07
0A
0A
0B
0B
12
12
0B
08
0A
09
08
0A
08
07
08
08
08
0A
08
08
0B
12
0A
0A
0B
0B
08
09
09
0B
07
07
01
01
01
01
01
01
01
01
01
01
01
01
01
01
01
01
01
01
01
01
01
01
01
01
01
01
01
01
01
01
01
01
01
01
01
01
01
01
01
01
01
01
01
01
01
01
01
01
01
01
01
01
01
01
01
01
01
01
01
07
07
07
07
01
01
01
01
01
0C
01
01
01
07
0C
0C
0C
0C
01
0C
0C
01
0C
0C
01
01
01
07
0C
01
01
0C
07
0C
0C
01
01
01
01
01
0C
01
01
01
0C
0C
01
0C
07
0C
0C
0C
01
0C
07
0C
0C
0C
01
0F
08
0C
08
0C
0C
01
0C
07
0C
01
07
0C
01
01
01
01
01
0C
01
01
0C
08
0C
0C
0C
0C
01
0C
07
0C
07
0C
01
01
01
01
01
01
01
01
01
01
01
01
01
01
01
01
01
01
01
01
01
01
01
01
01
01
01
01
01
01
01
01
01
01
01
01
01
01
01
01
01
01
01
01
01
01
01
01
01
01
01
01
0A
01
01
01
01
01
01
01
01
01
01
01
01
01
01
01
01
01
01
01
01
01
01
01
01
07
0C
01
07
01
01
07
01
01
0004
004A
004B
0001
004C
00000078
0007
0007
0000000E
2A
2B
2C
2D
1504
1505
1906
B70001
B1
0000
0002
004D
0000000A
0002
0000
000F
000D
0010
004E
00000048
0007
0000
000E
004F
0050
0000
0000
000E
0051
0052
0001
0000
000E
0053
0054
0002
0000
000E
0055
0054
0003
0000
000E
0056
0057
0004
0000
000E
0058
0057
0005
0000
000E
0059
0054
0006
