09
0A
09
09
09
09
09
09
09
09
09
09
09
09
0A
09
09
09
09
09
09
09
09
09
09
09
09
09
09
09
09
09
09
09
09
09
09
09
09
09
09
09
09
09
09
09
09
09
09
09
09
09
09
09
09
09
09
09
09
09
09
09
09
0A
0A
0A
0A
0A
08
0A
0A
12
0B
0A
0B
07
0A
07
09
0A
0A
0A
07
08
0A
0A
0A
07
0A
07
0A
0A
08
0A
0A
08
07
0A
0A
08
0A
08
07
0A
0A
08
0A
08
08
07
07
08
0A
08
0A
08
08
0A
0A
0A
08
08
0A
08
08
08
08
0A
08
08
08
08
08
08
0B
0A
0A
08
08
08
08
08
08
08
08
08
08
08
08
08
08
05
0A
08
05
08
05
08
05
08
08
0B
08
08
08
08
08
08
08
08
0A
0B
0B
12
0B
12
12
0A
07
0B
08
08
08
08
08
08
08
0A
08
08
0A
0A
12
0B
08
08
08
08
08
08
08
08
08
08
05
08
05
08
05
08
0A
0B
0B
12
0A
0A
08
07
0A
0A
07
07
08
0A
08
08
08
07
08
08
08
08
08
12
0B
0A
0A
08
07
08
0A
08
08
0B
0B
09
07
0A
0A
08
0A
01
01
01
01
01
01
01
01
01
01
01
01
01
01
01
01
01
01
01
01
01
01
01
01
01
01
01
01
03
01
01
01
01
01
01
03
01
01
01
01
01
01
01
01
01
03
01
01
01
01
01
01
03
01
01
01
01
01
01
01
01
01
01
01
01
01
01
01
01
01
01
01
01
01
01
01
01
01
01
01
01
01
01
01
01
01
01
01
01
01
01
01
01
01
01
01
01
01
01
01
01
01
01
01
01
01
01
01
01
01
01
01
01
01
01
01
01
01
01
01
01
01
01
01
01
01
01
01
01
01
01
01
01
01
07
07
07
07
01
01
01
01
01
01
01
01
01
01
01
01
01
01
01
01
01
01
01
01
01
01
01
01
01
01
01
01
01
01
01
01
01
01
01
01
01
01
01
01
01
01
01
01
01
01
01
01
01
01
01
01
01
01
01
01
01
01
01
01
01
01
01
01
01
01
01
01
01
01
01
07
07
07
01
01
01
01
01
01
01
01
01
01
01
01
01
01
01
01
01
01
01
01
01
01
01
01
07
07
01
01
01
01
01
01
01
01
01
01
01
07
01
01
01
01
01
01
01
01
07
01
01
01
01
01
01
01
01
01
01
01
0C
0C
0C
0C
0C
0C
0C
0C
0C
0C
0C
0C
0C
0C
07
0C
0C
0C
0C
0C
0C
0C
0C
0C
0C
0C
0C
0C
0C
0C
0C
0C
0C
0C
0C
0C
0C
0C
0C
0C
0C
0C
0C
0C
0C
0C
0C
0C
0C
0C
0C
0C
0C
0C
0C
0C
0C
0C
0C
0C
0C
0C
0C
0C
0C
07
0C
0C
07
0C
0C
01
0C
07
0C
01
0F
10
0F
10
0C
07
0C
07
0C
0C
01
07
0C
01
07
0C
0C
0C
07
0C
01
01
0C
0C
07
0C
01
0C
01
0C
0C
01
0C
0C
01
01
0C
01
0C
01
01
07
0C
0C
0C
01
01
01
01
01
0C
0C
0C
0C
0C
01
01
0C
0C
01
01
0C
07
0C
0C
01
01
01
01
01
01
01
01
01
0C
01
0C
01
01
01
0C
0C
07
0C
10
0F
10
0C
0C
0F
10
0F
0C
01
0C
01
0C
07
0C
0C
0F
10
0C
01
01
01
01
07
0C
0C
0C
0F
0C
0C
01
01
0C
0C
01
01
01
01
01
01
01
01
01
0F
0C
0C
0C
01
01
01
07
0C
01
01
0C
0C
0C
01
07
0C
07
0C
01
0C
01
01
01
01
01
01
01
01
01
01
01
01
01
01
01
01
01
0A
01
0A
01
01
01
01
01
01
01
01
01
01
01
01
01
01
01
01
01
01
01
01
01
01
01
01
01
01
01
01
01
01
01
01
01
01
01
01
01
01
01
01
01
01
01
01
01
01
01
01
01
01
01
01
01
01
01
01
01
01
01
01
0A
01
01
01
01
01
01
01
01
01
01
01
01
01
01
0A
01
01
01
01
01
01
01
01
0A
01
01
01
01
01
0A
01
01
01
01
01
01
01
01
01
01
01
01
01
01
01
01
07
0C
0C
0C
0C
0C
0C
01
01
07
01
01
01
07
01
01
0000
01BC
01B9
0002
017F
00000073
0002
0001
00000030
2A
B40031
B8000F
990007
B80044
B0
2A
B40031
1245
B60046
B80047
BA00480000
B900490200
B8004A
B9004B0200
C0004C
B0
0000
0003
0180
00000016
0005
0000
01B5
000A
01B6
000E
01B8
001F
01B9
002F
01B8
0181
0000000C
0001
0000
0030
0182
0183
0000
0188
00000003
0001
0E
0161
00000002
01BA
