0A
09
09
09
09
0A
0A
08
0A
0A
08
0A
08
0A
08
0A
08
0A
08
0A
08
0A
08
0A
08
0A
08
0A
08
0A
08
0A
08
0A
08
0A
08
0A
08
09
0A
08
09
0A
0A
08
07
0A
09
07
07
07
07
01
01
01
05
01
01
01
01
01
01
01
01
01
01
01
01
01
01
01
01
01
01
01
01
01
01
01
01
01
01
01
01
01
01
01
01
01
01
01
01
01
01
01
01
01
01
01
01
01
01
01
01
01
01
01
01
01
01
01
01
01
01
01
01
01
01
01
01
01
01
01
01
01
01
01
01
01
01
01
01
01
01
01
01
01
01
01
01
01
01
01
01
01
0C
0C
0C
0C
07
0C
0C
07
0C
01
0C
0C
01
0C
01
0C
01
0C
01
0C
01
0C
01
0C
01
0C
01
0C
01
0C
01
0C
01
0C
01
0C
01
0C
01
0C
01
0C
0C
01
0C
0C
0C
01
01
07
0C
07
0C
01
01
01
01
01
01
01
01
01
01
01
01
01
01
01
01
01
01
01
01
0011
005C
0052
0001
0041
0000004C
0006
0002
00000014
2A
B40003
B20004
B20005
01
2A
B60010
2B
B6000A
B1
0000
0002
0042
0000000A
0002
0000
0041
0013
0042
0043
00000016
0002
0000
0014
0044
0045
0000
0000
0014
005D
003C
0001
