09
0A
09
09
09
09
09
09
09
09
09
09
09
09
0A
09
09
09
09
09
09
09
09
09
09
09
09
09
09
09
09
09
09
09
09
09
09
09
09
09
09
09
09
09
09
09
09
09
09
09
09
09
09
09
09
09
09
09
09
09
09
09
09
0A
0A
0A
0A
0A
08
0A
0A
12
0B
0A
0B
07
0A
07
09
0A
0A
0A
07
08
0A
0A
0A
07
0A
07
0A
0A
08
0A
0A
08
07
0A
0A
08
0A
08
07
0A
0A
08
0A
08
08
07
07
08
0A
08
0A
08
08
0A
0A
0A
08
08
0A
08
08
08
08
0A
08
08
08
08
08
08
0B
0A
0A
08
08
08
08
08
08
08
08
08
08
08
08
08
08
05
0A
08
05
08
05
08
05
08
08
0B
08
08
08
08
08
08
08
08
0A
0B
0B
12
0B
12
12
0A
07
0B
08
08
08
08
08
08
08
0A
08
08
0A
0A
12
0B
08
08
08
08
08
08
08
08
08
08
05
08
05
08
05
08
0A
0B
0B
12
0A
0A
08
07
0A
0A
07
07
08
0A
08
08
08
07
08
08
08
08
08
12
0B
0A
0A
08
07
08
0A
08
08
0B
0B
09
07
0A
0A
08
0A
01
01
01
01
01
01
01
01
01
01
01
01
01
01
01
01
01
01
01
01
01
01
01
01
01
01
01
01
03
01
01
01
01
01
01
03
01
01
01
01
01
01
01
01
01
03
01
01
01
01
01
01
03
01
01
01
01
01
01
01
01
01
01
01
01
01
01
01
01
01
01
01
01
01
01
01
01
01
01
01
01
01
01
01
01
01
01
01
01
01
01
01
01
01
01
01
01
01
01
01
01
01
01
01
01
01
01
01
01
01
01
01
01
01
01
01
01
01
01
01
01
01
01
01
01
01
01
01
01
01
01
01
01
01
07
07
07
07
01
01
01
01
01
01
01
01
01
01
01
01
01
01
01
01
01
01
01
01
01
01
01
01
01
01
01
01
01
01
01
01
01
01
01
01
01
01
01
01
01
01
01
01
01
01
01
01
01
01
01
01
01
01
01
01
01
01
01
01
01
01
01
01
01
01
01
01
01
01
01
07
07
07
01
01
01
01
01
01
01
01
01
01
01
01
01
01
01
01
01
01
01
01
01
01
01
01
07
07
01
01
01
01
01
01
01
01
01
01
01
07
01
01
01
01
01
01
01
01
07
01
01
01
01
01
01
01
01
01
01
01
0C
0C
0C
0C
0C
0C
0C
0C
0C
0C
0C
0C
0C
0C
07
0C
0C
0C
0C
0C
0C
0C
0C
0C
0C
0C
0C
0C
0C
0C
0C
0C
0C
0C
0C
0C
0C
0C
0C
0C
0C
0C
0C
0C
0C
0C
0C
0C
0C
0C
0C
0C
0C
0C
0C
0C
0C
0C
0C
0C
0C
0C
0C
0C
0C
07
0C
0C
07
0C
0C
01
0C
07
0C
01
0F
10
0F
10
0C
07
0C
07
0C
0C
01
07
0C
01
07
0C
0C
0C
07
0C
01
01
0C
0C
07
0C
01
0C
01
0C
0C
01
0C
0C
01
01
0C
01
0C
01
01
07
0C
0C
0C
01
01
01
01
01
0C
0C
0C
0C
0C
01
01
0C
0C
01
01
0C
07
0C
0C
01
01
01
01
01
01
01
01
01
0C
01
0C
01
01
01
0C
0C
07
0C
10
0F
10
0C
0C
0F
10
0F
0C
01
0C
01
0C
07
0C
0C
0F
10
0C
01
01
01
01
07
0C
0C
0C
0F
0C
0C
01
01
0C
0C
01
01
01
01
01
01
01
01
01
0F
0C
0C
0C
01
01
01
07
0C
01
01
0C
0C
0C
01
07
0C
07
0C
01
0C
01
01
01
01
01
01
01
01
01
01
01
01
01
01
01
01
01
0A
01
0A
01
01
01
01
01
01
01
01
01
01
01
01
01
01
01
01
01
01
01
01
01
01
01
01
01
01
01
01
01
01
01
01
01
01
01
01
01
01
01
01
01
01
01
01
01
01
01
01
01
01
01
01
01
01
01
01
01
01
01
01
0A
01
01
01
01
01
01
01
01
01
01
01
01
01
01
0A
01
01
01
01
01
01
01
01
0A
01
01
01
01
01
0A
01
01
01
01
01
01
01
01
01
01
01
01
01
01
01
01
07
0C
0C
0C
0C
0C
0C
01
01
07
01
01
01
07
01
01
0000
01A0
017E
0001
017F
0000003B
0004
0001
00000011
2A
2A
B40018
2A
B40014
2A
B40015
B70040
B0
0000
0002
0180
00000006
0001
0000
0151
0181
0000000C
0001
0000
0011
0182
0183
0000
