0A
09
09
09
07
0A
08
0A
0B
08
0A
12
0A
0A
0B
07
07
07
01
01
01
01
01
01
01
01
01
01
01
01
01
01
01
01
01
01
01
01
01
01
01
01
01
01
01
01
01
01
01
01
01
01
01
01
01
01
01
01
01
01
01
01
0C
0C
0C
0C
01
01
07
0C
07
0C
01
0C
01
0F
10
0F
10
0C
07
0C
07
0C
07
0C
01
01
01
01
01
01
01
01
01
01
0A
01
0B
01
01
01
01
01
01
01
01
01
01
01
07
0C
07
0C
01
01
07
01
01
01
01
07
01
01
0001
0034
0035
0002
001D
00000058
0002
0002
00000008
2B
2A
B9000F0200
B0
0000
0003
001E
00000006
0001
0000
0052
001F
00000016
0002
0000
0008
0020
0021
0000
0000
0008
0036
0037
0001
0022
00000016
0002
0000
0008
0020
0023
0000
0000
0008
0036
0038
0001
0015
00000002
0039
