0A
07
08
0A
08
09
09
09
0A
09
0A
07
07
0A
08
0A
0A
0A
08
0A
08
0A
08
0A
08
0A
07
0A
0A
0A
0A
07
07
01
01
01
01
01
01
01
01
01
01
01
01
01
01
01
01
01
01
01
01
01
01
01
01
01
01
01
07
07
07
07
07
01
01
01
01
01
01
01
01
01
01
01
01
01
01
01
01
01
01
01
01
01
01
01
01
01
01
01
01
01
01
01
01
01
01
01
01
01
0C
01
0C
0C
0C
0C
07
0C
0C
0C
01
01
0C
01
0C
0C
0C
01
0C
01
0C
01
0C
01
0C
01
0C
07
0C
0C
0C
01
01
01
01
01
01
01
01
01
01
01
0001
004B
004C
0001
0031
0000002F
0001
0001
00000005
2A
B40008
B0
0000
0002
0032
00000006
0001
0000
0027
0033
0000000C
0001
0000
0005
0034
0035
0000
