0B
0B
0A
07
08
0A
08
08
09
09
09
09
09
07
0A
09
0A
0B
0A
0A
07
0A
0A
07
07
08
0A
0A
0A
08
0B
07
0A
0B
0A
0B
0B
09
0A
07
0A
08
0A
0A
0A
0A
0A
08
0B
0A
07
0A
0A
0A
07
0A
07
0A
08
08
0A
07
0A
0A
07
07
01
01
01
01
01
01
01
01
01
01
01
01
01
01
01
01
01
01
01
01
01
01
01
01
01
01
01
01
01
07
07
07
07
07
07
07
01
01
01
01
01
01
01
01
01
01
07
01
01
01
01
01
01
01
01
01
01
01
01
01
01
01
07
07
07
01
01
01
01
01
01
01
01
01
01
01
01
01
01
01
01
01
01
01
01
01
01
01
01
01
01
01
01
01
01
01
07
01
01
01
01
01
01
07
0C
0C
0C
01
01
0C
01
01
0C
0C
0C
0C
0C
01
0C
0C
07
0C
07
0C
0C
0C
01
0C
0C
01
01
01
0C
0C
0C
01
07
0C
01
0C
0C
0C
0C
0C
0C
07
0C
01
01
0C
0C
0C
0C
0C
01
07
0C
07
0C
01
0C
0C
0C
01
0C
01
0C
01
01
0C
01
07
0C
0C
01
01
01
01
01
01
01
01
01
01
01
01
01
01
01
01
01
01
01
01
01
01
01
01
01
01
01
01
01
01
01
01
01
01
01
01
01
01
01
01
01
01
01
01
01
01
01
01
01
01
01
01
01
01
01
01
01
01
0008
00A6
00A7
0001
0057
00000025
0001
0000
0000000D
13003E
B6003F
B80040
B30026
B1
0000
0001
0058
00000006
0001
0000
003D
