07
01
07
01
01
01
01
01
01
01
01
01
01
01
01
01
01
01
01
01
01
01
01
01
01
01
01
01
01
01
01
0A
0C
01
07
01
09
0C
07
01
09
0C
07
01
09
0C
07
01
09
0C
07
01
09
0C
09
0C
07
01
0A
09
0C
09
0C
09
0C
01
01
01
01
01
01
01
01
09
0C
01
01
01
01
01
01
01
01
01
01
01
0B
07
01
0C
01
01
01
01
01
01
01
0B
0C
01
01
01
01
01
01
01
01
01
01
01
01
01
01
01
01
01
01
01
0A
07
01
0C
01
07
01
07
01
0A
0C
01
0A
0C
01
01
01
01
01
01
01
01
07
01
01
07
01
01
07
01
01
01
01
07
01
01
07
01
01
01
0001
0055
0056
0002
001F
00000045
0002
0002
0000000D
2A
B4003C
2B
B900570200
57
2A
B0
0000
0002
0042
0000000A
0002
0000
00B0
000B
00B1
0043
00000016
0002
0000
000D
0044
0045
0000
0000
000D
005D
005E
0001
0047
00000005
01
005D
0000
