0A
09
09
09
09
0A
0A
08
0A
0A
08
0A
08
0A
08
0A
08
0A
08
0A
08
0A
08
0A
08
0A
08
0A
08
0A
08
0A
08
0A
08
0A
08
0A
08
09
0A
08
09
0A
0A
08
07
0A
09
07
07
07
07
01
01
01
05
01
01
01
01
01
01
01
01
01
01
01
01
01
01
01
01
01
01
01
01
01
01
01
01
01
01
01
01
01
01
01
01
01
01
01
01
01
01
01
01
01
01
01
01
01
01
01
01
01
01
01
01
01
01
01
01
01
01
01
01
01
01
01
01
01
01
01
01
01
01
01
01
01
01
01
01
01
01
01
01
01
01
01
01
01
01
01
01
01
0C
0C
0C
0C
07
0C
0C
07
0C
01
0C
0C
01
0C
01
0C
01
0C
01
0C
01
0C
01
0C
01
0C
01
0C
01
0C
01
0C
01
0C
01
0C
01
0C
01
0C
01
0C
0C
01
0C
0C
0C
01
01
07
0C
07
0C
01
01
01
01
01
01
01
01
01
01
01
01
01
01
01
01
01
01
01
01
0011
006E
006F
0001
0041
00000057
0007
0003
00000015
2A
B40003
B20004
B20005
01
2A
B6001A
2B
2C
B60007
B1
0000
0002
0042
0000000A
0002
0000
0064
0014
0065
0043
00000020
0003
0000
0015
0044
0045
0000
0000
0015
0067
003C
0001
0000
0015
0070
003C
0002
