01
07
01
07
01
01
01
01
01
01
01
07
03
01
01
0C
0A
01
01
01
01
01
01
01
01
01
01
0C
0A
01
08
01
07
01
01
0C
0A
01
01
0C
0A
01
01
0C
0A
01
0C
0A
01
0C
0A
01
0C
0A
01
0C
0A
01
0C
0A
01
0C
0A
01
01
01
01
07
01
01
0C
09
01
01
0C
0A
01
07
01
01
0C
09
01
07
01
01
0C
0A
01
07
01
01
0C
0A
01
01
01
08
01
01
01
01
01
01
01
01
01
01
01
0C
0A
01
07
01
0C
0A
01
01
01
01
01
01
01
0C
0A
01
01
01
0C
0A
01
01
01
01
0C
0A
01
01
01
01
01
01
01
01
01
01
01
01
01
01
08
01
0C
0A
01
01
01
01
01
03
03
01
03
01
03
01
01
01
01
01
01
01
01
01
01
01
01
01
01
01
01
01
1009
001A
001B
0002
00AE
0000007B
0007
0009
00000054
1507
04
7E
990005
03
3B
1507
05
7E
990005
04
3C
1507
07
7E
990005
04
3D
1507
1008
7E
990005
03
3E
1507
1010
7E
990006
03
3604
1507
1020
7E
990006
03
3605
1507
1040
7E
990006
03
3606
1A
1B
1C
1D
1504
1505
1506
B8001D
B0
0000
0002
00B4
00000009
0007
09
08
08
09
0A
0A
0A
00AF
00000006
0001
0000
000E
00B1
00000000
