09
0A
07
07
0A
0A
09
0A
0A
07
0A
08
08
0A
09
08
08
09
08
08
09
08
08
09
08
08
09
08
08
09
08
08
09
08
08
09
08
08
09
08
08
09
08
08
09
08
08
09
08
08
09
08
08
09
08
08
09
08
08
09
07
01
01
01
01
01
01
01
01
01
01
01
01
01
01
01
01
01
01
01
01
01
01
01
01
01
01
01
01
01
01
01
01
01
01
01
01
01
01
01
01
01
01
01
01
01
01
01
01
01
01
01
01
01
01
01
01
01
01
01
01
01
01
01
01
01
0C
07
0C
01
0C
0C
0C
0C
07
0C
01
0C
0C
0C
0C
0C
0C
0C
0C
0C
0C
0C
0C
0C
0C
0C
0C
0C
0C
01
01
01
01
01
01
01
01
0009
0074
006A
0001
0067
00000089
0003
0005
00000031
B80008
4C
2B
BE
3D
03
3E
1D
1C
A2001D
2B
1D
32
3A04
1904
B40007
2A
B60009
990006
1904
B0
840301
A7FFE4
BB000A
59
2A
B7000B
BF
0000
0003
0068
00000016
0005
0000
00AC
0013
00AD
001F
00AE
0022
00AC
0028
00B1
006B
00000016
0002
0013
000F
0075
003F
0004
0000
0031
0070
0062
0000
0076
0000000E
0003
FE
0009
07
0003
01
01
18
F8
0005
