0A
08
07
0A
08
0A
09
07
0A
0A
0B
0B
0B
07
0B
0A
07
07
0A
07
08
0A
0B
09
07
09
0A
07
0A
09
07
01
01
01
01
01
01
01
01
01
01
01
01
01
01
07
01
01
01
01
01
01
01
01
01
01
01
01
01
01
01
07
07
07
01
01
01
01
01
01
0C
01
01
07
0C
01
0C
0C
01
07
0C
07
0C
07
0C
0C
01
0C
07
0C
01
01
0C
01
01
0C
0C
07
0C
01
0C
07
0C
0C
0C
01
01
01
01
01
01
01
01
01
01
01
01
01
01
01
01
01
01
01
01
01
01
01
01
01
01
01
01
01
01
01
01
01
01
0081
0027
0028
0001
0029
00000083
0003
0002
00000028
2A
B70001
2B
1202
03
BD0003
B80004
57
2B
BE
9E0007
04
A70004
03
1205
03
BD0003
B80006
2A
2B
B50007
B1
0000
0003
002A
00000016
0005
0000
0024
0004
0025
000F
0026
0022
0027
0027
0028
002B
00000016
0002
0000
0028
002C
0024
0000
0000
0028
0025
0026
0001
002D
00000011
0002
FF
0018
0002
07
002E
07
001C
0000
40
01
