12
12
0B
12
12
0B
12
0B
12
0B
0B
0B
0B
0B
0B
07
07
0B
07
07
07
01
01
01
01
01
01
01
01
01
01
01
01
01
01
01
01
01
01
01
01
01
01
01
01
01
01
01
01
01
01
01
01
01
01
01
01
01
01
01
01
01
01
01
01
01
01
01
07
07
01
01
01
01
01
01
0F
10
0F
0C
10
0F
10
0C
0C
0F
10
10
0F
0C
0C
10
0F
0C
0C
10
0F
0C
0C
0C
0C
0C
0C
01
01
07
0C
01
01
01
0A
01
0B
01
01
01
0A
01
01
01
0A
01
01
0B
01
0B
01
0B
01
07
0C
0C
0C
07
0C
0C
0C
0C
01
01
07
01
01
01
01
01
01
01
07
01
01
0001
0028
0035
0001
0018
00000045
0004
0004
00000007
2A
27
1D
B8000A
B0
0000
0002
0019
00000006
0001
0000
0090
001A
00000020
0003
0000
0007
002E
002A
0000
0000
0007
002B
002C
0001
0000
0007
0031
0032
0003
