12
0B
12
0B
12
0B
12
0B
12
0B
0B
07
07
01
01
01
07
01
01
01
01
01
01
01
01
01
01
01
01
01
01
01
01
01
01
01
01
01
01
01
01
01
01
01
01
01
01
01
01
01
01
01
01
01
01
01
01
01
01
01
01
01
01
01
01
01
01
01
01
01
0F
10
0F
0C
0C
10
0F
0C
0C
10
0F
0C
0C
10
0F
0C
0C
10
0F
0C
0C
0C
01
01
01
0A
01
0B
01
0B
01
0B
01
0B
01
0B
07
0C
0C
0C
0C
0C
0C
01
01
07
01
01
01
07
01
01
0009
0014
0035
0002
0016
00000079
0005
0005
0000000B
2A
27
2D
1904
BA00090000
B0
0000
0003
0017
00000006
0001
0000
00A0
0018
0000002A
0004
0000
000B
0019
001A
0000
0000
000B
001B
001C
0001
0000
000B
0025
0026
0003
0000
000B
0027
0026
0004
001D
00000020
0003
0000
000B
0019
001E
0000
0000
000B
0025
0028
0003
0000
000B
0027
0029
0004
0012
00000002
0036
