0A
0A
0A
0A
07
0A
09
07
0A
08
0A
0A
0B
0A
0A
0A
07
0B
08
07
0A
0A
0B
0A
07
0A
0A
0A
07
08
0B
07
0A
07
0A
07
0A
07
0A
07
0A
07
07
01
01
01
01
01
01
01
01
01
01
01
01
01
01
01
01
01
01
01
01
01
01
01
01
01
01
01
01
01
01
01
01
01
01
01
01
01
01
07
07
07
01
01
01
01
01
01
01
01
07
07
07
07
07
01
01
01
01
01
07
01
01
01
01
01
01
01
01
01
01
01
01
01
01
01
01
01
01
01
01
01
01
01
0C
0C
0C
0C
01
0C
0C
01
01
0C
0C
07
0C
0C
0C
0C
01
0C
01
01
07
0C
07
0C
0C
0C
01
0C
0C
01
01
0C
01
0C
01
01
01
0C
01
01
01
01
01
01
01
01
01
01
01
01
01
01
01
01
01
01
01
01
01
01
01
01
01
01
01
01
01
01
01
01
0002
0077
0072
0002
002F
00000069
0003
0003
0000000B
BB0028
59
2B
B70029
4D
2C
B0
0000
0003
0030
0000000A
0002
0000
014C
0009
014E
0031
00000020
0003
0000
000B
0032
0033
0000
0000
000B
0047
0048
0001
0009
0002
0073
0074
0002
004D
00000016
0002
0000
000B
0047
004F
0001
0009
0002
0073
0078
0002
0056
00000002
0079
