07
0A
0A
0A
09
09
09
09
09
09
09
07
08
0A
08
0A
0A
0A
07
07
0A
08
0A
0A
08
0A
0A
07
08
0A
0A
07
07
01
01
01
01
01
01
01
01
01
01
01
01
01
01
01
01
01
01
01
01
01
01
01
01
01
01
01
01
01
01
01
01
01
01
01
01
01
07
01
01
01
01
01
01
01
01
01
01
01
01
01
07
01
0C
0C
0C
0C
0C
0C
0C
0C
0C
01
0C
0C
07
0C
0C
01
01
01
0C
0C
01
0C
01
01
0C
01
01
01
01
01
01
01
01
01
01
01
01
01
01
01
01
01
0001
0038
0039
0001
002F
0000003E
0002
0001
0000000C
2A
01
B50005
2A
01
B5000A
2A
B0
0000
0002
0030
0000000E
0003
0000
02EC
0005
02ED
000A
02EE
0031
0000000C
0001
0000
000C
0032
0036
0000
