01
07
01
07
01
07
01
01
07
01
01
01
01
01
01
0C
0A
08
01
07
01
01
0C
0A
0C
09
01
01
01
01
0C
0B
01
01
01
01
01
01
01
01
01
01
01
01
01
0C
0B
01
01
01
0C
0B
01
01
01
01
01
01
0C
0B
01
01
0C
0B
01
01
01
01
0C
0B
01
01
01
01
0C
0B
01
01
0C
0B
01
01
01
0C
0B
01
01
01
0C
0B
01
01
01
01
0C
0B
01
01
01
0C
0B
01
01
01
01
01
01
01
0C
0B
01
0C
0B
01
01
01
01
01
0001
002C
002D
0001
0072
00000079
0007
0007
00000013
2A
B4001A
2B
1C
2D
1504
1505
1906
B9002F0700
B0
0000
0002
0073
00000048
0007
0000
0013
001B
001C
0000
0000
0013
0021
0022
0001
0000
0013
0023
0024
0002
0000
0013
0030
0031
0003
0000
0013
0027
0024
0004
0000
0013
0028
0029
0005
0000
0013
002A
002B
0006
0074
00000006
0001
0000
002D
