0A
07
0A
09
07
0A
07
0A
0A
09
08
0A
0A
0A
0A
0A
0A
07
07
08
07
0A
08
0A
0A
0A
0A
07
0A
0A
0A
08
08
0B
07
0A
0A
07
07
0A
07
0A
0B
0A
0A
0B
0B
0B
07
07
08
0A
07
0A
09
0B
07
0A
08
08
08
0A
0A
08
08
08
08
0A
07
08
08
0A
0A
08
08
07
0A
08
08
07
0A
07
07
01
01
01
01
01
01
01
01
01
01
01
01
01
01
01
01
01
01
01
01
01
01
01
01
01
01
01
01
01
01
01
01
01
01
01
01
01
01
01
01
01
01
01
01
01
01
01
01
07
07
07
07
07
01
01
01
01
01
01
01
01
01
01
01
01
01
01
01
01
01
01
01
01
01
0C
01
0C
01
01
0C
0C
01
07
0C
0C
07
0C
07
0C
07
0C
07
0C
01
01
01
01
01
0C
0C
0C
0C
01
0C
0C
01
01
07
0C
01
0C
0C
01
01
01
0C
0C
0C
0C
0C
0C
0C
01
01
01
0C
01
0C
0C
07
0C
01
0C
01
01
01
0C
0C
01
01
01
01
0C
01
01
01
0C
07
01
01
01
0C
01
01
01
01
01
01
01
01
01
01
01
01
01
01
01
01
01
01
01
01
01
01
01
01
01
01
01
01
01
01
01
01
01
01
01
01
01
01
01
01
01
01
01
01
01
01
01
01
01
01
01
01
01
01
01
01
01
01
01
01
01
01
01
01
01
01
01
01
01
0011
0098
0099
0002
0065
00000048
0002
0002
0000000C
2B
124F
B8000C
2A
2B
B5000A
B1
0000
0002
0066
0000000E
0003
0000
00B8
0006
00B9
000B
00BA
0067
00000016
0002
0000
000C
0068
0069
0000
0000
000C
0061
0062
0001
008A
00000005
01
0061
0000
