0A
0A
07
0A
09
09
0A
08
0A
08
0A
07
0A
0B
09
08
0A
0A
0B
0B
0B
0A
0A
0B
07
0A
07
0A
0A
07
07
07
07
01
01
01
01
01
01
03
01
01
01
01
01
01
01
01
01
01
01
01
01
01
01
01
01
01
01
01
01
01
01
01
01
01
01
01
01
01
01
01
01
01
01
01
07
07
01
01
01
01
01
01
01
0C
0C
01
0C
0C
0C
07
0C
0C
01
0C
07
0C
0C
01
0C
0C
0C
07
0C
0C
0C
0C
07
01
01
0C
0C
01
01
01
01
01
01
01
01
01
01
01
01
01
01
01
01
01
01
01
01
01
01
01
01
01
01
0001
0040
0043
0002
0032
000000A1
0006
0003
00000033
2B
1208
B80009
0F
1C
87
120A
B8000B
2A
B40005
BB000C
59
2B
1C
01
B7000D
B9000E0200
57
2A
59
B40006
1C
60
B50006
2A
01
B5000F
2A
B0
0000
0003
0033
0000001A
0006
0000
0034
0006
0035
000E
0037
0022
0038
002C
0039
0031
003A
0034
00000020
0003
0000
0033
0035
0036
0000
0000
0033
0037
0038
0001
0000
0033
003E
0026
0002
0039
00000016
0002
0000
0033
0035
003A
0000
0000
0033
0037
003B
0001
002B
00000002
0044
