09
0A
09
09
0A
0A
07
0A
07
07
0A
08
0A
0A
0A
0A
07
0A
07
08
08
0A
07
0A
0A
0A
0A
0A
0A
07
0A
07
0B
0A
0A
07
0A
07
0A
07
0A
07
0A
0A
0A
0A
0B
0B
07
0A
08
0A
0A
07
0A
07
0A
0A
0A
0A
0A
08
0A
0A
07
08
0A
0A
07
07
08
0A
0A
0A
07
0B
0B
0B
0B
07
0B
0B
0B
07
0A
0A
07
07
07
01
01
01
05
01
01
01
01
01
01
01
01
01
01
01
01
01
01
01
01
01
01
01
01
01
01
01
01
01
01
01
01
01
01
01
01
01
07
07
07
07
07
07
07
07
01
01
01
01
01
01
01
01
01
07
01
01
01
01
01
01
01
01
01
01
01
01
01
01
01
01
01
01
01
07
01
01
01
01
01
01
01
01
01
01
01
01
01
01
01
07
07
07
07
07
01
01
01
01
01
01
01
01
01
01
01
01
01
01
01
01
01
01
01
01
0C
0C
0C
0C
0C
0C
01
0C
01
01
0C
01
0C
0C
07
0C
0C
01
0C
01
01
01
0C
01
0C
0C
0C
0C
0C
01
07
0C
01
0C
0C
07
0C
01
01
0C
01
0C
01
01
0C
0C
07
0C
0C
01
0C
01
0C
0C
01
01
0C
0C
0C
07
0C
07
0C
01
07
0C
07
0C
01
01
0C
0C
01
01
01
07
0C
0C
0C
01
07
07
0C
0C
01
0C
0C
07
0C
01
0C
01
01
01
01
01
01
01
01
01
01
01
01
01
01
01
01
01
01
01
01
01
01
01
01
01
01
01
01
01
01
01
01
01
01
01
01
01
01
01
01
01
01
01
01
01
01
01
01
01
01
01
01
01
01
01
01
01
01
01
01
01
01
01
01
01
01
01
01
01
01
01
01
01
01
01
01
0002
0094
0096
0001
0067
00000043
0003
0002
0000000B
BB0024
59
2A
B70025
4C
2B
B0
0000
0002
0068
0000000A
0002
0000
039E
0009
03B3
0069
00000016
0002
0000
000B
006A
006D
0000
0009
0002
0097
0098
0001
