0A
0A
0A
0A
09
0A
09
0A
0A
0A
07
0A
09
07
01
01
01
01
01
01
01
01
01
01
01
01
01
01
01
01
01
01
01
01
01
01
01
01
01
01
01
07
01
01
01
01
01
01
01
01
01
01
01
01
0C
0C
07
0C
0C
0C
0C
0C
0C
0C
01
0C
0C
01
01
01
01
01
01
0001
0030
0031
0001
0014
00000085
0002
0003
00000025
2B
C1000B
9A0005
03
AC
2A
2B
B7000C
990015
2B
C0000B
4D
2A
B80009
2C
B80009
A60005
04
AC
03
AC
0000
0003
0015
0000001E
0007
0000
007F
0007
0080
0009
0084
0011
0085
0016
0086
0021
0087
0023
008B
0016
00000020
0003
0016
000D
0032
0018
0002
0000
0025
0017
0018
0000
0000
0025
0028
0033
0001
0029
00000004
0002
09
19
