09
09
09
09
09
09
09
0A
0A
0A
0A
0A
07
0A
09
0A
0A
07
0A
0A
0A
0A
0A
0A
0A
0A
07
0A
07
0A
0A
0A
07
0A
0A
0B
0B
0A
0A
0A
0A
0A
0A
0A
09
0A
0B
07
0B
0B
0B
07
08
0A
08
0A
08
08
08
08
08
0A
07
0A
08
0A
0A
08
08
07
07
0A
0A
0A
07
07
0A
0A
0A
0A
07
0A
0A
0A
0A
0A
07
08
0A
07
08
07
0A
08
08
07
0A
07
07
0A
0B
07
07
0A
07
0A
09
07
07
07
0A
0A
09
09
0A
09
0A
07
07
07
07
07
07
01
07
01
01
07
01
01
01
01
01
01
01
01
01
01
01
01
01
01
01
01
01
01
01
01
01
01
01
01
01
01
01
01
01
01
07
01
01
01
01
01
01
01
01
01
01
01
01
01
01
01
01
01
01
01
01
01
01
01
01
01
01
01
01
01
01
01
01
01
01
01
01
01
01
01
01
01
01
01
01
01
01
01
01
01
01
01
01
07
01
01
01
01
01
01
01
01
01
01
01
01
01
01
01
01
01
01
07
01
01
01
01
01
01
01
07
01
01
01
01
07
01
01
01
01
01
01
01
01
01
01
01
01
01
01
01
01
01
01
01
01
01
01
01
01
01
01
01
01
07
01
01
07
01
01
0C
0C
0C
0C
0C
0C
0C
0C
0C
0C
0C
01
0C
0C
0C
0C
01
0C
0C
0C
0C
0C
0C
0C
0C
01
01
0C
0C
01
07
0C
07
0C
0C
0C
07
0C
0C
0C
07
0C
0C
0C
07
0C
07
0C
01
0C
07
0C
0C
01
01
0C
01
0C
01
01
01
01
01
0C
01
01
01
01
01
01
0C
0C
0C
01
01
0C
0C
0C
0C
01
0C
0C
0C
0C
0C
01
01
01
01
0C
01
01
01
0C
0C
01
01
01
0C
0C
01
01
01
0C
0C
0C
0C
07
0C
0C
0C
01
01
01
01
01
01
01
01
01
01
07
01
07
01
01
01
01
01
01
01
01
01
01
01
01
01
01
01
01
01
01
01
01
01
01
01
01
01
01
01
01
01
01
01
01
01
01
01
01
01
01
01
01
01
01
01
01
01
01
01
01
0001
00A8
00A9
0001
0096
00000042
0001
0001
0000000D
2A
B40007
C60007
04
A70004
03
AC
0000
0003
0097
00000006
0001
0000
00BB
0098
0000000C
0001
0000
000D
0099
009A
0000
009E
00000005
0002
0B
40
01
