09
07
0C
01
01
01
0A
07
0C
01
01
01
0A
07
0C
01
01
01
0A
0C
01
01
0A
0C
01
0A
0C
01
01
07
01
0A
0A
07
0C
01
01
01
0A
0C
01
0A
0C
01
0A
0C
01
0A
0C
01
07
01
0A
0C
01
01
0A
0C
01
0A
0C
01
01
07
01
0A
0C
01
01
0A
0C
01
0A
0C
01
0A
0C
01
0A
0C
01
0A
0C
0A
0C
01
0A
0A
0C
01
01
0A
07
01
01
01
01
01
01
01
01
01
01
01
01
01
01
01
01
01
01
01
01
01
01
01
01
01
01
01
01
01
01
01
01
01
01
01
01
01
01
01
01
01
01
01
01
01
01
01
01
01
01
01
01
01
01
01
01
01
01
01
01
01
01
01
01
01
01
01
07
01
07
01
01
1041
0051
0098
0001
0060
00000037
0003
0003
0000000D
2A
2B
C00033
2C
C00040
B6004F
B0
0000
0002
0061
00000006
0001
0000
02DE
0062
0000000C
0001
0000
000D
0063
0064
0000
