01
07
01
07
01
07
01
01
01
07
01
07
01
07
01
01
01
01
01
01
01
01
01
01
0C
0A
01
07
0A
0C
09
01
01
01
01
0C
09
01
01
01
01
07
01
07
01
07
01
01
0C
0A
01
07
01
01
0C
09
01
07
01
01
0C
0B
01
07
0C
09
01
08
01
07
01
01
0C
0B
01
0C
0B
01
08
01
0C
0B
0B
01
08
01
07
0A
01
07
01
07
01
08
01
0C
0A
01
01
0C
0A
01
01
0C
09
01
0C
09
01
01
0C
0A
01
01
0C
0B
01
07
01
07
01
01
0C
0B
01
01
0C
0A
01
01
0C
0A
01
07
01
01
0C
0A
01
01
0C
0A
01
07
01
01
0C
0A
01
07
01
01
0C
0B
0B
01
08
01
07
01
08
01
01
01
01
01
01
01
01
01
01
01
01
01
01
01
01
01
01
0C
0A
01
07
01
0C
0A
01
01
01
01
01
01
01
01
01
07
01
01
0C
0A
01
01
01
01
01
01
01
01
01
01
0001
00B1
00B2
0003
00CA
00000054
0005
0003
00000012
BB000A
59
2A
B700B5
4D
2B
04
03
01
2C
B800BA
B0
0000
0002
00CB
00000020
0003
0000
0012
0020
0021
0000
0000
0012
00BB
00BC
0001
0009
0009
00BD
00BE
0002
00CC
0000000A
0002
0000
007C
0009
008E
00CE
00000004
0001
002A
00C9
00000002
00CF
