07
08
08
08
08
08
08
08
08
08
08
08
08
08
08
09
09
0A
07
09
09
09
0A
09
08
09
07
08
09
09
08
07
0A
07
0A
08
08
08
0A
0A
09
0A
09
07
0A
0B
0B
08
07
0A
0A
0A
0A
07
0A
0A
07
01
01
01
01
01
01
01
03
01
03
01
03
01
03
01
03
01
03
01
01
01
01
01
01
01
01
01
01
01
01
01
01
01
01
01
01
01
01
01
01
01
01
01
01
01
01
01
01
01
01
01
01
01
01
01
01
01
01
01
01
01
01
01
01
01
01
01
01
01
01
01
01
01
01
0C
0C
0C
01
0C
0C
0C
0C
0C
01
0C
01
01
0C
0C
01
01
0C
01
0C
01
01
01
0C
0C
0C
0C
0C
01
0C
07
0C
0C
01
01
0C
0C
07
0C
01
0C
0C
01
01
01
01
01
01
01
01
01
01
01
01
01
01
01
01
01
01
01
01
01
000A
005C
005D
0001
005E
0000006C
0004
0000
00000054
100E
BD0001
59
03
1202
53
59
04
1203
53
59
05
1204
53
59
06
1205
53
59
07
1206
53
59
08
1207
53
59
1006
1208
53
59
1007
1209
53
59
1008
120A
53
59
1009
120B
53
59
100A
120C
53
59
100B
120D
53
59
100C
120E
53
59
100D
120F
53
B0
0000
0001
005F
00000006
0001
0000
001F
