09
09
07
0A
08
0A
07
0A
0A
0A
0A
0A
08
08
08
08
08
0A
08
07
0A
0A
0A
09
07
01
01
01
01
01
01
01
01
01
01
01
01
01
01
01
01
01
01
01
01
01
01
01
01
01
01
01
01
01
01
01
01
01
01
01
01
01
01
01
01
01
01
01
01
0C
0C
01
0C
01
0C
01
0C
07
0C
0C
07
0C
01
01
01
01
01
01
01
07
0C
0C
0C
01
01
01
01
01
01
01
01
01
01
01
01
01
01
0019
001F
003A
0001
0021
0000003F
0001
0001
0000000A
2A
C60007
04
A70004
03
AC
0000
0003
0022
00000006
0001
0000
0054
0023
0000000C
0001
0000
000A
0024
003B
0000
0025
00000005
0002
08
40
01
