0A
07
0C
01
01
01
07
01
09
0C
01
01
08
01
09
0C
01
01
07
01
0A
0A
07
0C
01
01
01
09
0C
01
01
07
01
09
0C
01
01
0B
07
0C
01
01
01
0A
0C
01
0A
0C
01
09
0C
01
01
0A
0C
01
01
0A
0C
01
07
01
07
01
0A
08
01
0A
0C
01
01
0A
0C
01
0A
0C
01
0A
0A
0C
01
01
0A
0C
01
08
01
0A
0C
01
01
0B
07
0C
01
01
08
01
0B
0C
01
01
0A
0C
01
01
0A
0C
01
01
0A
0C
01
01
0B
0C
01
08
01
0B
0C
01
0A
0C
01
07
01
08
01
05
0A
07
0C
01
01
01
0A
0C
01
01
0A
0C
01
0B
07
0C
01
01
01
07
01
0A
0C
01
0B
0C
01
01
09
0C
01
01
0B
07
0C
01
01
01
09
0C
01
01
0A
0C
01
01
0A
0C
01
01
0B
0C
01
01
0B
0C
07
01
0A
09
0C
01
01
0A
0C
01
01
0A
07
01
0B
07
0C
01
01
01
09
0C
01
01
0B
07
0C
01
01
0A
07
0C
01
01
01
0B
0C
01
01
07
01
08
01
0B
0C
01
0A
0C
01
08
01
0B
07
0C
01
01
01
0A
0C
01
07
01
08
01
0B
0C
01
08
01
0B
0C
01
01
08
01
0A
07
0C
01
01
01
08
01
0B
0C
01
01
05
07
01
07
01
0A
0C
01
09
0C
01
01
0A
0C
01
09
0C
01
01
01
01
05
01
01
01
01
01
01
01
01
01
01
01
01
01
01
01
01
01
01
01
01
07
01
01
01
01
01
01
01
01
01
01
07
01
01
01
01
01
01
01
01
07
01
01
01
01
01
01
01
01
01
01
01
01
01
01
01
01
01
0001
0154
0155
0001
0130
0000003E
0002
0002
00000006
2A
2B
B500D0
B1
0000
0002
0131
0000000A
0002
0000
0182
0005
0183
0132
00000016
0002
0000
0006
0133
0134
0000
0000
0006
00D2
00D3
0001
