0A
0A
0A
09
0A
09
0A
09
09
12
07
07
01
01
01
01
01
01
01
01
01
01
01
01
01
01
01
01
01
01
01
01
01
01
01
01
01
01
01
01
01
01
01
01
01
01
01
01
01
01
01
01
01
01
01
07
0C
0C
0C
0C
0C
0C
0C
01
0F
08
0C
01
01
01
0A
01
01
01
07
0C
01
07
01
01
07
01
01
0001
000F
002D
0004
0012
00000050
0002
0002
0000000A
2A
2B
B50009
2A
B60003
B0
0000
0003
0013
00000006
0001
0000
0015
0014
00000016
0002
0000
000A
0015
0018
0000
0000
000A
000F
000E
0001
0019
0000000C
0001
0000
000A
0015
001A
0000
0020
00000002
002E
002F
00000009
0001
16
00
00
0030
0000
0031
00000007
01
0001
0030
0000
