0A
09
09
0A
09
0A
09
0A
07
0A
07
0A
0A
0A
0A
0A
0A
07
0A
07
0A
09
09
07
0A
0A
09
0A
0A
0A
09
0A
0A
0A
0B
0B
0B
0B
0B
0B
0A
0A
0A
0A
0A
0A
0A
09
0A
0A
0A
0A
0A
0A
0A
07
0A
07
07
01
01
01
01
01
05
01
01
01
01
01
01
01
01
01
07
01
01
01
01
01
01
01
01
01
01
01
01
01
07
01
01
01
01
01
01
01
01
01
01
01
01
01
01
01
01
01
01
01
07
01
01
07
07
07
01
01
07
01
01
01
07
01
01
01
01
01
01
01
01
01
01
01
01
01
01
01
01
01
01
01
01
01
01
01
01
01
01
01
01
01
01
01
01
01
01
01
01
01
01
01
01
01
07
01
01
01
01
01
01
01
01
01
01
01
01
07
01
01
07
01
01
01
01
01
01
01
01
01
01
01
01
01
01
01
01
0C
0C
0C
0C
0C
0C
0C
01
01
07
0C
0C
0C
0C
0C
01
0C
01
0C
07
0C
0C
01
0C
0C
0C
0C
0C
0C
0C
07
0C
07
0C
0C
0C
0C
0C
0C
0C
0C
0C
0C
0C
0C
0C
0C
0C
0C
0C
0C
0C
0C
0C
01
01
01
01
01
01
01
01
01
07
01
01
01
07
01
07
01
01
01
01
01
01
01
01
01
01
01
01
01
01
01
01
01
01
01
01
01
01
01
01
01
01
01
01
01
01
01
01
01
01
01
01
01
01
01
01
01
01
0009
008D
0091
0003
004E
00000042
0003
0002
0000000E
B20002
2A
2B
B900240300
C00009
B0
0000
0002
004F
00000006
0001
0000
0092
0050
00000016
0002
0000
000E
008F
0090
0000
0000
000E
006B
006C
0001
0074
00000004
0001
0012
0056
00000009
02
008F
0000
006B
0000
