09
0A
09
0A
0A
07
0A
0A
0A
0A
0A
0A
0A
07
0A
08
0A
08
0A
0A
0A
0A
0A
0A
0A
12
12
0A
07
0B
0B
09
0A
0A
12
0A
0A
12
0A
0A
07
0A
09
0A
0A
0A
0A
0A
09
07
0A
0A
07
07
07
01
01
01
01
01
01
01
01
01
01
01
01
01
01
01
01
01
01
01
01
01
01
01
01
01
01
01
01
01
01
01
01
01
01
01
01
01
01
01
01
01
01
01
01
01
07
01
01
01
01
01
01
01
01
01
01
01
01
01
01
01
01
07
01
07
01
07
01
01
01
01
01
01
01
01
01
01
01
01
01
01
01
01
01
01
01
0C
0C
0C
0C
0C
01
0C
0C
0C
0C
07
0C
0C
0C
01
0C
01
07
0C
01
0C
0C
07
07
0C
07
0C
0C
01
0F
10
0F
0C
10
0F
0C
0C
01
07
0C
07
0C
07
0C
0C
07
0C
0F
10
0C
0C
0C
0F
10
0C
0C
0C
01
07
0C
07
0C
07
0C
0C
0C
0C
0C
0C
01
07
0C
07
0C
01
01
01
01
01
07
01
07
01
01
01
01
01
01
01
01
01
01
01
01
01
01
01
01
01
01
01
01
01
01
0A
0A
01
01
0A
01
01
01
01
01
01
01
01
01
01
01
01
0B
01
01
01
01
01
01
01
01
01
01
01
01
01
01
01
01
01
01
01
01
01
01
01
01
01
07
0C
0C
0C
0C
01
01
07
01
01
01
07
01
01
1000
0044
0085
0001
0046
00000044
0002
0003
00000006
2A
2B
B70002
B1
0000
0002
0047
00000006
0001
0000
0027
0048
00000020
0003
0000
0006
0049
004A
0000
0000
0006
0084
004C
0001
0000
0006
0086
0087
0002
