09
0A
0A
07
0A
0A
0A
0A
0A
0A
0A
0A
0A
07
01
01
01
01
01
01
01
01
01
01
01
01
01
01
01
01
01
01
01
01
01
01
07
01
01
01
01
01
01
01
01
01
01
01
01
01
01
01
01
01
01
01
01
01
01
01
01
01
01
01
01
01
01
01
01
01
01
01
01
01
01
01
01
01
01
01
01
01
01
01
01
01
01
01
01
01
01
01
01
0C
0C
0C
07
01
0C
0C
0C
0C
0C
0C
0C
0C
0C
07
01
01
01
01
01
01
01
0001
003D
003A
0001
0013
00000036
0001
0002
00000002
01
B0
0000
0002
0014
00000006
0001
0000
0178
0015
00000016
0002
0000
0002
0016
0019
0000
0000
0002
003E
003C
0001
