0A
0A
0B
0B
0B
07
0B
07
0A
0A
08
0A
08
08
08
08
09
0B
07
0A
0A
07
0A
07
0A
0A
09
08
0A
0A
07
07
07
01
01
01
01
01
01
01
01
01
01
01
01
01
01
01
01
01
01
01
01
07
07
07
07
07
01
01
01
01
01
01
01
01
01
01
01
01
01
01
01
01
01
01
01
01
01
01
0C
07
0C
07
0C
07
0C
0C
07
01
0C
01
0C
0C
01
0C
01
01
01
0C
0C
01
0C
07
0C
01
0C
01
0C
0C
01
0C
0C
01
01
01
01
01
01
01
01
01
01
01
01
01
01
01
01
01
01
01
01
01
01
01
01
01
01
01
01
01
01
01
01
01
01
01
0001
004A
0043
0001
0024
00000049
0003
0002
00000011
2A
B4001B
2A
120F
B6001E
2B
B60015
57
2A
B0
0000
0002
0025
0000000A
0002
0000
007F
000F
0080
0026
00000016
0002
0000
0011
0027
0028
0000
0000
0011
0044
002B
0001
