0A
0A
0B
0B
0B
07
0B
07
0A
0A
08
0A
08
08
08
08
09
0B
07
0A
0A
07
0A
07
0A
0A
09
08
0A
0A
07
07
07
01
01
01
01
01
01
01
01
01
01
01
01
01
01
01
01
01
01
01
01
07
07
07
07
07
01
01
01
01
01
01
01
01
01
01
01
01
01
01
01
01
01
01
01
01
01
01
0C
07
0C
07
0C
07
0C
0C
07
01
0C
01
0C
0C
01
0C
01
01
01
0C
0C
01
0C
07
0C
01
0C
01
0C
0C
01
0C
0C
01
01
01
01
01
01
01
01
01
01
01
01
01
01
01
01
01
01
01
01
01
01
01
01
01
01
01
01
01
01
01
01
01
01
01
0001
0022
003C
0001
0024
0000004C
0003
0002
00000010
2A
B7001A
2A
B4001B
120D
2B
B60015
57
B1
0000
0002
0025
0000000E
0003
0000
004C
0004
004D
000F
004E
0026
00000016
0002
0000
0010
0027
0028
0000
0000
0010
003D
003E
0001
