09
07
0C
01
01
01
09
0C
01
01
0A
07
0C
01
01
01
07
01
0A
0A
0C
01
01
09
07
0C
01
01
01
12
0C
01
01
0B
07
0C
01
01
01
07
01
12
0A
0C
01
0B
0C
01
01
12
12
12
07
01
0A
0B
0C
01
0A
0C
01
01
12
0B
0C
01
01
0A
07
0C
01
01
01
12
12
07
01
0A
0B
0C
01
01
0A
07
0C
01
01
01
0A
0C
01
01
0A
0C
01
0B
07
0C
01
01
01
12
01
01
01
01
01
01
01
01
01
01
01
01
01
01
01
01
01
01
01
01
01
01
01
01
01
01
01
01
01
01
07
01
01
01
01
01
01
01
01
01
01
0C
01
01
01
08
01
08
01
08
01
08
01
08
01
08
01
08
01
08
01
08
01
0F
0A
07
0C
01
01
01
07
01
07
01
01
0001
0079
007A
0001
0068
00000084
0003
0002
00000036
2A
B40001
B40018
BA003F0000
4C
2A
B40007
2B
B900220200
9A0011
BB0028
59
2B
BA002A0000
B7002B
BF
2A
B40007
2B
B900400200
B80044
B0
0000
0003
0069
00000012
0004
0000
0095
000D
0096
001A
0097
0028
0099
006A
00000016
0002
0000
0036
006B
006C
0000
000D
0029
0071
001D
0001
0072
00000008
0001
FC
0028
07
0054
