0A
0B
0B
0B
07
0A
09
0A
0A
07
0A
0A
07
07
01
01
01
01
01
01
01
01
01
01
01
01
07
01
01
01
01
01
01
01
01
01
01
01
01
01
01
01
01
01
07
07
01
01
01
01
01
01
01
01
01
01
01
0C
07
0C
07
0C
0C
01
0C
0C
0C
0C
01
0C
07
01
01
01
01
01
01
01
01
01
01
01
01
01
01
01
01
01
01
01
01
0001
001A
001D
0003
0013
000000D5
0003
0006
0000003B
2C
B900020100
3A04
03
3605
1904
B900030100
990018
1505
1904
B900040100
C00005
B60006
60
3605
A7FFE4
B20007
1505
B60008
2D
2B
B20007
B60009
B1
0000
0003
0014
0000001E
0007
0000
0054
0008
0055
000B
0056
0015
0057
002A
0059
0032
005A
003A
005B
0015
0000003E
0006
0000
003B
0016
0019
0000
0000
003B
001E
001F
0001
0000
003B
0020
0021
0002
0000
003B
0022
0023
0003
0008
0033
0024
0025
0004
000B
0030
0026
0027
0005
0028
00000020
0003
0000
003B
0020
0029
0002
0000
003B
0022
002A
0003
0008
0033
0024
002B
0004
002C
00000006
0002
002D
002E
002F
00000002
0030
