0A
09
07
0A
0A
0A
0A
0A
09
0A
07
0A
08
0A
0A
08
0A
08
0A
08
08
0A
07
0B
0A
0B
0A
0A
07
07
08
0A
0A
07
07
07
01
01
01
01
01
01
01
01
01
01
01
01
01
01
01
01
01
01
01
01
01
01
01
01
01
01
01
01
07
01
01
01
01
01
01
01
01
01
01
01
07
01
01
01
01
01
07
07
01
01
01
01
01
01
01
01
07
01
01
01
01
01
0C
0C
01
0C
0C
0C
0C
0C
0C
01
01
0C
0C
01
0C
01
0C
01
01
0C
01
07
0C
07
0C
07
0C
01
01
01
0C
0C
01
01
01
01
01
01
01
01
01
01
01
01
0001
0048
0049
0001
002D
0000003F
0002
0002
00000007
2A
2B
B6000A
2A
B0
0000
0002
002E
0000000A
0002
0000
009B
0005
009C
002F
00000016
0002
0000
0007
0030
0031
0000
0000
0007
0029
002A
0001
