07
01
07
01
01
01
01
01
01
01
01
03
01
03
01
03
01
03
01
03
01
03
01
03
01
03
01
03
01
03
01
03
01
03
01
03
01
03
01
03
01
03
01
03
01
03
01
03
01
03
01
03
01
03
01
03
01
03
01
03
01
03
01
03
01
03
01
03
01
03
01
03
01
03
01
03
01
03
01
03
01
03
01
03
01
03
01
03
01
03
01
03
01
03
01
03
01
03
01
03
01
03
01
03
01
03
01
03
01
03
01
03
01
03
01
03
01
03
01
03
01
03
01
03
01
03
01
03
01
03
01
03
01
03
01
03
01
03
01
03
01
03
01
03
01
03
01
03
01
03
01
03
01
03
01
03
01
03
01
03
01
03
01
03
01
03
01
03
01
03
01
03
01
03
01
03
01
03
01
03
01
03
01
03
01
03
01
03
01
03
01
03
01
03
01
03
01
03
01
03
01
03
01
03
01
03
01
03
01
03
01
03
01
03
01
03
01
03
01
03
01
03
01
03
01
03
01
03
01
03
01
03
01
03
01
03
01
03
01
03
01
03
01
03
01
03
01
03
01
03
01
03
01
03
01
03
01
03
01
03
01
03
01
03
01
03
01
03
01
03
01
03
01
03
01
03
01
03
01
03
01
03
01
03
01
03
01
03
01
03
01
03
01
03
01
03
01
03
01
03
01
03
01
03
01
03
01
03
01
03
01
03
01
03
01
03
01
03
01
03
01
03
01
03
01
03
01
03
01
03
01
03
01
03
01
03
01
03
01
03
01
03
01
03
01
03
01
03
01
03
01
03
01
03
01
03
01
03
01
03
01
03
01
03
01
03
01
03
01
03
01
03
01
03
01
03
01
03
01
03
01
03
01
03
01
03
01
03
01
03
01
03
01
03
01
03
01
03
01
03
01
03
01
03
01
03
01
03
01
03
01
03
01
03
01
03
01
03
01
03
01
03
01
03
01
01
01
0A
0C
01
01
01
01
01
01
01
0A
09
0C
0A
07
01
0C
01
01
09
0C
01
07
01
01
01
0A
0C
0A
0C
01
01
01
01
01
01
07
01
0A
07
01
0C
01
01
0A
0C
01
01
01
01
01
01
0A
0C
01
01
01
01
0A
0C
01
01
01
01
01
01
01
01
01
01
01
01
01
0A
0C
01
01
01
01
01
01
01
01
0A
07
01
01
01
01
01
01
01
01
01
01
09
0C
01
01
01
01
0A
07
01
0C
01
01
01
01
01
01
01
01
01
01
01
0A
0C
01
01
01
01
01
01
01
01
01
01
01
01
01
01
01
01
01
01
01
01
0A
0A
0C
0A
0C
07
01
0A
0C
01
01
0A
0A
0C
01
0A
0C
01
01
0A
0C
01
08
01
0A
0C
01
01
0A
0C
01
08
01
0A
07
01
0A
01
01
01
01
01
01
01
01
01
01
01
01
01
01
01
01
01
01
01
01
01
01
01
01
01
01
01
01
01
01
01
01
01
01
01
01
01
01
01
01
01
01
01
01
01
01
01
01
01
01
01
01
01
01
01
01
01
01
01
01
01
01
07
01
0A
0C
01
0A
07
01
0C
01
0A
0C
01
08
01
0A
0C
01
01
0A
01
01
01
01
01
01
01
01
01
01
01
01
01
01
01
01
01
01
01
0A
07
01
0C
01
01
0A
07
01
0C
01
01
01
0A
0C
01
01
01
01
01
0A
07
01
01
01
01
01
0A
07
01
01
01
01
01
01
0A
0C
01
01
01
01
01
01
01
01
01
01
01
0A
0C
01
01
01
01
0A
0C
01
01
01
01
01
01
01
01
01
01
01
01
08
01
01
01
01
01
0A
0C
01
01
0A
0C
01
01
01
01
01
01
01
01
01
01
01
01
01
01
01
01
01
01
01
01
01
01
01
01
01
01
01
01
01
01
01
01
01
01
01
01
01
01
01
01
01
01
01
01
01
01
01
01
01
01
01
01
01
01
01
01
01
01
01
01
01
01
01
01
08
01
01
01
01
01
01
01
01
01
01
01
01
01
01
01
01
01
01
01
01
01
01
01
01
01
01
01
0A
0C
01
01
01
01
01
01
01
01
01
01
01
01
01
01
01
01
01
01
01
01
01
01
01
01
01
01
01
01
01
01
01
01
01
01
01
01
01
01
01
01
01
01
01
01
01
01
01
01
01
01
01
01
01
01
01
01
01
01
01
01
01
01
01
01
01
01
01
01
01
01
01
01
01
01
01
01
01
01
01
01
01
01
01
01
07
01
01
01
01
0009
03B1
03B0
0001
01AB
00000078
0005
0004
00000024
04
BD01CF
59
03
2B
53
4D
BB0001
59
1201
1100D3
2C
B801D1
2A
B701C5
4E
2D
1100D3
B601D7
2D
B0
0000
0002
01AE
00000012
0004
0000
07D7
0009
07D9
001B
07DA
0022
07DB
01AF
0000002A
0004
0000
0024
0005
0006
0000
0000
0024
0007
0008
0001
0009
001B
01DB
01DC
0002
001B
0009
01F1
01B1
0003
