0A
07
0C
01
01
01
09
0C
01
01
0A
07
0C
01
01
09
07
0C
01
01
01
0A
07
0C
01
01
01
09
0C
01
01
08
01
08
01
0A
0C
01
01
08
01
0A
07
0C
01
01
01
08
01
0A
0C
01
0B
07
0C
01
01
01
0A
0C
01
07
01
01
01
01
01
01
01
01
01
01
01
01
01
01
01
01
01
01
01
01
01
01
01
01
01
01
07
01
01
07
01
0001
0046
004D
0001
0040
000000D1
0003
0003
00000047
2A
B40007
B40010
2A
B40007
B40010
B60016
2A
B4001C
A00008
1220
A70005
1222
B60024
2B
B60024
2B
1228
B6002A
990008
1228
A70005
1230
B60024
57
2C
2A
B40007
B900350200
57
2A
B0
0000
0003
0041
00000016
0005
0000
0036
0023
0037
0026
0038
003A
0039
0045
003A
0042
00000020
0003
0000
0047
0043
0044
0000
0000
0047
0048
0049
0001
0000
0047
004E
004F
0002
004C
00000036
0004
5D
07
0017
FF
0001
0003
07
0002
07
002B
07
0036
0002
07
0017
07
002B
54
07
0017
FF
0001
0003
07
0002
07
002B
07
0036
0002
07
0017
07
002B
