07
01
07
01
01
01
01
01
01
01
01
03
01
03
01
03
01
03
01
03
01
03
01
03
01
03
01
03
01
03
01
03
01
03
01
03
01
03
01
03
01
03
01
03
01
03
01
03
01
03
01
03
01
03
01
03
01
03
01
03
01
03
01
03
01
03
01
03
01
03
01
03
01
03
01
03
01
03
01
03
01
03
01
03
01
03
01
03
01
03
01
03
01
03
01
03
01
03
01
03
01
03
01
03
01
03
01
03
01
03
01
03
01
03
01
03
01
03
01
03
01
03
01
03
01
03
01
03
01
03
01
03
01
03
01
03
01
03
01
03
01
03
01
03
01
03
01
03
01
03
01
03
01
03
01
03
01
03
01
03
01
03
01
03
01
03
01
03
01
03
01
03
01
03
01
03
01
03
01
03
01
03
01
03
01
03
01
03
01
03
01
03
01
03
01
03
01
03
01
03
01
03
01
03
01
03
01
03
01
03
01
03
01
03
01
03
01
03
01
03
01
03
01
03
01
03
01
03
01
03
01
03
01
03
01
03
01
03
01
03
01
03
01
03
01
03
01
03
01
03
01
03
01
03
01
03
01
03
01
03
01
03
01
03
01
03
01
03
01
03
01
03
01
03
01
03
01
03
01
03
01
03
01
03
01
03
01
03
01
03
01
03
01
03
01
03
01
03
01
03
01
03
01
03
01
03
01
03
01
03
01
03
01
03
01
03
01
03
01
03
01
03
01
03
01
03
01
03
01
03
01
03
01
03
01
03
01
03
01
03
01
03
01
03
01
03
01
03
01
03
01
03
01
03
01
03
01
03
01
03
01
03
01
03
01
03
01
03
01
03
01
03
01
03
01
03
01
03
01
03
01
03
01
03
01
03
01
03
01
03
01
03
01
03
01
03
01
03
01
03
01
03
01
03
01
03
01
03
01
03
01
03
01
03
01
03
01
03
01
03
01
03
01
03
01
01
01
0A
0C
01
01
01
01
01
01
01
0A
09
0C
0A
07
01
0C
01
01
09
0C
01
07
01
01
01
0A
0C
0A
0C
01
01
01
01
01
01
07
01
0A
07
01
0C
01
01
0A
0C
01
01
01
01
01
01
0A
0C
01
01
01
01
0A
0C
01
01
01
01
01
01
01
01
01
01
01
01
01
0A
0C
01
01
01
01
01
01
01
01
0A
07
01
01
01
01
01
01
01
01
01
01
09
0C
01
01
01
01
0A
07
01
0C
01
01
01
01
01
01
01
01
01
01
01
0A
0C
01
01
01
01
01
01
01
01
01
01
01
01
01
01
01
01
01
01
01
01
0A
0A
0C
0A
0C
07
01
0A
0C
01
01
0A
0A
0C
01
0A
0C
01
01
0A
0C
01
08
01
0A
0C
01
01
0A
0C
01
08
01
0A
07
01
0A
01
01
01
01
01
01
01
01
01
01
01
01
01
01
01
01
01
01
01
01
01
01
01
01
01
01
01
01
01
01
01
01
01
01
01
01
01
01
01
01
01
01
01
01
01
01
01
01
01
01
01
01
01
01
01
01
01
01
01
01
01
01
07
01
0A
0C
01
0A
07
01
0C
01
0A
0C
01
08
01
0A
0C
01
01
0A
01
01
01
01
01
01
01
01
01
01
01
01
01
01
01
01
01
01
01
0A
07
01
0C
01
01
0A
07
01
0C
01
01
01
0A
0C
01
01
01
01
01
0A
07
01
01
01
01
01
0A
07
01
01
01
01
01
01
0A
0C
01
01
01
01
01
01
01
01
01
01
01
0A
0C
01
01
01
01
0A
0C
01
01
01
01
01
01
01
01
01
01
01
01
08
01
01
01
01
01
0A
0C
01
01
0A
0C
01
01
01
01
01
01
01
01
01
01
01
01
01
01
01
01
01
01
01
01
01
01
01
01
01
01
01
01
01
01
01
01
01
01
01
01
01
01
01
01
01
01
01
01
01
01
01
01
01
01
01
01
01
01
01
01
01
01
01
01
01
01
01
01
08
01
01
01
01
01
01
01
01
01
01
01
01
01
01
01
01
01
01
01
01
01
01
01
01
01
01
01
0A
0C
01
01
01
01
01
01
01
01
01
01
01
01
01
01
01
01
01
01
01
01
01
01
01
01
01
01
01
01
01
01
01
01
01
01
01
01
01
01
01
01
01
01
01
01
01
01
01
01
01
01
01
01
01
01
01
01
01
01
01
01
01
01
01
01
01
01
01
01
01
01
01
01
01
01
01
01
01
01
01
01
01
01
01
01
07
01
01
01
01
0009
0208
0209
0001
01AB
00000080
0005
0004
0000002C
06
BD01CF
59
03
2B
53
59
04
2A
53
59
05
B2020A
53
4D
BB0001
59
1201
1008
2C
B801D1
2B
B701C5
4E
2D
1008
B601D7
2D
B0
0000
0002
01AE
00000012
0004
0000
016E
0013
0170
0024
0171
002A
0172
01AF
0000002A
0004
0000
002C
020D
0006
0000
0000
002C
0005
0006
0001
0013
0019
01DB
01DC
0002
0024
0008
01F1
01B1
0003
