07
01
07
01
01
01
01
01
01
01
01
03
01
03
01
03
01
03
01
03
01
03
01
03
01
03
01
03
01
03
01
03
01
03
01
03
01
03
01
03
01
03
01
03
01
03
01
03
01
03
01
03
01
03
01
03
01
03
01
03
01
03
01
03
01
03
01
03
01
03
01
03
01
03
01
03
01
03
01
03
01
03
01
03
01
03
01
03
01
03
01
03
01
03
01
03
01
03
01
03
01
03
01
03
01
03
01
03
01
03
01
03
01
03
01
03
01
03
01
03
01
03
01
03
01
03
01
03
01
03
01
03
01
03
01
03
01
03
01
03
01
03
01
03
01
03
01
03
01
03
01
03
01
03
01
03
01
03
01
03
01
03
01
03
01
03
01
03
01
03
01
03
01
03
01
03
01
03
01
03
01
03
01
03
01
03
01
03
01
03
01
03
01
03
01
03
01
03
01
03
01
03
01
03
01
03
01
03
01
03
01
03
01
03
01
03
01
03
01
03
01
03
01
03
01
03
01
03
01
03
01
03
01
03
01
03
01
03
01
03
01
03
01
03
01
03
01
03
01
03
01
03
01
03
01
03
01
03
01
03
01
03
01
03
01
03
01
03
01
03
01
03
01
03
01
03
01
03
01
03
01
03
01
03
01
03
01
03
01
03
01
03
01
03
01
03
01
03
01
03
01
03
01
03
01
03
01
03
01
03
01
03
01
03
01
03
01
03
01
03
01
03
01
03
01
03
01
03
01
03
01
03
01
03
01
03
01
03
01
03
01
03
01
03
01
03
01
03
01
03
01
03
01
03
01
03
01
03
01
03
01
03
01
03
01
03
01
03
01
03
01
03
01
03
01
03
01
03
01
03
01
03
01
03
01
03
01
03
01
03
01
03
01
03
01
03
01
03
01
03
01
03
01
03
01
03
01
03
01
03
01
03
01
03
01
03
01
03
01
03
01
03
01
03
01
01
01
0A
0C
01
01
01
01
01
01
01
0A
09
0C
0A
07
01
0C
01
01
09
0C
01
07
01
01
01
0A
0C
0A
0C
01
01
01
01
01
01
07
01
0A
07
01
0C
01
01
0A
0C
01
01
01
01
01
01
0A
0C
01
01
01
01
0A
0C
01
01
01
01
01
01
01
01
01
01
01
01
01
0A
0C
01
01
01
01
01
01
01
01
0A
07
01
01
01
01
01
01
01
01
01
01
09
0C
01
01
01
01
0A
07
01
0C
01
01
01
01
01
01
01
01
01
01
01
0A
0C
01
01
01
01
01
01
01
01
01
01
01
01
01
01
01
01
01
01
01
01
0A
0A
0C
0A
0C
07
01
0A
0C
01
01
0A
0A
0C
01
0A
0C
01
01
0A
0C
01
08
01
0A
0C
01
01
0A
0C
01
08
01
0A
07
01
0A
01
01
01
01
01
01
01
01
01
01
01
01
01
01
01
01
01
01
01
01
01
01
01
01
01
01
01
01
01
01
01
01
01
01
01
01
01
01
01
01
01
01
01
01
01
01
01
01
01
01
01
01
01
01
01
01
01
01
01
01
01
01
07
01
0A
0C
01
0A
07
01
0C
01
0A
0C
01
08
01
0A
0C
01
01
0A
01
01
01
01
01
01
01
01
01
01
01
01
01
01
01
01
01
01
01
0A
07
01
0C
01
01
0A
07
01
0C
01
01
01
0A
0C
01
01
01
01
01
0A
07
01
01
01
01
01
0A
07
01
01
01
01
01
01
0A
0C
01
01
01
01
01
01
01
01
01
01
01
0A
0C
01
01
01
01
0A
0C
01
01
01
01
01
01
01
01
01
01
01
01
08
01
01
01
01
01
0A
0C
01
01
0A
0C
01
01
01
01
01
01
01
01
01
01
01
01
01
01
01
01
01
01
01
01
01
01
01
01
01
01
01
01
01
01
01
01
01
01
01
01
01
01
01
01
01
01
01
01
01
01
01
01
01
01
01
01
01
01
01
01
01
01
01
01
01
01
01
01
08
01
01
01
01
01
01
01
01
01
01
01
01
01
01
01
01
01
01
01
01
01
01
01
01
01
01
01
0A
0C
01
01
01
01
01
01
01
01
01
01
01
01
01
01
01
01
01
01
01
01
01
01
01
01
01
01
01
01
01
01
01
01
01
01
01
01
01
01
01
01
01
01
01
01
01
01
01
01
01
01
01
01
01
01
01
01
01
01
01
01
01
01
01
01
01
01
01
01
01
01
01
01
01
01
01
01
01
01
01
01
01
01
01
01
07
01
01
01
01
0009
0329
0270
0001
01AB
00000096
0005
0005
00000030
04
BD01CF
59
03
2A
53
4E
BB0001
59
1201
1038
2D
B801D1
B701B5
3A04
1904
1038
B601D7
1904
2B
B601F4
1904
2C
B601C7
1904
B0
0000
0002
01AE
0000001A
0006
0000
047A
0009
047C
001A
047D
0021
047E
0027
047F
002D
0480
01AF
00000034
0005
0000
0030
032A
01B3
0000
0000
0030
0007
0008
0001
0000
0030
01CB
01CC
0002
0009
0027
01DB
01DC
0003
001A
0016
01F1
01B1
0004
