07
01
07
01
01
01
01
01
01
01
01
03
01
03
01
03
01
03
01
03
01
03
01
03
01
03
01
03
01
03
01
03
01
03
01
03
01
03
01
03
01
03
01
03
01
03
01
03
01
03
01
03
01
03
01
03
01
03
01
03
01
03
01
03
01
03
01
03
01
03
01
03
01
03
01
03
01
03
01
03
01
03
01
03
01
03
01
03
01
03
01
03
01
03
01
03
01
03
01
03
01
03
01
03
01
03
01
03
01
03
01
03
01
03
01
03
01
03
01
03
01
03
01
03
01
03
01
03
01
03
01
03
01
03
01
03
01
03
01
03
01
03
01
03
01
03
01
03
01
03
01
03
01
03
01
03
01
03
01
03
01
03
01
03
01
03
01
03
01
03
01
03
01
03
01
03
01
03
01
03
01
03
01
03
01
03
01
03
01
03
01
03
01
03
01
03
01
03
01
03
01
03
01
03
01
03
01
03
01
03
01
03
01
03
01
03
01
03
01
03
01
03
01
03
01
03
01
03
01
03
01
03
01
03
01
03
01
03
01
03
01
03
01
03
01
03
01
03
01
03
01
03
01
03
01
03
01
03
01
03
01
03
01
03
01
03
01
03
01
03
01
03
01
03
01
03
01
03
01
03
01
03
01
03
01
03
01
03
01
03
01
03
01
03
01
03
01
03
01
03
01
03
01
03
01
03
01
03
01
03
01
03
01
03
01
03
01
03
01
03
01
03
01
03
01
03
01
03
01
03
01
03
01
03
01
03
01
03
01
03
01
03
01
03
01
03
01
03
01
03
01
03
01
03
01
03
01
03
01
03
01
03
01
03
01
03
01
03
01
03
01
03
01
03
01
03
01
03
01
03
01
03
01
03
01
03
01
03
01
03
01
03
01
03
01
03
01
03
01
03
01
03
01
03
01
03
01
03
01
03
01
03
01
03
01
03
01
03
01
03
01
03
01
03
01
01
01
0A
0C
01
01
01
01
01
01
01
0A
09
0C
0A
07
01
0C
01
01
09
0C
01
07
01
01
01
0A
0C
0A
0C
01
01
01
01
01
01
07
01
0A
07
01
0C
01
01
0A
0C
01
01
01
01
01
01
0A
0C
01
01
01
01
0A
0C
01
01
01
01
01
01
01
01
01
01
01
01
01
0A
0C
01
01
01
01
01
01
01
01
0A
07
01
01
01
01
01
01
01
01
01
01
09
0C
01
01
01
01
0A
07
01
0C
01
01
01
01
01
01
01
01
01
01
01
0A
0C
01
01
01
01
01
01
01
01
01
01
01
01
01
01
01
01
01
01
01
01
0A
0A
0C
0A
0C
07
01
0A
0C
01
01
0A
0A
0C
01
0A
0C
01
01
0A
0C
01
08
01
0A
0C
01
01
0A
0C
01
08
01
0A
07
01
0A
01
01
01
01
01
01
01
01
01
01
01
01
01
01
01
01
01
01
01
01
01
01
01
01
01
01
01
01
01
01
01
01
01
01
01
01
01
01
01
01
01
01
01
01
01
01
01
01
01
01
01
01
01
01
01
01
01
01
01
01
01
01
07
01
0A
0C
01
0A
07
01
0C
01
0A
0C
01
08
01
0A
0C
01
01
0A
01
01
01
01
01
01
01
01
01
01
01
01
01
01
01
01
01
01
01
0A
07
01
0C
01
01
0A
07
01
0C
01
01
01
0A
0C
01
01
01
01
01
0A
07
01
01
01
01
01
0A
07
01
01
01
01
01
01
0A
0C
01
01
01
01
01
01
01
01
01
01
01
0A
0C
01
01
01
01
0A
0C
01
01
01
01
01
01
01
01
01
01
01
01
08
01
01
01
01
01
0A
0C
01
01
0A
0C
01
01
01
01
01
01
01
01
01
01
01
01
01
01
01
01
01
01
01
01
01
01
01
01
01
01
01
01
01
01
01
01
01
01
01
01
01
01
01
01
01
01
01
01
01
01
01
01
01
01
01
01
01
01
01
01
01
01
01
01
01
01
01
01
08
01
01
01
01
01
01
01
01
01
01
01
01
01
01
01
01
01
01
01
01
01
01
01
01
01
01
01
0A
0C
01
01
01
01
01
01
01
01
01
01
01
01
01
01
01
01
01
01
01
01
01
01
01
01
01
01
01
01
01
01
01
01
01
01
01
01
01
01
01
01
01
01
01
01
01
01
01
01
01
01
01
01
01
01
01
01
01
01
01
01
01
01
01
01
01
01
01
01
01
01
01
01
01
01
01
01
01
01
01
01
01
01
01
01
07
01
01
01
01
0009
03A3
01CE
0001
01AB
0000006A
0005
0003
00000020
03
BD01CF
4C
BB0001
59
1201
1100C9
2B
B801D1
2A
B701C5
4D
2C
1100C9
B601D7
2C
B0
0000
0002
01AE
00000012
0004
0000
0797
0005
0799
0017
079A
001E
079B
01AF
00000020
0003
0000
0020
0005
0006
0000
0005
001B
01DB
01DC
0001
0017
0009
01F1
01B1
0002
