0A
0A
09
0A
0A
0A
0A
0A
0A
0A
0A
0A
07
0A
0A
0A
0A
0A
07
07
07
01
01
01
01
01
01
01
01
01
01
01
01
01
01
01
01
01
01
01
01
01
01
01
01
01
01
01
01
01
01
01
01
01
01
01
01
01
01
07
01
01
01
01
01
01
01
01
01
07
01
01
01
01
01
01
01
07
01
01
01
01
01
01
0C
0C
0C
07
0C
0C
0C
0C
07
0C
07
0C
0C
0C
01
0C
0C
0C
0C
0C
01
07
01
01
07
01
07
01
01
01
01
01
01
01
01
01
01
01
01
01
01
01
01
01
01
01
1000
001A
0052
0001
001C
00000039
0001
0002
00000005
2A
B70001
B1
0000
0002
001D
00000006
0001
0000
00BB
001E
00000016
0002
0000
0005
001F
0022
0000
0000
0005
004D
0051
0001
