07
01
07
01
01
01
01
01
01
01
01
03
01
03
01
03
01
03
01
03
01
03
01
03
01
03
01
03
01
03
01
03
01
03
01
03
01
03
01
03
01
03
01
03
01
03
01
03
01
03
01
03
01
03
01
03
01
03
01
03
01
03
01
03
01
03
01
03
01
03
01
03
01
03
01
03
01
03
01
03
01
03
01
03
01
03
01
03
01
03
01
03
01
03
01
03
01
03
01
03
01
03
01
03
01
03
01
03
01
03
01
03
01
03
01
03
01
03
01
03
01
03
01
03
01
03
01
03
01
03
01
03
01
03
01
03
01
03
01
03
01
03
01
03
01
03
01
03
01
03
01
03
01
03
01
03
01
03
01
03
01
03
01
03
01
03
01
03
01
03
01
03
01
03
01
03
01
03
01
03
01
03
01
03
01
03
01
03
01
03
01
03
01
03
01
03
01
03
01
03
01
03
01
03
01
03
01
03
01
03
01
03
01
03
01
03
01
03
01
03
01
03
01
03
01
03
01
03
01
03
01
03
01
03
01
03
01
03
01
03
01
03
01
03
01
03
01
03
01
03
01
03
01
03
01
03
01
03
01
03
01
03
01
03
01
03
01
03
01
03
01
03
01
03
01
03
01
03
01
03
01
03
01
03
01
03
01
03
01
03
01
03
01
03
01
03
01
03
01
03
01
03
01
03
01
03
01
03
01
03
01
03
01
03
01
03
01
03
01
03
01
03
01
03
01
03
01
03
01
03
01
03
01
03
01
03
01
03
01
03
01
03
01
03
01
03
01
03
01
03
01
03
01
03
01
03
01
03
01
03
01
03
01
03
01
03
01
03
01
03
01
03
01
03
01
03
01
03
01
03
01
03
01
03
01
03
01
03
01
03
01
03
01
03
01
03
01
03
01
03
01
03
01
03
01
03
01
03
01
03
01
03
01
03
01
03
01
03
01
03
01
03
01
03
01
01
01
0A
0C
01
01
01
01
01
01
01
0A
09
0C
0A
07
01
0C
01
01
09
0C
01
07
01
01
01
0A
0C
0A
0C
01
01
01
01
01
01
07
01
0A
07
01
0C
01
01
0A
0C
01
01
01
01
01
01
0A
0C
01
01
01
01
0A
0C
01
01
01
01
01
01
01
01
01
01
01
01
01
0A
0C
01
01
01
01
01
01
01
01
0A
07
01
01
01
01
01
01
01
01
01
01
09
0C
01
01
01
01
0A
07
01
0C
01
01
01
01
01
01
01
01
01
01
01
0A
0C
01
01
01
01
01
01
01
01
01
01
01
01
01
01
01
01
01
01
01
01
0A
0A
0C
0A
0C
07
01
0A
0C
01
01
0A
0A
0C
01
0A
0C
01
01
0A
0C
01
08
01
0A
0C
01
01
0A
0C
01
08
01
0A
07
01
0A
01
01
01
01
01
01
01
01
01
01
01
01
01
01
01
01
01
01
01
01
01
01
01
01
01
01
01
01
01
01
01
01
01
01
01
01
01
01
01
01
01
01
01
01
01
01
01
01
01
01
01
01
01
01
01
01
01
01
01
01
01
01
07
01
0A
0C
01
0A
07
01
0C
01
0A
0C
01
08
01
0A
0C
01
01
0A
01
01
01
01
01
01
01
01
01
01
01
01
01
01
01
01
01
01
01
0A
07
01
0C
01
01
0A
07
01
0C
01
01
01
0A
0C
01
01
01
01
01
0A
07
01
01
01
01
01
0A
07
01
01
01
01
01
01
0A
0C
01
01
01
01
01
01
01
01
01
01
01
0A
0C
01
01
01
01
0A
0C
01
01
01
01
01
01
01
01
01
01
01
01
08
01
01
01
01
01
0A
0C
01
01
0A
0C
01
01
01
01
01
01
01
01
01
01
01
01
01
01
01
01
01
01
01
01
01
01
01
01
01
01
01
01
01
01
01
01
01
01
01
01
01
01
01
01
01
01
01
01
01
01
01
01
01
01
01
01
01
01
01
01
01
01
01
01
01
01
01
01
08
01
01
01
01
01
01
01
01
01
01
01
01
01
01
01
01
01
01
01
01
01
01
01
01
01
01
01
0A
0C
01
01
01
01
01
01
01
01
01
01
01
01
01
01
01
01
01
01
01
01
01
01
01
01
01
01
01
01
01
01
01
01
01
01
01
01
01
01
01
01
01
01
01
01
01
01
01
01
01
01
01
01
01
01
01
01
01
01
01
01
01
01
01
01
01
01
01
01
01
01
01
01
01
01
01
01
01
01
01
01
01
01
01
01
07
01
01
01
01
0009
0372
0265
0001
01AB
00000075
0005
0004
00000021
03
BD01CF
4D
BB0001
59
1201
1100A8
2C
B801D1
2A
2B
B7021F
4E
2D
1100A8
B601D7
2D
B0
0000
0002
01AE
00000012
0004
0000
0688
0005
068A
0018
068B
001F
068C
01AF
0000002A
0004
0000
0021
0005
0006
0000
0000
0021
01CB
01FA
0001
0005
001C
01DB
01DC
0002
0018
0009
01F1
01B1
0003
