0A
0A
09
0A
0A
0A
0A
0A
0B
12
0B
0A
0B
07
0A
0A
0B
12
0A
07
0A
0A
0A
0A
0B
07
0B
07
07
07
07
01
01
01
01
01
01
01
01
01
01
01
01
01
01
01
01
01
01
01
07
01
01
01
01
01
01
01
01
01
01
01
01
01
01
01
01
01
07
01
01
01
01
01
01
01
01
01
01
01
01
01
01
01
01
01
01
07
01
01
01
01
01
01
0C
0C
0C
07
0C
0C
0C
0C
07
0C
01
0F
10
0F
10
0C
07
0C
07
0C
0C
01
07
0C
07
0C
0C
0F
10
0C
01
0C
0C
0C
0C
0C
01
0C
01
01
07
01
01
01
01
01
01
01
01
01
01
01
01
01
0A
01
0A
01
01
01
01
01
01
01
01
01
01
01
01
01
01
01
01
01
01
01
0A
01
01
01
01
01
01
01
01
07
0C
0C
0C
01
01
07
01
01
01
07
01
01
0001
0048
0049
0001
0026
00000034
0004
0001
0000000A
BB0014
59
2A
01
B70015
B0
0000
0002
0027
00000006
0001
0000
00EE
0028
0000000C
0001
0000
000A
0029
002C
0000
