01
07
01
01
07
01
07
01
07
01
01
01
01
01
01
01
01
0C
0A
01
01
01
01
01
0C
09
01
07
0A
01
01
01
0C
0A
01
01
01
01
01
0C
0A
0C
0A
01
07
01
01
0C
0A
01
01
01
01
01
01
0C
09
01
01
01
01
0C
0A
01
01
07
0A
01
08
01
01
0C
0A
0C
0A
01
08
01
0C
0A
01
08
0C
0A
01
08
01
08
0C
0A
01
01
01
01
07
01
07
0C
0B
01
07
0A
01
01
01
01
01
0C
0B
0A
01
01
01
01
01
07
01
0C
0A
01
07
01
08
01
0C
0A
01
01
0C
0A
01
01
01
01
01
01
01
01
1041
0071
0075
0002
0084
0000002F
0001
0001
00000005
2A
B60082
B0
0000
0002
0085
00000006
0001
0000
0017
0086
0000000C
0001
0000
0005
0014
0015
0000
0089
00000004
0001
0074
