0A
09
07
08
09
0A
09
05
0A
09
07
0A
09
09
0A
0A
0B
09
0A
09
07
01
01
01
01
01
01
01
01
01
01
01
01
01
01
01
01
01
01
01
01
01
01
01
01
01
01
01
01
01
01
01
01
01
01
01
01
07
01
01
01
01
01
01
01
01
01
01
01
01
01
01
01
01
01
01
01
01
01
01
01
01
0C
0C
07
01
01
0C
07
0C
0C
0C
0C
01
0C
0C
07
0C
0C
07
0C
0C
0C
0C
01
01
01
01
01
01
01
01
01
01
01
01
01
01
01
01
0001
0051
0033
0002
0029
0000003E
0002
0002
00000006
2A
1B
B5000F
B1
0000
0002
002A
0000000A
0002
0000
00B4
0005
00B5
002B
00000016
0002
0000
0006
002C
002F
0000
0000
0006
0026
001B
0001
0034
00000005
01
0026
0000
