0A
09
07
0A
08
0A
0A
0A
0A
07
0A
0A
09
07
0A
08
0A
0A
0B
08
0A
0A
08
0A
0A
0A
0A
07
0A
0A
07
07
07
01
01
01
01
01
01
01
01
01
01
01
01
01
01
01
01
01
01
01
01
01
01
01
01
01
01
01
01
01
01
01
01
01
01
01
01
01
01
01
01
0C
0C
01
01
0C
0C
07
0C
07
0C
01
0C
0C
07
0C
01
01
0C
07
0C
07
0C
01
0C
07
0C
01
0C
07
0C
0C
01
0C
0C
01
01
01
01
01
01
01
01
01
01
01
01
01
01
01
01
01
01
01
01
01
01
01
01
01
01
01
01
01
01
01
0001
0042
0043
0001
0026
0000002C
0001
0001
00000002
01
B0
0000
0002
0027
00000006
0001
0000
0057
0028
0000000C
0001
0000
0002
0029
002A
0000
