0A
09
09
09
09
07
0A
09
09
09
07
0A
0A
0A
0B
0A
0B
0A
08
0B
0A
08
0A
08
0B
0A
08
0A
08
0A
08
0A
07
0A
0B
09
0A
0B
09
0A
07
07
07
07
07
01
01
01
05
01
01
01
01
01
01
01
01
01
01
01
01
01
01
01
01
01
01
01
01
01
03
01
01
01
01
01
01
01
01
01
01
01
01
01
01
01
01
01
01
01
01
01
01
01
01
01
01
01
01
01
01
01
01
01
01
01
01
01
01
01
01
01
01
01
01
01
01
01
01
01
01
01
01
01
01
01
01
01
01
01
01
01
01
01
01
01
01
01
01
01
01
01
01
01
01
01
01
01
01
01
01
01
01
01
01
01
01
0C
0C
0C
0C
0C
01
0C
0C
07
0C
01
0C
0C
07
0C
0C
0C
0C
0C
0C
0C
07
0C
0C
0C
0C
0C
01
07
0C
07
0C
07
0C
0C
07
0C
07
0C
0C
01
01
01
01
01
01
01
01
01
01
01
01
01
01
01
01
01
01
01
01
01
01
01
01
01
01
01
01
01
01
0001
0091
0096
0001
0051
00000043
0003
0002
0000000B
B20027
4C
2A
01
2B
B60028
AC
0000
0002
0052
0000000A
0002
0000
018D
0004
018E
0053
00000016
0002
0000
000B
0054
0055
0000
0004
0007
006C
0093
0001
