0A
0A
0A
09
0A
0A
0A
09
0B
09
09
0A
0A
0A
0A
08
07
08
08
0A
08
07
07
07
01
01
01
01
01
01
08
01
01
01
01
01
01
01
01
01
01
01
01
07
07
01
01
01
01
01
01
01
01
01
01
01
01
0C
0C
0C
07
0C
07
0C
07
0C
0C
0C
07
0C
07
0C
0C
0C
0C
0C
07
0C
01
01
01
01
01
01
01
01
01
01
01
01
01
01
01
01
01
01
01
01
01
01
01
01
01
01
01
01
01
01
01
01
0008
0036
0037
0001
0022
00000039
0004
0000
0000001D
BB0011
59
1212
1213
B70014
B30008
BB0011
59
1215
1213
B70014
B3000B
B1
0000
0001
0023
0000000A
0002
0000
003B
000E
003C
