09
0A
07
0A
09
0A
07
0A
07
0A
07
0A
07
0A
07
0A
07
0A
07
07
07
01
01
01
01
01
01
01
01
01
01
01
01
01
01
01
01
01
01
01
01
01
01
01
01
01
01
01
07
01
01
01
01
01
01
01
01
01
01
01
01
01
01
01
01
01
01
01
01
01
01
01
01
0C
0C
01
0C
0C
07
0C
01
01
0C
01
0C
01
0C
01
0C
01
01
01
01
01
01
01
01
01
01
01
01
01
01
01
01
0001
0045
0046
0002
0024
00000076
0006
0005
0000001C
BB0011
59
2A
2B
2C
2D
B70012
3A04
2A
B40001
B40005
1904
B60006
1904
B0
0000
0002
0025
0000000E
0003
0000
35A3
000D
35A4
0019
35A5
0026
00000034
0005
0000
001C
0027
0028
0000
0000
001C
002B
002C
0001
0000
001C
002D
002C
0002
0000
001C
0037
0038
0003
000D
000F
002E
0047
0004
0030
00000004
0001
0031
