09
07
0A
07
0A
09
0A
0A
09
0A
09
09
0A
07
0B
09
09
09
0A
09
0A
0A
0A
05
05
05
05
05
05
05
05
0A
0A
0A
07
08
0A
07
07
0A
07
0A
07
0A
07
07
0A
08
0A
0A
0A
0A
0A
0A
0A
0B
0A
0B
0A
06
0A
07
0A
07
0A
08
0B
08
0A
08
08
0A
08
0A
0A
08
07
0A
0A
0A
07
0A
07
01
01
01
01
01
01
01
01
01
01
01
01
01
01
01
01
01
01
01
01
01
01
01
01
01
01
01
01
01
01
01
01
01
01
01
01
01
01
01
01
01
01
01
01
01
01
01
01
01
01
01
01
01
01
01
01
01
01
01
01
01
01
01
01
01
01
01
01
01
01
01
01
01
01
07
01
01
01
01
01
01
01
01
01
01
01
01
01
01
01
01
01
01
01
01
01
01
01
01
01
01
01
01
01
01
01
01
01
01
01
01
01
07
01
01
01
01
01
0C
01
0C
01
0C
0C
0C
0C
07
0C
0C
07
0C
0C
01
0C
0C
0C
0C
0C
0C
07
0C
0C
0C
0C
0C
0C
01
01
0C
01
01
0C
01
0C
01
07
0C
01
01
01
0C
0C
0C
0C
0C
0C
0C
0C
0C
07
0C
0C
0C
01
0C
01
0C
01
0C
01
0C
01
01
0C
01
0C
0C
01
01
07
0C
0C
0C
0C
01
01
01
01
01
01
01
01
01
01
01
01
01
01
01
01
01
01
01
01
01
01
01
01
01
01
01
01
01
01
01
01
01
01
01
01
01
01
01
01
01
01
01
01
01
0001
00C5
0098
0001
006B
00000033
0001
0001
00000005
2A
B60041
B1
0000
0002
006C
0000000A
0002
0000
01B1
0004
01B2
006D
0000000C
0001
0000
0005
0072
0073
0000
