0A
09
0B
0B
12
12
0A
0B
07
07
07
03
07
0A
0A
0B
0B
0B
12
0B
0A
07
07
05
0A
0B
07
0B
07
0B
0A
09
07
07
07
01
01
01
01
01
01
01
01
01
01
01
01
01
01
01
01
01
01
01
01
01
01
01
01
01
01
01
01
01
01
01
01
01
01
01
01
01
01
01
01
07
01
01
01
01
01
01
01
01
01
01
01
01
01
0C
0C
07
0C
07
0C
01
0F
10
0F
10
0C
0F
10
07
0C
07
0C
01
01
01
01
0C
0C
0C
0C
07
0F
10
0C
0C
01
01
0C
0C
01
0C
01
0C
0C
07
0C
01
01
01
01
01
01
01
01
01
0A
01
0A
01
01
0A
01
01
01
01
01
01
01
01
01
01
01
01
0A
01
01
01
01
01
01
01
01
01
01
01
01
01
01
07
0C
0C
0C
0C
01
01
07
01
01
07
01
01
100A
004C
0050
0001
0029
00000044
0004
0001
0000001A
BB001C
59
2A
B9001D0100
C0001E
2A
B9001F0100
C0001E
B70020
B0
0000
0002
002A
00000006
0001
0000
0040
002B
0000000C
0001
0000
001A
0051
0052
0000
