01
07
01
07
01
07
01
01
01
03
03
01
01
03
01
01
01
01
01
01
01
01
01
01
01
01
01
01
01
01
01
01
01
01
01
01
01
01
01
01
01
01
01
01
01
01
01
01
07
01
01
07
01
01
01
01
01
01
01
01
01
05
01
01
08
01
07
01
01
0C
0A
01
0C
0A
0C
09
0C
09
0C
09
0C
09
0C
09
01
01
01
01
0C
0A
01
01
0C
0A
01
01
0C
0A
01
07
0A
01
08
01
01
0C
0A
01
08
01
0C
0A
01
08
01
08
01
0C
0A
01
08
01
0C
0A
0C
0A
01
01
07
0C
0A
01
07
01
0C
0A
0A
01
01
01
01
01
0C
0A
01
01
01
0C
0A
0C
09
01
01
01
01
01
01
01
01
01
01
01
0012
002C
0058
0001
009C
00000034
0004
0001
0000000A
BB0031
59
2A
01
B7005B
B0
0000
0002
009D
00000006
0001
0000
0082
009E
0000000C
0001
0000
000A
0056
0012
0000
