0A
09
09
07
08
0A
08
09
08
0A
09
08
09
08
09
08
0A
09
08
0A
0A
0A
0A
0A
0A
0A
0A
0A
0A
07
08
0A
0A
08
0A
08
0A
08
08
0A
08
08
0A
07
01
01
01
05
01
01
01
01
01
01
01
01
01
01
01
01
01
01
01
01
01
01
01
01
01
01
01
01
01
01
01
01
01
01
01
01
01
01
01
01
01
01
01
01
01
01
01
01
01
01
01
01
01
01
01
01
01
01
01
01
01
01
01
01
01
01
01
01
01
01
01
01
01
01
01
01
01
01
01
01
01
07
01
01
01
01
01
01
01
01
0C
0C
0C
01
0C
0C
0C
0C
0C
0C
0C
0C
0C
0C
0C
0C
0C
0C
0C
07
0C
07
0C
07
01
01
0C
0C
01
0C
01
0C
01
01
0C
01
01
0C
01
01
01
01
01
01
01
01
01
01
01
01
01
01
01
01
0001
006E
006F
0002
0049
00000051
0002
0002
00000007
2A
2B
B60015
2A
B0
0000
0003
004A
0000000A
0002
0000
00BB
0005
00BC
004B
00000016
0002
0000
0007
004C
004D
0000
0000
0007
003A
003B
0001
0055
0000000C
0001
0000
0007
003A
003D
0001
003C
00000002
0070
