0A
09
09
09
09
09
09
09
09
09
09
09
09
07
0A
0A
0A
0A
0A
0A
0A
0A
0A
0A
0A
0A
0A
0A
07
0A
08
0A
0A
08
08
08
08
08
0A
0A
08
08
08
08
08
08
08
0A
07
07
01
01
01
01
01
01
01
01
01
01
01
01
01
01
01
01
01
01
01
01
01
01
01
01
01
01
01
01
01
01
01
01
01
01
01
01
01
01
01
01
01
01
01
01
01
01
01
01
01
01
01
01
01
01
01
01
01
01
01
01
01
01
01
01
01
01
01
01
01
01
01
01
01
01
01
01
01
01
01
01
01
01
01
01
01
01
01
01
01
01
01
01
01
01
01
01
01
01
01
01
01
0C
0C
0C
0C
0C
0C
0C
0C
0C
0C
0C
0C
0C
01
0C
0C
0C
0C
0C
0C
0C
0C
0C
0C
0C
0C
0C
0C
01
01
0C
0C
01
01
01
01
01
0C
0C
01
01
01
01
01
01
01
0C
01
01
01
01
01
01
0001
006A
0060
0002
0047
0000003A
0002
0002
00000006
2A
1B
B50008
B1
0000
0002
0048
00000006
0001
0000
0009
0049
00000016
0002
0000
0006
004A
004B
0000
0000
0006
003E
0034
0001
004C
00000006
0001
004D
0000
