01
07
01
07
01
07
01
01
07
01
01
0C
01
01
01
01
01
01
01
01
01
01
01
01
01
0C
0A
01
0C
0A
0C
09
01
01
01
01
01
01
01
03
03
01
07
01
01
0C
0A
01
07
01
08
03
03
01
07
01
0C
0B
01
07
01
01
0C
0A
01
01
0C
0B
01
01
0C
0A
01
01
01
01
0C
0A
01
01
0C
0A
0C
09
01
07
01
01
0C
0A
01
0C
0A
01
01
01
08
01
08
01
08
01
01
03
01
07
0C
0A
01
07
01
0C
0A
0C
09
01
07
0A
0C
0A
01
0C
0A
01
01
0C
09
01
01
01
01
01
01
100A
0066
0067
0001
0080
00000021
0004
0001
00000015
1268
BD006A
4B
2A
B8006C
BB006E
59
1202
2A
B70071
B0
0000
0000
