0A
09
07
0A
09
0A
0B
0A
0A
0A
0A
0A
0A
07
07
0A
07
08
08
0A
07
07
01
01
01
01
01
01
01
01
01
01
01
01
01
01
01
01
01
01
01
01
01
01
01
01
01
01
01
01
01
01
01
01
01
01
01
01
01
01
07
07
07
07
07
01
01
01
01
01
01
01
01
01
01
01
01
0C
0C
01
0C
0C
0C
0C
0C
0C
0C
0C
0C
0C
01
01
0C
01
01
01
0C
01
01
01
01
01
01
01
01
01
01
01
01
01
01
01
01
01
01
01
01
01
01
01
01
01
0001
001B
001C
0001
001D
0000007A
0006
0005
0000001C
2A
2C
2D
1904
B70001
2A
2B
B50002
2A
BB0003
59
2B
01
01
B70004
B50005
B1
0000
0002
001E
00000012
0004
0000
0030
0008
0031
000D
0032
001B
0033
001F
00000034
0005
0000
001C
0020
0021
0000
0000
001C
0019
001A
0001
0000
001C
0022
0023
0002
0000
001C
0024
0025
0003
0000
001C
0026
0027
0004
