07
08
0A
0A
0A
0A
0A
09
08
0B
08
0B
07
0A
0B
0A
0B
07
07
09
0A
08
07
0A
0A
0A
07
07
08
0A
07
07
01
01
07
01
01
01
01
01
01
01
01
01
01
01
01
01
01
01
01
01
01
01
01
01
01
01
01
01
01
01
01
01
01
01
01
07
01
01
01
01
01
01
01
01
01
01
01
01
01
01
01
01
01
01
01
01
01
01
01
01
01
01
01
01
01
01
01
01
0C
0C
0C
0C
0C
0C
01
07
0C
01
0C
01
0C
0C
0C
0C
01
01
0C
0C
01
01
0C
0C
0C
01
01
01
0C
01
01
01
01
01
01
01
01
01
01
01
01
01
01
01
01
01
01
01
01
01
01
0009
0058
005D
0002
002C
0000005B
0005
0001
00000017
B80019
4B
2A
1216
BB0017
59
01
B70018
B9000A0300
57
2A
B0
0000
0003
002D
0000000E
0003
0000
0092
0004
0094
0015
0095
002E
0000000C
0001
0004
0013
005A
0037
0000
003B
0000000C
0001
0004
0013
005A
005B
0000
003E
00000002
005E
