01
07
01
01
07
01
07
01
01
01
01
0C
09
01
0C
0A
01
01
01
01
01
01
08
01
07
01
01
0C
0A
01
07
01
01
0C
09
01
08
01
07
01
07
01
0C
09
01
01
0C
0A
01
07
01
07
01
01
0C
0A
01
07
0C
0A
01
01
0C
0A
01
01
01
07
0C
0A
01
07
01
0C
09
01
01
01
01
03
03
03
01
03
01
03
01
01
01
01
01
01
07
01
01
0C
01
07
01
01
07
01
07
01
01
01
01
01
01
01
01
01
01
1041
0013
0042
0001
0069
00000040
0002
0002
0000000C
2A
2B
C00044
B60046
B2004B
B0
0000
0002
006B
00000006
0001
0000
00F5
006A
00000016
0002
0000
000C
0011
0012
0000
0000
000C
004C
004D
0001
