0A
09
0A
0B
09
12
12
12
09
0A
12
12
07
07
0A
08
0A
0A
08
09
08
09
08
0A
0A
12
0A
07
0A
0A
07
0A
0A
0A
0A
07
0A
0A
0A
07
07
07
01
07
01
01
01
01
01
01
01
01
01
01
01
01
01
01
01
01
01
01
01
01
01
01
01
07
01
01
01
01
01
01
01
01
07
01
01
01
01
01
01
01
01
01
01
01
01
01
01
01
01
01
01
01
01
01
01
01
01
01
01
01
01
01
01
01
01
01
01
01
01
01
0C
0C
07
0C
0C
0C
01
0F
10
0F
10
0C
0F
10
0F
0C
0C
0C
10
0F
0C
0F
01
01
01
0C
0C
01
0C
01
0C
01
0C
0C
0F
07
0C
01
0C
01
0C
07
0C
0C
0C
01
0C
0C
0C
01
01
01
01
01
07
01
01
01
01
01
01
01
0A
0A
01
0A
01
0A
01
01
01
01
01
0A
01
01
0A
01
01
01
01
01
01
01
01
0A
01
01
01
01
01
01
01
01
01
01
01
01
01
01
01
01
01
07
0C
0C
0C
0C
0C
0C
0C
01
01
07
01
01
07
01
01
100A
005C
005D
0002
0037
0000008D
0005
0006
00000025
2C
2A
B8001B
4E
BB001C
59
B7001D
3A04
1904
2B
2A
B8001E
3A05
BB001F
59
2D
1905
1904
B70020
B0
0000
0002
0038
00000012
0004
0000
0060
0006
0061
000F
0063
0018
0065
0039
0000003E
0006
0000
0025
0047
0048
0000
0000
0025
0050
0051
0001
0000
0025
005E
005F
0002
0006
001F
0060
0061
0003
000F
0016
0055
0056
0004
0018
000D
0053
0062
0005
0043
00000004
0001
0044
