0A
09
0A
0A
0A
0A
0A
0A
0A
0A
0A
0A
0A
07
0A
0A
0A
0B
0B
0B
07
0A
0A
0A
0A
0A
0B
0A
0A
0A
0A
0A
0A
0B
0A
0A
0A
0A
0A
0A
07
0A
0A
0A
05
0A
0A
0A
0A
0A
0A
0A
0A
0A
07
0A
07
0A
0A
0A
07
0A
09
0A
0A
0A
07
0A
0A
0A
0A
07
07
01
01
01
01
01
01
01
01
01
01
01
01
01
01
01
01
01
01
07
01
01
01
01
01
01
01
01
01
01
01
01
01
01
01
01
01
01
01
01
01
01
01
01
01
01
01
01
01
01
01
01
07
07
01
01
01
01
01
01
01
01
01
01
01
01
01
01
01
01
01
01
01
01
01
01
01
01
01
01
01
01
01
01
01
01
01
01
01
01
01
01
01
01
01
01
01
01
01
01
01
01
01
01
01
01
01
01
01
07
07
07
07
01
01
01
07
01
01
01
01
01
01
01
01
01
01
01
01
01
01
01
01
01
01
01
01
01
01
01
01
01
01
01
01
01
01
01
01
01
01
01
01
01
01
01
01
07
01
01
01
01
01
01
0C
0C
0C
07
0C
07
0C
0C
0C
0C
0C
0C
0C
0C
0C
01
0C
0C
07
0C
07
0C
0C
01
0C
07
0C
0C
0C
07
0C
0C
0C
0C
0C
0C
0C
0C
07
0C
0C
07
0C
0C
0C
0C
07
0C
01
0C
0C
0C
0C
0C
07
0C
0C
0C
0C
0C
0C
0C
01
0C
01
01
0C
0C
0C
01
01
0C
0C
0C
0C
0C
01
01
01
0C
0C
0C
0C
01
01
01
01
01
01
01
01
01
01
01
01
01
01
01
01
01
01
01
01
01
01
01
01
01
01
01
01
01
01
01
01
01
01
01
01
01
01
01
01
01
01
01
01
01
01
01
01
01
01
01
01
01
01
01
01
01
01
01
01
01
01
01
01
01
01
01
01
01
01
01
01
01
01
01
01
01
01
01
01
01
01
01
01
01
01
01
01
01
01
01
01
01
01
01
01
01
01
01
01
01
01
01
0001
00CA
00CB
0001
0051
00000034
0001
0001
0000000A
B80036
B60028
C00038
B0
0000
0002
0052
00000006
0001
0000
107B
0053
0000000C
0001
0000
000A
0054
0057
0000
