07
0A
08
0A
0A
0A
0A
09
0A
0A
0A
0A
08
0B
09
0A
09
0A
09
0A
08
07
07
01
01
01
01
01
01
01
01
01
01
01
01
01
01
01
01
01
01
01
01
01
01
01
01
01
01
01
01
01
01
01
01
01
01
01
01
01
01
01
01
01
01
01
01
01
01
01
01
0C
01
0C
0C
07
0C
07
0C
0C
0C
0C
0C
0C
01
07
0C
0C
0C
0C
0C
0C
0C
01
01
01
01
01
01
01
01
01
01
01
01
01
01
01
01
01
01
01
01
01
01
01
01
0001
003A
003B
0003
002A
0000004F
0001
0002
00000005
2A
B6000C
B1
0000
0003
002B
0000000A
0002
0000
0046
0004
0047
002C
00000016
0002
0000
0005
002D
002E
0000
0000
0005
003C
003D
0001
0035
0000000C
0001
0000
0005
003C
003E
0001
001F
00000002
003F
0040
00000007
01
0001
0041
0000
