0B
0A
0A
09
09
07
08
0A
0A
0B
0B
0B
0A
09
09
09
0A
09
0B
0B
0A
07
07
07
01
01
01
05
01
01
01
01
01
01
01
01
01
01
01
01
01
01
01
01
01
01
01
01
01
01
01
01
01
01
01
01
01
01
01
01
01
01
01
01
01
01
01
01
07
01
01
01
01
01
01
01
01
0C
0C
0C
0C
0C
01
01
0C
0C
0C
0C
0C
07
0C
0C
0C
0C
07
0C
0C
07
0C
0C
01
01
01
01
01
01
01
01
01
01
01
01
01
01
01
01
01
01
01
0001
0047
0048
0001
0022
0000002F
0001
0001
00000005
2A
B40004
B0
0000
0002
0023
00000006
0001
0000
00AF
0024
0000000C
0001
0000
0005
0025
0026
0000
