0A
07
0C
01
01
01
09
07
0C
01
01
01
09
0C
01
01
0A
0C
01
07
01
0B
0C
01
01
0B
0C
01
0A
07
0C
01
01
01
07
01
0A
07
0C
01
01
01
0B
0C
0B
0A
07
0C
01
01
01
0A
0C
01
01
07
01
0A
08
01
0A
0C
01
01
0A
0A
0C
01
08
01
0A
0A
0C
01
08
01
0A
0C
01
01
0A
0C
01
0A
0C
01
07
01
01
01
01
05
01
01
01
01
01
01
01
01
01
01
01
01
01
01
01
01
01
01
01
01
01
01
01
01
01
01
0001
0036
0037
0001
0060
00000070
0002
0001
0000001E
2A
B40007
B8002E
1013
68
2A
B4000D
C70007
03
A7000A
2A
B4000D
B60034
60
AC
0000
0004
0061
00000006
0001
0000
0059
0062
0000000C
0001
0000
001E
0063
0064
0000
0065
0000000C
0001
0000
001E
0063
0066
0000
0072
00000010
0002
55
01
FF
0006
0001
07
0008
0002
01
01
