0B
0A
0A
09
09
07
08
0A
0A
0B
0B
0B
0A
09
09
09
0A
09
0B
0B
0A
07
07
07
01
01
01
05
01
01
01
01
01
01
01
01
01
01
01
01
01
01
01
01
01
01
01
01
01
01
01
01
01
01
01
01
01
01
01
01
01
01
01
01
01
01
01
01
07
01
01
01
01
01
01
01
01
0C
0C
0C
0C
0C
01
01
0C
0C
0C
0C
0C
07
0C
0C
0C
0C
07
0C
0C
07
0C
0C
01
01
01
01
01
01
01
01
01
01
01
01
01
01
01
01
01
01
01
0001
003B
003C
0001
0022
00000046
0003
0002
00000012
2A
B40004
2A
1B
B60009
B9000C0200
B8000D
B0
0000
0002
0023
00000006
0001
0000
0088
0024
00000016
0002
0000
0012
0025
0026
0000
0000
0012
0032
002D
0001
