07
0A
09
09
07
0B
0B
0A
0B
0B
07
0A
07
0A
0A
0B
0A
0B
07
12
0A
0A
0A
07
12
0A
0B
0B
0B
0A
0A
0A
0B
0A
0A
0A
0A
0A
0A
0A
0A
0A
0A
0A
07
0A
09
07
07
01
01
01
01
01
01
01
01
01
01
01
01
01
01
01
01
01
01
01
01
01
01
01
01
01
01
01
01
01
01
01
01
01
01
01
01
01
01
01
01
01
01
01
01
01
01
01
01
01
01
01
01
01
01
01
01
01
01
01
01
01
01
01
01
01
01
01
01
01
01
01
01
01
01
01
07
07
07
07
07
01
01
01
01
01
01
01
01
01
01
01
01
01
01
01
0C
0C
0C
01
0C
0C
0C
0C
0C
01
07
0C
01
0C
0C
07
0C
0C
0C
01
01
0F
08
0C
0C
0C
0C
01
08
0C
07
0C
0C
0C
0C
0C
0C
0C
0C
0C
0C
0C
0C
0C
0C
0C
0C
0C
01
0C
0C
01
01
01
01
01
01
01
01
01
01
01
01
01
01
01
01
01
01
01
01
01
01
01
01
01
01
0A
01
01
01
01
01
01
01
01
01
01
01
01
01
01
01
01
01
01
01
01
01
07
0C
01
07
01
01
07
01
01
0011
0056
0057
0005
003F
000000B7
0005
0006
00000031
1C
9A0010
2D
1604
2B
B6000F
B900100500
B1
1C
04
A00010
2D
1604
2B
B60011
B900120400
B1
BB0013
59
1C
BA00140000
B70015
BF
0000
0004
0040
0000001E
0007
0000
0057
0004
0058
0010
0059
0011
005B
0016
005C
0022
005D
0023
005F
0041
00000034
0005
0000
0031
0042
0043
0000
0000
0031
0058
0059
0001
0000
0031
005A
005B
0002
0000
0031
005C
005D
0003
0000
0031
005E
004D
0004
0044
0000000C
0001
0000
0031
005C
005F
0003
0060
00000004
0002
11
11
0045
00000011
04
0058
0010
005A
0010
005C
0010
005E
0010
0036
00000002
0061
0047
00000010
0002
16
00
00
0048
0000
16
02
00
0048
0000
0049
00000011
04
0001
0048
0000
0000
0001
0048
0000
0000
