09
0A
09
08
0A
07
0A
0A
09
07
0A
0A
0A
08
07
0A
0A
0A
08
07
0A
0A
0A
08
07
0A
0A
0A
08
07
0A
0A
0A
08
07
0A
0A
0A
08
07
0A
0A
0A
08
07
0A
0A
0A
08
07
0A
0A
0A
08
07
0A
0A
0A
08
07
0A
0A
0A
09
08
07
0A
0A
0A
08
07
0A
0A
0A
08
07
0A
0A
0A
08
07
0A
0A
0A
08
07
0A
0A
0A
08
07
0A
0A
0A
0A
0A
09
07
0A
0A
0A
07
0A
0A
0A
09
08
07
0A
0A
0A
08
07
0A
0A
0A
08
07
0A
0A
0A
08
07
0A
0A
0A
09
08
07
0A
0A
0A
08
07
0A
0A
0A
08
07
0A
0A
0A
08
07
0A
0A
0A
0A
0A
09
08
07
0A
0A
0A
08
07
0A
0A
0A
09
07
0A
0A
0A
07
0A
0A
07
0A
0A
07
0A
07
0A
0A
07
07
07
0A
0A
0A
0A
07
07
07
0A
0B
08
0A
07
01
01
01
01
01
01
01
01
01
01
01
01
01
01
01
01
01
01
01
01
01
01
01
01
01
01
01
01
01
01
01
01
01
01
01
01
01
01
01
01
01
01
01
01
01
01
01
01
01
01
01
01
01
01
01
01
01
01
01
01
01
01
01
01
01
01
01
01
01
01
01
01
01
01
01
01
01
01
01
01
01
01
01
01
01
01
01
01
01
01
01
01
01
01
01
01
01
01
01
01
01
01
01
01
01
01
01
01
01
01
01
01
01
01
01
01
01
01
01
01
01
01
01
01
01
01
01
01
01
01
01
01
01
01
01
01
01
01
01
01
01
01
01
01
01
01
01
01
01
01
01
01
01
01
01
01
01
01
01
01
01
01
01
01
01
01
01
01
01
01
01
01
01
01
01
01
01
01
01
01
01
01
01
01
01
01
01
01
01
01
01
01
0C
0C
07
0C
01
0C
01
0C
07
0C
0C
01
0C
0C
0C
01
01
01
01
01
01
01
01
01
01
01
01
01
01
01
01
01
01
01
01
0C
01
01
01
01
01
01
01
01
01
01
01
01
0C
07
0C
0C
0C
01
01
0C
01
01
01
01
01
01
01
01
0C
01
01
01
01
01
01
01
01
0C
07
0C
0C
0C
01
01
01
01
0C
01
01
0C
0C
01
0C
0C
01
0C
01
01
01
01
0C
0C
0C
0C
01
01
01
0C
07
0C
01
07
0C
01
01
01
01
01
01
01
01
01
01
01
01
01
01
01
01
01
01
01
01
01
01
01
01
01
01
01
01
01
01
01
01
01
01
01
01
01
01
01
01
01
01
01
01
01
01
01
01
01
0001
00D7
00D2
0001
00C4
00000064
0003
0003
0000001A
BB000F
59
2A
B40009
C0000A
B70011
4D
2A
2C
B6000C
2C
2B
B60012
B1
0000
0002
00C5
00000012
0004
0000
008C
000F
008D
0014
008E
0019
008F
00C6
00000020
0003
0000
001A
00C7
00C8
0000
0000
001A
00D8
00D4
0001
000F
000B
00CF
00D6
0002
