09
0A
09
08
0A
07
0A
0A
09
07
0A
0A
0A
08
07
0A
0A
0A
08
07
0A
0A
0A
08
07
0A
0A
0A
08
07
0A
0A
0A
08
07
0A
0A
0A
08
07
0A
0A
0A
08
07
0A
0A
0A
08
07
0A
0A
0A
08
07
0A
0A
0A
08
07
0A
0A
0A
09
08
07
0A
0A
0A
08
07
0A
0A
0A
08
07
0A
0A
0A
08
07
0A
0A
0A
08
07
0A
0A
0A
08
07
0A
0A
0A
0A
0A
09
07
0A
0A
0A
07
0A
0A
0A
09
08
07
0A
0A
0A
08
07
0A
0A
0A
08
07
0A
0A
0A
08
07
0A
0A
0A
09
08
07
0A
0A
0A
08
07
0A
0A
0A
08
07
0A
0A
0A
08
07
0A
0A
0A
0A
0A
09
08
07
0A
0A
0A
08
07
0A
0A
0A
09
07
0A
0A
0A
07
0A
0A
07
0A
0A
07
0A
07
0A
0A
07
07
07
0A
0A
0A
0A
07
07
07
0A
0B
08
0A
07
01
01
01
01
01
01
01
01
01
01
01
01
01
01
01
01
01
01
01
01
01
01
01
01
01
01
01
01
01
01
01
01
01
01
01
01
01
01
01
01
01
01
01
01
01
01
01
01
01
01
01
01
01
01
01
01
01
01
01
01
01
01
01
01
01
01
01
01
01
01
01
01
01
01
01
01
01
01
01
01
01
01
01
01
01
01
01
01
01
01
01
01
01
01
01
01
01
01
01
01
01
01
01
01
01
01
01
01
01
01
01
01
01
01
01
01
01
01
01
01
01
01
01
01
01
01
01
01
01
01
01
01
01
01
01
01
01
01
01
01
01
01
01
01
01
01
01
01
01
01
01
01
01
01
01
01
01
01
01
01
01
01
01
01
01
01
01
01
01
01
01
01
01
01
01
01
01
01
01
01
01
01
01
01
01
01
01
01
01
01
01
01
0C
0C
07
0C
01
0C
01
0C
07
0C
0C
01
0C
0C
0C
01
01
01
01
01
01
01
01
01
01
01
01
01
01
01
01
01
01
01
01
0C
01
01
01
01
01
01
01
01
01
01
01
01
0C
07
0C
0C
0C
01
01
0C
01
01
01
01
01
01
01
01
0C
01
01
01
01
01
01
01
01
0C
07
0C
0C
0C
01
01
01
01
0C
01
01
0C
0C
01
0C
0C
01
0C
01
01
01
01
0C
0C
0C
0C
01
01
01
0C
07
0C
01
07
0C
01
01
01
01
01
01
01
01
01
01
01
01
01
01
01
01
01
01
01
01
01
01
01
01
01
01
01
01
01
01
01
01
01
01
01
01
01
01
01
01
01
01
01
01
01
01
01
01
01
0001
013C
013D
0001
00C4
0000005B
0003
0002
0000001B
2A
B2007F
128F
B60005
C00090
4C
2B
C6000B
2B
B60091
B80092
B0
01
B0
0000
0002
00C5
00000012
0004
0000
02D7
000D
02D8
0011
02D9
0019
02DB
00C6
00000016
0002
0000
001B
00C7
00C8
0000
000D
000E
00CF
013E
0001
