09
0A
09
08
0A
07
0A
0A
09
07
0A
0A
0A
08
07
0A
0A
0A
08
07
0A
0A
0A
08
07
0A
0A
0A
08
07
0A
0A
0A
08
07
0A
0A
0A
08
07
0A
0A
0A
08
07
0A
0A
0A
08
07
0A
0A
0A
08
07
0A
0A
0A
08
07
0A
0A
0A
09
08
07
0A
0A
0A
08
07
0A
0A
0A
08
07
0A
0A
0A
08
07
0A
0A
0A
08
07
0A
0A
0A
08
07
0A
0A
0A
0A
0A
09
07
0A
0A
0A
07
0A
0A
0A
09
08
07
0A
0A
0A
08
07
0A
0A
0A
08
07
0A
0A
0A
08
07
0A
0A
0A
09
08
07
0A
0A
0A
08
07
0A
0A
0A
08
07
0A
0A
0A
08
07
0A
0A
0A
0A
0A
09
08
07
0A
0A
0A
08
07
0A
0A
0A
09
07
0A
0A
0A
07
0A
0A
07
0A
0A
07
0A
07
0A
0A
07
07
07
0A
0A
0A
0A
07
07
07
0A
0B
08
0A
07
01
01
01
01
01
01
01
01
01
01
01
01
01
01
01
01
01
01
01
01
01
01
01
01
01
01
01
01
01
01
01
01
01
01
01
01
01
01
01
01
01
01
01
01
01
01
01
01
01
01
01
01
01
01
01
01
01
01
01
01
01
01
01
01
01
01
01
01
01
01
01
01
01
01
01
01
01
01
01
01
01
01
01
01
01
01
01
01
01
01
01
01
01
01
01
01
01
01
01
01
01
01
01
01
01
01
01
01
01
01
01
01
01
01
01
01
01
01
01
01
01
01
01
01
01
01
01
01
01
01
01
01
01
01
01
01
01
01
01
01
01
01
01
01
01
01
01
01
01
01
01
01
01
01
01
01
01
01
01
01
01
01
01
01
01
01
01
01
01
01
01
01
01
01
01
01
01
01
01
01
01
01
01
01
01
01
01
01
01
01
01
01
0C
0C
07
0C
01
0C
01
0C
07
0C
0C
01
0C
0C
0C
01
01
01
01
01
01
01
01
01
01
01
01
01
01
01
01
01
01
01
01
0C
01
01
01
01
01
01
01
01
01
01
01
01
0C
07
0C
0C
0C
01
01
0C
01
01
01
01
01
01
01
01
0C
01
01
01
01
01
01
01
01
0C
07
0C
0C
0C
01
01
01
01
0C
01
01
0C
0C
01
0C
0C
01
0C
01
01
01
01
0C
0C
0C
0C
01
01
01
0C
07
0C
01
07
0C
01
01
01
01
01
01
01
01
01
01
01
01
01
01
01
01
01
01
01
01
01
01
01
01
01
01
01
01
01
01
01
01
01
01
01
01
01
01
01
01
01
01
01
01
01
01
01
01
01
0001
0114
0115
0001
00C4
00000067
0003
0003
0000001D
BB005B
59
2A
B40009
C0000A
B7005E
4D
2A
2C
B6000C
2C
2B
B6005F
B60060
B1
0000
0002
00C5
00000012
0004
0000
01F4
000F
01F5
0014
01F6
001C
01F7
00C6
00000020
0003
0000
001D
00C7
00C8
0000
0000
001D
0116
0117
0001
000F
000E
00CF
0113
0002
