09
0A
09
08
0A
07
0A
0A
09
07
0A
0A
0A
08
07
0A
0A
0A
08
07
0A
0A
0A
08
07
0A
0A
0A
08
07
0A
0A
0A
08
07
0A
0A
0A
08
07
0A
0A
0A
08
07
0A
0A
0A
08
07
0A
0A
0A
08
07
0A
0A
0A
08
07
0A
0A
0A
09
08
07
0A
0A
0A
08
07
0A
0A
0A
08
07
0A
0A
0A
08
07
0A
0A
0A
08
07
0A
0A
0A
08
07
0A
0A
0A
0A
0A
09
07
0A
0A
0A
07
0A
0A
0A
09
08
07
0A
0A
0A
08
07
0A
0A
0A
08
07
0A
0A
0A
08
07
0A
0A
0A
09
08
07
0A
0A
0A
08
07
0A
0A
0A
08
07
0A
0A
0A
08
07
0A
0A
0A
0A
0A
09
08
07
0A
0A
0A
08
07
0A
0A
0A
09
07
0A
0A
0A
07
0A
0A
07
0A
0A
07
0A
07
0A
0A
07
07
07
0A
0A
0A
0A
07
07
07
0A
0B
08
0A
07
01
01
01
01
01
01
01
01
01
01
01
01
01
01
01
01
01
01
01
01
01
01
01
01
01
01
01
01
01
01
01
01
01
01
01
01
01
01
01
01
01
01
01
01
01
01
01
01
01
01
01
01
01
01
01
01
01
01
01
01
01
01
01
01
01
01
01
01
01
01
01
01
01
01
01
01
01
01
01
01
01
01
01
01
01
01
01
01
01
01
01
01
01
01
01
01
01
01
01
01
01
01
01
01
01
01
01
01
01
01
01
01
01
01
01
01
01
01
01
01
01
01
01
01
01
01
01
01
01
01
01
01
01
01
01
01
01
01
01
01
01
01
01
01
01
01
01
01
01
01
01
01
01
01
01
01
01
01
01
01
01
01
01
01
01
01
01
01
01
01
01
01
01
01
01
01
01
01
01
01
01
01
01
01
01
01
01
01
01
01
01
01
0C
0C
07
0C
01
0C
01
0C
07
0C
0C
01
0C
0C
0C
01
01
01
01
01
01
01
01
01
01
01
01
01
01
01
01
01
01
01
01
0C
01
01
01
01
01
01
01
01
01
01
01
01
0C
07
0C
0C
0C
01
01
0C
01
01
01
01
01
01
01
01
0C
01
01
01
01
01
01
01
01
0C
07
0C
0C
0C
01
01
01
01
0C
01
01
0C
0C
01
0C
0C
01
0C
01
01
01
01
0C
0C
0C
0C
01
01
01
0C
07
0C
01
07
0C
01
01
01
01
01
01
01
01
01
01
01
01
01
01
01
01
01
01
01
01
01
01
01
01
01
01
01
01
01
01
01
01
01
01
01
01
01
01
01
01
01
01
01
01
01
01
01
01
01
0001
0149
00D2
0001
00C4
00000064
0003
0003
0000001A
BB009D
59
2A
B40009
C0000A
B7009F
4D
2A
2C
B6000C
2C
2B
B600A0
B1
0000
0002
00C5
00000012
0004
0000
0314
000F
0315
0014
0316
0019
0317
00C6
00000020
0003
0000
001A
00C7
00C8
0000
0000
001A
014A
00D4
0001
000F
000B
00CF
0148
0002
