0A
09
09
09
09
0A
0A
0A
0A
12
07
0A
0A
0A
07
01
01
01
01
01
01
01
01
01
01
01
01
01
01
01
01
01
01
01
01
01
01
01
01
01
01
01
01
01
01
01
01
01
01
01
01
01
01
01
01
01
01
01
01
01
01
01
01
01
01
07
01
01
01
01
01
01
01
01
01
01
01
01
01
01
01
01
01
0C
0C
0C
0C
0C
0C
0C
0C
0C
01
0F
08
0C
01
0C
0C
0C
01
01
0A
01
01
01
07
0C
01
07
01
01
01
07
01
01
0001
0030
002F
0001
0020
0000003A
0002
0002
00000006
2A
2B
B50004
B1
0000
0002
0021
00000006
0001
0000
001B
0022
00000016
0002
0000
0006
0023
0024
0000
0000
0006
0019
0017
0001
