01
07
01
01
07
01
07
01
01
01
01
01
08
01
07
01
01
0C
0A
01
08
01
0C
0A
01
0C
09
01
0C
09
01
01
0C
09
01
07
01
0C
0A
01
07
01
01
0C
09
01
01
01
0C
0A
01
01
01
01
01
01
01
01
01
01
01
01
01
0C
09
01
01
01
07
01
0C
0B
01
01
01
07
01
01
0C
09
01
07
01
07
01
01
0C
0A
01
0C
0B
01
01
01
01
01
07
01
01
0C
09
01
08
01
08
01
0C
0B
01
07
01
01
0C
0A
01
07
01
0C
0B
01
07
01
01
0C
0A
01
07
01
01
0C
0A
01
08
01
0C
0A
01
01
0C
0A
01
01
01
07
01
0C
0A
01
01
01
01
07
01
0C
0A
01
0C
09
01
01
01
01
01
03
03
01
01
03
01
01
01
01
01
01
01
01
01
01
01
01
01
01
01
01
01
01
01
01
01
01
01
01
01
01
01
01
0001
008D
008E
0002
00BD
0000003A
0002
0002
00000006
2A
2B
B80093
AC
0000
0002
00BE
00000006
0001
0000
0011
00BF
00000016
0002
0000
0006
002E
002F
0000
0000
0006
0094
0095
0001
00C0
00000007
01
0001
000B
0000
