0A
09
09
0A
09
0A
09
0A
07
0A
07
0A
0A
0A
0A
0A
0A
07
0A
07
0A
0A
0A
07
0A
0A
09
0A
0A
0A
09
0A
0A
0A
0B
0B
0B
0B
0B
0B
0A
0A
0A
0A
0A
0A
0A
09
0A
0A
0A
0A
0A
0A
0A
07
0A
07
07
01
01
01
01
01
01
05
01
01
01
01
01
01
01
01
01
07
01
01
01
01
01
01
01
01
01
01
01
01
07
01
01
01
01
01
01
01
01
01
01
01
01
01
01
01
01
01
01
01
07
01
01
07
07
07
07
07
07
07
01
01
07
01
01
01
07
01
01
01
01
01
01
01
01
01
01
01
01
01
01
01
01
01
01
01
01
01
01
01
01
01
01
01
01
01
01
01
01
01
01
01
01
01
01
01
01
01
07
07
01
01
01
01
01
01
01
01
01
01
01
01
07
01
01
07
01
01
01
01
07
01
01
01
01
01
01
01
01
01
01
01
01
0C
0C
0C
0C
0C
0C
0C
07
01
01
07
0C
07
0C
0C
0C
0C
01
0C
01
0C
0C
0C
01
0C
0C
0C
0C
0C
0C
0C
07
0C
07
0C
0C
0C
0C
0C
0C
0C
0C
0C
0C
0C
0C
0C
0C
0C
0C
0C
0C
0C
0C
0C
01
01
01
01
01
01
01
01
01
01
07
01
01
01
07
01
07
01
01
01
01
01
01
01
01
01
01
01
01
01
01
01
01
01
01
01
01
01
01
01
01
01
01
01
01
01
01
01
01
01
01
01
01
01
01
01
01
01
0009
0091
009C
0002
004F
0000003D
0002
0001
0000000B
B20002
2A
B80029
C00009
B0
0000
0002
0050
0000000E
0003
0000
2534
0004
2535
000A
2534
0051
0000000C
0001
0000
000B
0069
009D
0000
0078
00000004
0001
0014
