01
07
01
07
01
07
01
01
07
01
01
07
01
07
01
07
01
01
07
01
07
01
07
01
07
01
01
07
01
01
07
01
01
07
01
07
01
07
01
07
01
01
05
01
01
03
01
01
03
01
01
03
01
01
01
01
01
01
01
01
01
01
01
01
01
0C
0A
0C
09
01
01
01
01
0C
0A
0C
09
0C
09
01
07
01
0C
09
0C
09
01
01
01
0A
01
01
01
01
01
0C
09
01
01
07
01
01
01
07
01
07
0A
01
07
01
07
01
01
0C
0A
01
01
0C
0A
01
0C
0A
01
01
0C
0A
01
01
0C
0A
01
0C
0A
01
0C
0A
01
01
0C
0A
01
0C
0A
01
07
01
01
01
01
01
01
01
01
01
01
01
01
01
07
01
01
0C
09
01
01
01
01
0C
09
01
01
0C
0A
01
01
01
01
07
01
01
0C
0A
01
01
0C
09
01
01
01
01
01
07
01
0C
0A
01
0C
09
01
01
01
01
01
01
01
0C
09
01
0C
0A
01
07
01
01
0C
0A
01
0C
09
0A
01
0C
0A
01
01
0C
0A
0C
0A
01
01
01
0C
09
01
01
0C
0A
01
01
0C
0A
0C
0A
01
01
01
01
0C
0A
0C
0A
0A
0A
01
01
01
01
0C
09
0C
0A
01
07
0C
0A
0A
0A
01
01
01
01
0C
09
01
07
01
0C
0B
01
01
01
0C
0B
01
01
0C
0B
01
01
0C
0B
01
01
0C
0B
01
01
01
0C
0B
01
01
01
0C
0A
01
01
01
0C
0A
01
01
0C
0A
0C
0A
01
01
0C
0A
01
01
0C
0A
01
01
0C
0A
0C
09
01
0C
0A
01
01
01
0C
0A
01
0C
0A
01
01
01
0C
0A
01
01
01
01
01
01
01
01
01
01
0C
0A
01
0C
0A
01
01
0C
0A
01
01
01
0C
09
01
0A
01
01
01
01
01
01
01
01
01
01
01
01
01
01
01
0C
0A
01
01
0A
01
01
01
01
01
01
01
01
01
01
01
0009
010F
0122
0003
018D
00000042
0003
0002
0000000E
B20113
2A
2B
B901250300
C00002
B0
0000
0002
018E
00000006
0001
0000
0119
018F
00000016
0002
0000
000E
0111
0037
0000
0000
000E
0067
009B
0001
0193
00000004
0001
0065
0191
00000009
02
0111
0000
0067
0000
