01
07
01
07
01
01
0C
0A
01
01
01
01
01
01
01
08
01
07
01
01
0C
0A
01
07
0A
01
07
01
07
01
0C
0B
01
01
0C
0A
01
0C
0A
01
07
01
01
01
01
01
01
07
01
01
0C
09
0C
0A
01
01
01
08
01
07
01
0C
09
0C
0A
01
01
01
01
08
01
07
01
01
0C
0A
01
08
01
0C
0A
01
07
01
01
0A
01
0C
09
01
01
03
03
03
01
01
03
01
01
01
01
01
01
01
01
01
01
01
07
01
01
01
01
01
01
01
01
01
01
01
01
01
01
01
0011
0037
0038
0003
0073
0000007C
0003
0003
0000002E
2B
123A
B80016
B2003F
2B
B60041
4D
2C
C10029
99000A
2C
C00029
A70004
01
59
C7000F
57
BB001B
59
2B
B70027
C00029
B0
0000
0003
0079
00000010
0003
FC
001C
07
0004
40
07
0029
4F
07
0029
0074
0000000A
0002
0006
005B
0022
005C
0075
00000016
0002
0000
002E
0009
000A
0000
0000
002E
0039
0042
0001
0077
00000006
0001
000E
0000
0078
00000007
01
0001
000E
0000
