01
07
01
01
07
01
07
01
01
07
01
01
07
01
07
01
01
07
01
07
01
01
07
01
01
07
01
07
01
07
01
07
01
01
01
01
01
0C
09
01
0C
0A
01
01
01
01
01
01
01
07
01
01
0C
0B
01
01
0C
0A
01
0C
0A
01
01
01
01
01
01
01
01
01
01
01
01
07
01
01
0C
09
01
0C
0A
01
01
01
0C
0A
01
01
01
01
01
01
01
01
0C
0A
01
01
07
10
01
01
0C
0A
0F
01
10
01
07
01
01
0C
0A
0F
01
01
0C
12
01
01
0C
0B
01
07
01
01
0C
0A
01
01
01
01
01
01
07
01
07
0C
0B
01
07
0A
01
07
01
0C
0B
01
07
01
0C
0B
01
01
0C
0B
01
0C
0B
01
01
0C
0B
01
01
01
01
01
01
01
01
01
0C
0A
0F
12
01
0C
0B
01
01
01
01
0C
0A
01
01
07
0A
01
0C
0B
01
07
0B
0B
01
0C
0B
0C
0A
01
0C
0B
0B
01
08
01
0C
0A
01
01
0C
0A
01
10
01
07
01
01
0C
0A
0F
01
10
01
01
0C
12
01
01
0C
0B
01
01
0C
09
01
07
01
0C
0B
01
01
01
01
01
01
01
01
01
0B
0C
0A
01
01
0C
0B
01
01
01
01
01
01
01
01
01
01
01
01
01
01
01
01
0001
00B4
00B5
0002
010A
00000059
0002
0002
00000009
2A
B40027
2B
B600B9
AC
0000
0003
010B
00000006
0001
0000
02B7
010C
00000016
0002
0000
0009
002B
002D
0000
0000
0009
0057
0059
0001
010D
00000016
0002
0000
0009
002B
002C
0000
0000
0009
0057
0058
0001
010F
00000002
00B6
