01
07
01
01
07
01
07
01
07
01
01
0C
01
01
01
01
01
0C
09
01
01
01
01
01
0C
0A
01
01
01
01
07
01
0C
0A
01
01
01
01
01
07
0C
0A
01
08
01
07
01
01
0C
0A
01
0C
0A
01
01
01
01
01
0C
0A
01
01
08
01
0C
0A
01
01
01
01
0C
0A
01
08
01
0C
0A
01
01
0C
0A
01
08
0C
0A
01
01
0C
0A
0C
0A
01
01
01
0C
0A
01
08
01
0C
0A
01
01
01
0C
0A
01
08
01
0C
0A
01
01
01
0C
0A
01
08
01
0C
0A
01
01
01
08
01
0C
0A
01
01
01
01
01
08
01
0C
0A
01
01
01
01
0C
0A
01
01
01
0C
0A
01
01
03
03
01
03
03
01
01
01
01
01
01
01
01
01
01
01
01
01
01
01
01
01
01
01
01
01
01
01
01
01
01
01
01
01
0001
000A
0039
0004
00A2
00000040
0002
0002
0000000C
2B
122C
B80032
2A
2B
B8003C
B0
0000
0002
00A3
00000016
0002
0000
000C
0014
0036
0000
0000
000C
0037
0038
0001
00A4
00000006
0001
0006
0047
00A5
00000002
00AB
00A7
00000006
0001
000F
0000
00AA
00000007
01
0001
000F
0000
