01
07
01
01
07
01
07
01
07
01
07
01
01
0C
01
01
01
01
01
0C
09
01
07
01
01
01
01
01
07
01
07
01
01
0C
0A
01
07
01
0C
0B
01
01
0C
0A
01
07
01
01
01
01
01
0C
0A
01
08
01
07
01
01
0C
0A
01
08
01
01
0C
0A
01
01
01
01
01
0C
0A
01
01
01
08
01
07
01
0C
0A
01
01
01
01
01
08
01
0C
0A
01
01
01
0C
0A
01
0C
0A
01
07
01
0C
0A
01
01
0C
0A
01
01
01
01
0C
0A
01
01
01
08
01
08
01
08
01
0C
0A
01
01
08
01
0C
0A
01
01
08
01
0C
0A
01
08
01
0C
0A
01
01
0C
0A
01
01
08
01
0C
0A
01
01
08
01
0C
0A
01
01
08
01
0C
0A
01
01
08
01
0C
0A
0C
0A
01
0C
0A
01
01
01
0C
0A
01
01
0C
0A
01
01
0C
0A
01
01
0C
0A
01
01
0C
0A
01
01
0C
0A
01
01
0C
0A
01
01
0C
0A
01
01
0C
0A
01
01
01
0C
0A
01
01
0C
0A
01
01
0C
0A
01
08
01
0C
0A
01
01
01
0C
0A
01
0C
0A
01
01
0C
0A
01
01
01
0C
0A
01
01
01
01
0C
0A
01
0C
0A
01
0C
0A
01
01
01
0C
0A
01
01
08
0C
0A
01
01
01
0C
0A
01
01
01
08
0C
0A
01
0C
0A
01
01
08
01
0C
0A
01
01
08
01
0C
0A
01
01
08
01
0C
0A
01
01
08
01
0C
0A
01
01
08
01
0C
0A
01
01
08
01
0C
0A
01
01
08
01
0C
0A
01
01
08
01
0C
0A
01
0C
0A
01
0C
0A
01
0C
0A
01
01
01
0C
0A
01
01
03
03
01
03
03
01
01
01
01
01
01
01
01
01
01
01
01
01
01
01
01
01
01
01
01
01
01
01
01
01
01
01
01
01
01
01
01
01
01
01
01
01
01
01
01
01
01
01
01
01
01
01
01
01
01
01
01
01
01
01
01
01
01
01
01
01
01
01
01
01
01
01
01
01
01
01
01
01
01
01
01
0001
0075
009A
0004
016F
000000D4
000A
000A
00000050
2B
1277
B8003D
2C
1279
B8003D
2D
1281
B8003D
1904
1287
B8003D
1905
128C
B8003D
1906
123F
B8003D
1907
1296
B8003D
1908
129C
B8003D
1909
127B
B8003D
2A
2B
2C
2D
1904
1905
1906
1907
1908
1909
B8009F
B0
0000
0002
0170
00000066
000A
0000
0050
0018
006E
0000
0000
0050
006B
0045
0001
0000
0050
0078
0045
0002
0000
0050
0080
0045
0003
0000
0050
0086
0045
0004
0000
0050
002F
0045
0005
0000
0050
003E
0045
0006
0000
0050
0095
0045
0007
0000
0050
009B
0045
0008
0000
0050
007A
0046
0009
0171
00000006
0001
003C
00DE
0172
00000002
0184
0174
00000006
0001
0011
0000
0177
00000037
09
0001
0011
0000
0001
0011
0000
0001
0011
0000
0001
0011
0000
0001
0011
0000
0001
0011
0000
0001
0011
0000
0001
0011
0000
0001
0011
0000
