0A
07
0C
01
01
01
07
01
09
0C
01
01
07
01
0A
0C
01
09
07
0C
01
01
01
07
01
09
0C
01
01
0B
0C
01
01
07
01
0A
0C
01
0B
07
0C
01
01
01
07
01
0B
0C
01
01
0A
0C
01
01
09
07
01
07
01
0A
0A
0C
01
01
09
07
01
07
01
0A
0A
0C
01
01
09
07
01
07
01
0A
0A
0C
01
01
0A
0C
01
09
07
01
07
01
0A
0A
0C
01
01
0A
0C
01
09
07
01
07
01
0A
0A
0C
01
01
09
07
01
07
01
0A
0A
0C
01
01
09
07
0C
01
01
07
01
08
01
0A
0C
01
01
0A
0C
01
07
01
0A
0A
0C
01
01
0A
0C
01
0A
0C
01
01
01
01
01
01
01
01
01
01
01
01
01
01
01
01
01
01
01
01
01
01
01
01
01
01
01
01
01
01
01
01
01
01
01
01
01
01
01
01
01
01
01
01
01
01
01
01
01
01
01
01
01
01
01
01
01
01
01
01
01
01
01
01
01
01
01
01
01
01
01
01
01
01
01
01
01
0011
0035
00A8
0002
0098
00000063
0004
0002
0000001D
2A
2B
BB0022
59
B70024
B900270200
C0002D
B9002F0100
C00013
B60033
B0
0000
0003
0099
00000006
0001
0000
005B
009A
00000016
0002
0000
001D
009B
009C
0000
0000
001D
00A9
00AA
0001
00A4
0000000C
0001
0000
001D
00A9
00AB
0001
00A6
00000002
00AC
