09
0A
09
09
07
08
0A
07
0A
0A
08
0A
07
0A
0A
0A
08
0A
08
08
0A
08
08
08
08
08
08
08
08
08
08
08
08
08
08
0A
08
08
08
08
08
08
08
08
08
08
08
08
08
0A
07
0A
0A
0A
0A
0A
0A
0A
0B
0B
07
0B
0A
0A
0B
0A
07
0A
0A
0A
07
01
01
01
01
01
01
01
01
01
01
01
01
01
01
01
01
01
01
01
01
01
01
01
01
01
01
01
01
01
01
07
01
01
01
01
01
01
01
0C
0C
0C
0C
01
01
0C
01
0C
01
0C
01
0C
07
0C
01
07
0C
01
01
07
0C
01
01
01
01
01
01
01
01
01
01
01
01
01
01
0C
01
01
01
01
01
01
01
01
01
01
01
01
01
0C
01
0C
07
0C
0C
0C
0C
07
0C
0C
07
0C
07
0C
01
07
0C
07
0C
0C
07
0C
07
0C
01
0C
0C
0C
01
01
01
01
01
01
01
01
01
01
01
01
01
01
01
01
01
01
01
01
01
01
01
01
01
01
01
01
01
01
01
01
01
01
01
01
01
01
01
01
01
01
01
01
01
01
01
01
01
01
0001
004F
0050
0001
0051
00000062
0002
0003
00000014
2A
B70002
2A
01
B50001
2A
2B
B50003
2A
1C
B50004
B1
0000
0002
0052
00000016
0005
0000
001A
0004
000E
0009
001B
000E
001C
0013
001D
0053
00000020
0003
0000
0014
0054
0055
0000
0000
0014
004B
004C
0001
0000
0014
004D
004E
0002
