09
0A
07
0A
09
0A
0A
0A
0A
0A
0A
0A
0A
0A
0A
0A
0A
0A
0A
0A
0A
07
0A
0A
09
0A
0A
0A
0A
09
07
0A
08
0A
08
0A
0A
09
08
08
08
08
08
08
0A
07
0A
0A
08
0A
08
08
0A
08
0A
0A
08
0A
08
0A
08
0A
08
08
0A
0A
08
08
0A
08
08
0A
0A
0A
07
0A
08
0A
07
07
01
01
01
01
01
01
01
01
01
01
01
01
01
01
07
01
01
01
01
01
07
07
01
01
01
07
01
01
01
07
01
01
01
07
01
01
01
07
01
01
01
07
01
01
01
01
01
01
07
01
01
07
01
01
01
07
01
01
01
07
01
01
01
01
01
01
01
07
01
01
01
01
01
01
01
01
01
01
01
01
01
01
01
01
01
01
01
01
01
01
01
01
01
01
01
01
01
01
01
01
01
0C
0C
01
0C
0C
0C
0C
0C
0C
0C
0C
0C
0C
0C
0C
01
0C
0C
0C
07
0C
0C
0C
0C
07
0C
01
01
0C
01
0C
07
0C
0C
01
01
01
01
01
01
0C
07
01
0C
0C
01
0C
01
01
07
0C
01
0C
0C
01
0C
01
0C
01
0C
01
01
0C
0C
01
01
0C
01
01
0C
0C
0C
01
0C
01
0C
01
07
01
01
01
01
01
01
01
01
01
01
01
01
01
01
01
01
01
01
01
01
01
01
01
01
01
01
01
01
01
01
07
01
01
01
01
01
01
01
01
01
01
01
01
01
01
01
01
01
01
01
01
01
01
01
01
01
01
01
01
01
01
01
01
01
01
01
01
01
01
01
01
01
01
01
01
01
01
01
0001
005E
0078
0002
0057
00000056
0002
0002
00000016
2A
2B
B6000D
B70007
2A
2B
B6000E
B70007
2A
2B
B60008
B1
0000
0002
0058
00000012
0004
0000
008B
0008
008C
0010
008D
0015
008E
0059
00000016
0002
0000
0016
005A
005D
0000
0000
0016
0062
0079
0001
0064
00000004
0001
0065
