09
0A
07
0A
09
0A
0A
0A
0A
0A
0A
0A
0A
0A
0A
0A
0A
0A
0A
0A
0A
07
0A
0A
09
0A
0A
0A
0A
09
07
0A
08
0A
08
0A
0A
09
08
08
08
08
08
08
0A
07
0A
0A
08
0A
08
08
0A
08
0A
0A
08
0A
08
0A
08
0A
08
08
0A
0A
08
08
0A
08
08
0A
0A
0A
07
0A
08
0A
07
07
01
01
01
01
01
01
01
01
01
01
01
01
01
01
07
01
01
01
01
01
07
07
01
01
01
07
01
01
01
07
01
01
01
07
01
01
01
07
01
01
01
07
01
01
01
01
01
01
07
01
01
07
01
01
01
07
01
01
01
07
01
01
01
01
01
01
01
07
01
01
01
01
01
01
01
01
01
01
01
01
01
01
01
01
01
01
01
01
01
01
01
01
01
01
01
01
01
01
01
01
01
0C
0C
01
0C
0C
0C
0C
0C
0C
0C
0C
0C
0C
0C
0C
01
0C
0C
0C
07
0C
0C
0C
0C
07
0C
01
01
0C
01
0C
07
0C
0C
01
01
01
01
01
01
0C
07
01
0C
0C
01
0C
01
01
07
0C
01
0C
0C
01
0C
01
0C
01
0C
01
01
0C
0C
01
01
0C
01
01
0C
0C
0C
01
0C
01
0C
01
07
01
01
01
01
01
01
01
01
01
01
01
01
01
01
01
01
01
01
01
01
01
01
01
01
01
01
01
01
01
01
07
01
01
01
01
01
01
01
01
01
01
01
01
01
01
01
01
01
01
01
01
01
01
01
01
01
01
01
01
01
01
01
01
01
01
01
01
01
01
01
01
01
01
01
01
01
01
01
0001
005E
0070
0002
0057
0000004A
0002
0002
0000000E
2A
2B
B6000B
B70007
2A
2B
B60008
B1
0000
0002
0058
0000000E
0003
0000
0081
0008
0082
000D
0083
0059
00000016
0002
0000
000E
005A
005D
0000
0000
000E
0062
0071
0001
0064
00000004
0001
0065
