0A
0A
0A
0A
0A
0A
0A
0A
0A
08
0A
08
08
08
08
08
07
08
07
0A
08
0A
0A
0A
07
07
01
01
01
01
01
01
01
01
01
01
01
01
01
01
01
01
01
01
01
01
01
01
01
01
01
07
01
01
01
01
01
01
01
01
01
01
01
01
01
01
01
01
01
01
01
07
07
01
01
0C
0C
0C
0C
0C
0C
0C
0C
07
0C
01
0C
01
01
01
01
01
01
01
01
0C
01
0C
07
0C
07
0C
01
01
01
01
01
01
01
01
01
01
01
01
01
01
01
01
01
01
0004
0029
002A
0001
001D
00000044
0002
0002
00000010
2A
2B
B70003
2A
B60004
B80005
B80006
B0
0000
0002
001E
00000006
0001
0000
0029
001F
00000016
0002
0000
0010
0020
0021
0000
0000
0010
002B
002C
0001
