0A
09
07
0A
09
09
09
09
09
09
09
09
09
09
09
09
09
09
09
09
09
09
09
09
09
09
09
09
09
09
0A
07
07
07
01
01
01
01
01
01
01
01
01
01
01
01
01
01
01
01
01
01
01
01
01
01
01
01
01
01
01
01
01
01
01
01
01
01
01
01
01
01
01
01
01
01
01
01
01
01
01
01
01
01
01
01
01
01
01
01
01
01
01
01
01
01
01
01
01
01
01
01
01
01
01
01
01
01
01
01
01
01
01
01
01
01
01
01
01
01
01
01
01
01
01
01
01
01
01
01
01
01
01
01
01
01
01
01
01
01
01
01
01
01
01
01
01
01
01
01
01
01
01
01
01
01
01
01
01
01
01
01
01
01
01
01
01
01
01
01
01
01
01
01
01
01
01
01
01
01
01
01
01
01
01
01
01
01
01
01
0C
0C
01
0C
0C
0C
0C
0C
0C
0C
0C
0C
0C
0C
0C
0C
0C
0C
0C
0C
0C
0C
0C
0C
0C
0C
0C
0C
07
0C
07
0C
01
01
01
01
01
01
01
01
01
0001
0093
0091
0001
006B
0000003E
0002
0002
00000006
2A
2B
B5000F
B1
0000
0002
006C
0000000A
0002
0000
01C2
0005
01C3
006D
00000016
0002
0000
0006
006E
006F
0000
0000
0006
0077
0044
0001
