07
01
07
01
07
01
01
01
01
01
01
01
01
03
01
03
01
03
01
01
01
01
01
01
01
01
01
01
01
01
01
01
08
08
01
0A
0C
01
01
09
0C
08
08
01
09
0C
08
08
01
09
0C
09
0C
09
0C
0A
07
01
0C
01
01
0A
07
01
0C
01
01
09
0C
01
01
01
01
0A
0C
01
01
0A
07
01
0C
01
01
01
01
01
0A
0C
01
01
0A
0C
01
09
0C
09
0C
09
0C
01
01
01
01
01
01
01
01
0A
07
01
0C
01
01
01
0A
0C
01
01
01
01
0009
0048
0049
0001
0020
00000077
0002
0003
00000025
03
3C
A70019
B20036
1B
32
4D
2C
B6004A
2A
B6004E
990005
2C
B0
840101
1B
B20036
BE
A1FFE5
01
B0
0000
0002
0046
0000001A
0006
0000
008D
0005
008E
000B
008F
0016
0090
0018
008D
0023
0093
0047
00000020
0003
0000
0025
001C
001B
0000
0002
0021
0054
000C
0001
000B
000D
0055
0008
0002
