08
08
07
07
07
07
07
07
07
07
07
07
09
09
09
0A
0A
0A
0A
0A
0A
0A
0A
0A
0A
0B
0B
0C
0C
0C
0C
0C
0C
0C
0C
0C
0C
0C
0C
0C
01
01
01
01
01
01
01
01
01
01
01
01
01
01
01
01
01
01
01
01
01
01
01
01
01
01
01
01
01
01
01
01
01
01
01
01
01
01
01
01
01
01
01
01
01
01
01
01
01
01
01
01
01
01
01
01
01
01
01
01
01
01
01
01
01
01
01
01
01
01
01
01
01
01
01
01
01
01
01
01
01
01
01
01
01
01
01
01
01
01
01
01
01
01
0001
007C
003A
0002
0046
0000004A
0003
0003
00000008
1B
1C
03
B80013
2A
B0
0000
0002
004C
0000000A
0002
0000
005D
0006
005E
0056
00000020
0003
0000
0008
0080
0053
0000
0000
0008
0066
004A
0001
0000
0008
0082
004A
0002
0059
00000002
003B
