01
07
01
07
01
01
01
07
01
07
01
01
07
01
07
01
01
01
01
01
01
01
01
07
0C
0A
01
07
01
01
0C
0A
0C
09
01
01
01
01
01
01
01
01
01
01
01
07
01
0C
0A
01
01
01
07
01
07
01
07
01
07
01
01
0C
0B
01
0C
0A
01
01
0C
0B
01
07
01
07
01
01
0C
0B
01
01
0C
0B
01
07
01
0C
0A
01
0C
0A
01
07
01
0C
0A
01
0C
0A
01
0C
0A
01
07
01
01
0C
0A
01
01
0C
0B
01
01
0C
09
0C
09
01
0C
0A
01
01
0C
0A
01
07
01
01
0C
0A
01
07
01
01
0C
0A
01
07
01
0C
0A
01
08
01
01
0C
0A
01
08
0A
0C
09
01
07
01
01
0C
0B
01
07
01
0C
0A
01
07
01
0C
0A
01
08
01
0C
0B
01
07
01
01
0C
0A
01
08
01
0C
0A
01
01
0C
0A
01
08
01
0C
0A
01
07
01
01
0C
0A
01
07
01
01
0C
0A
01
0C
0A
01
01
01
01
01
01
01
01
01
01
01
01
01
01
01
01
01
01
01
01
01
01
0C
0A
01
01
01
07
01
01
0C
0A
01
01
01
01
01
01
01
01
01
01
01
0001
0015
0016
0002
00F1
00000060
0004
0004
00000010
2A
2B
2C
2D
B7001A
2A
2D
B60020
B50022
B1
0000
0002
00F2
0000002A
0004
0000
0010
0023
0024
0000
0000
0010
0025
0026
0001
0000
0010
0027
0028
0002
0000
0010
0029
002A
0003
00F3
0000000E
0003
0000
0036
0007
0037
000F
0038
00F4
00000004
0001
0018
