01
07
01
07
01
07
01
01
01
01
01
08
01
07
01
01
0C
0A
01
0C
0A
01
01
0C
09
01
0C
09
01
0C
09
01
01
01
01
07
01
01
0C
09
01
07
0C
0A
01
01
01
01
01
01
01
01
01
01
01
01
01
01
01
01
0C
09
01
01
01
01
01
01
01
0C
0A
01
01
08
01
07
01
01
0C
0A
0F
01
0C
12
01
01
0C
0A
0A
01
01
01
01
01
01
0C
0A
01
01
01
01
01
01
07
01
01
0C
0B
01
07
01
0C
09
01
07
01
01
0C
0B
01
07
01
0C
09
01
0C
0B
0C
0A
01
07
01
0C
09
01
01
01
01
01
01
01
07
01
0C
09
01
01
0C
0A
01
07
01
01
0C
0A
01
01
01
01
07
01
07
01
07
0C
0A
01
01
07
01
0C
0A
01
01
0C
09
01
01
01
03
03
01
03
01
03
01
01
01
01
01
01
01
01
01
01
01
01
01
01
01
01
01
01
01
01
01
1009
0034
0013
0003
00C5
0000000D
0000
0000
00000001
B1
0000
0000
00CA
00000000
00CB
0000000B
0001
0030
0001
00010031
73
0035
