01
07
01
07
01
07
01
01
01
01
01
08
01
07
01
01
0C
0A
01
0C
0A
01
01
0C
09
01
0C
09
01
0C
09
01
01
01
01
07
01
01
0C
09
01
07
0C
0A
01
01
01
01
01
01
01
01
01
01
01
01
01
01
01
01
0C
09
01
01
01
01
01
01
01
0C
0A
01
01
08
01
07
01
01
0C
0A
0F
01
0C
12
01
01
0C
0A
0A
01
01
01
01
01
01
0C
0A
01
01
01
01
01
01
07
01
01
0C
0B
01
07
01
0C
09
01
07
01
01
0C
0B
01
07
01
0C
09
01
0C
0B
0C
0A
01
07
01
0C
09
01
01
01
01
01
01
01
07
01
0C
09
01
01
0C
0A
01
07
01
01
0C
0A
01
01
01
01
07
01
07
01
07
0C
0A
01
01
07
01
0C
0A
01
01
0C
09
01
01
01
03
03
01
03
01
03
01
01
01
01
01
01
01
01
01
01
01
01
01
01
01
01
01
01
01
01
01
0001
0039
003A
0002
00C5
0000002F
0001
0001
00000005
2A
B4003E
B0
0000
0002
00C6
00000006
0001
0000
0014
00C7
0000000C
0001
0000
0005
0020
0021
0000
00C4
00000006
0001
0009
0000
