07
0A
0A
09
07
0A
0A
0A
0A
0B
0A
0A
07
0A
0A
0A
0A
0A
0A
07
0A
07
01
01
01
01
01
01
01
01
01
01
01
01
01
01
01
01
01
01
01
01
01
01
01
01
01
07
07
01
01
01
01
01
01
01
01
01
01
01
01
01
01
01
01
01
07
01
0C
0C
0C
01
07
0C
0C
0C
07
0C
0C
0C
01
0C
0C
07
0C
07
0C
07
0C
07
0C
01
01
01
01
01
01
01
01
01
01
01
01
01
01
01
01
01
01
01
01
01
01
01
01
01
01
01
0001
0037
0038
0001
001D
00000032
0001
0001
00000008
2A
B40004
B80010
B0
0000
0002
001E
00000006
0001
0000
0062
001F
0000000C
0001
0000
0008
0022
0023
0000
