0A
07
0C
01
01
01
09
07
0C
01
01
01
09
0C
01
09
0C
01
01
09
0C
01
01
09
0C
01
09
0C
01
01
09
0C
01
01
09
0C
01
09
0C
01
09
0C
01
01
09
0C
01
09
0C
01
01
01
01
01
01
01
01
01
01
01
01
01
01
01
01
01
01
01
01
01
01
01
01
01
01
01
01
01
01
01
01
01
01
01
01
01
01
01
01
01
01
01
01
01
01
01
01
01
01
01
01
01
01
01
01
01
01
0001
004D
0040
0001
0038
0000003E
0002
0002
00000006
2A
2B
B50018
B1
0000
0002
0039
0000000A
0002
0000
00C0
0005
00C1
003A
00000016
0002
0000
0006
003B
003C
0000
0000
0006
0041
000C
0001
