07
01
0A
0C
01
01
0B
07
0C
01
01
01
07
01
08
01
0A
0C
01
0B
0C
01
01
0B
0C
01
01
07
01
0A
0C
01
0A
0C
01
08
01
0B
0C
01
01
0B
0C
01
01
08
01
0A
07
0C
01
01
01
08
01
0B
07
0C
01
01
01
08
01
08
01
07
01
08
01
08
01
0B
0C
01
01
08
01
08
01
08
01
08
01
0B
07
0C
01
01
08
01
08
01
08
01
08
01
08
01
08
01
08
01
0B
07
0C
01
01
08
01
0A
0C
01
01
08
01
08
01
07
01
08
01
08
01
12
0C
01
0A
0C
01
01
08
01
0B
07
0C
01
01
01
0B
07
0C
01
01
01
0A
07
0C
01
01
01
0B
0C
01
01
07
01
08
01
0B
0C
01
01
07
01
0A
0C
01
01
12
0C
01
12
08
01
08
01
08
01
07
01
0B
0C
01
08
01
08
01
08
01
12
12
12
12
08
01
08
01
12
0C
01
0A
0C
01
01
12
0C
01
08
01
08
01
12
12
08
01
08
01
0B
07
0C
01
01
01
0B
0C
01
0B
0C
01
01
08
01
08
01
12
0C
01
0B
0C
01
01
0A
07
0C
01
01
12
07
01
01
01
01
01
01
01
01
01
01
01
01
01
01
01
01
01
01
01
01
01
01
01
01
01
01
01
01
01
01
01
01
01
01
01
01
01
01
01
01
01
01
01
01
01
01
01
01
01
01
01
01
01
01
01
01
01
01
01
01
01
01
01
01
01
01
01
01
01
01
01
01
01
01
01
01
01
01
01
01
01
01
01
01
01
01
01
01
01
01
01
01
01
01
01
01
01
01
01
01
01
01
01
01
01
01
01
01
01
01
01
01
01
01
01
01
01
01
01
01
01
01
01
01
01
01
01
01
01
01
01
01
01
01
01
01
01
01
01
01
01
01
01
01
01
01
01
01
01
01
01
01
01
01
01
01
01
01
01
01
01
01
01
01
01
01
01
01
01
01
01
01
01
01
01
01
01
01
01
01
01
01
01
01
01
01
0F
0A
07
0C
01
01
01
10
0F
10
0F
0B
0C
10
01
0F
10
0F
0B
0C
10
0F
0B
0C
0F
0B
0C
10
0F
0B
0C
10
0F
0F
0B
0C
0F
10
0F
0B
0C
0F
0B
0C
10
01
0F
0A
0C
01
10
01
01
01
01
07
01
07
01
01
0401
004A
004B
0000
