07
01
0A
0C
01
01
0B
07
0C
01
01
01
07
01
08
01
0A
0C
01
0B
0C
01
01
0B
0C
01
01
07
01
0A
0C
01
0A
0C
01
08
01
0B
0C
01
01
0B
0C
01
01
08
01
0A
07
0C
01
01
01
08
01
0B
07
0C
01
01
01
08
01
08
01
07
01
08
01
08
01
0B
0C
01
01
08
01
08
01
08
01
08
01
0B
07
0C
01
01
08
01
08
01
08
01
08
01
08
01
08
01
08
01
0B
07
0C
01
01
08
01
0A
0C
01
01
08
01
08
01
07
01
08
01
08
01
12
0C
01
0A
0C
01
01
08
01
0B
07
0C
01
01
01
0B
07
0C
01
01
01
0A
07
0C
01
01
01
0B
0C
01
01
07
01
08
01
0B
0C
01
01
07
01
0A
0C
01
01
12
0C
01
12
08
01
08
01
08
01
07
01
0B
0C
01
08
01
08
01
08
01
12
12
12
12
08
01
08
01
12
0C
01
0A
0C
01
01
12
0C
01
08
01
08
01
12
12
08
01
08
01
0B
07
0C
01
01
01
0B
0C
01
0B
0C
01
01
08
01
08
01
12
0C
01
0B
0C
01
01
0A
07
0C
01
01
12
07
01
01
01
01
01
01
01
01
01
01
01
01
01
01
01
01
01
01
01
01
01
01
01
01
01
01
01
01
01
01
01
01
01
01
01
01
01
01
01
01
01
01
01
01
01
01
01
01
01
01
01
01
01
01
01
01
01
01
01
01
01
01
01
01
01
01
01
01
01
01
01
01
01
01
01
01
01
01
01
01
01
01
01
01
01
01
01
01
01
01
01
01
01
01
01
01
01
01
01
01
01
01
01
01
01
01
01
01
01
01
01
01
01
01
01
01
01
01
01
01
01
01
01
01
01
01
01
01
01
01
01
01
01
01
01
01
01
01
01
01
01
01
01
01
01
01
01
01
01
01
01
01
01
01
01
01
01
01
01
01
01
01
01
01
01
01
01
01
01
01
01
01
01
01
01
01
01
01
01
01
01
01
01
01
01
01
0F
0A
07
0C
01
01
01
10
0F
10
0F
0B
0C
10
01
0F
10
0F
0B
0C
10
0F
0B
0C
0F
0B
0C
10
0F
0B
0C
10
0F
0F
0B
0C
0F
10
0F
0B
0C
0F
0B
0C
10
01
0F
0A
0C
01
10
01
01
01
01
07
01
07
01
01
0001
0154
014F
0002
00FA
0000009F
0002
0002
00000032
2B
1283
B80030
57
2A
B900070100
990023
2A
B900260100
B900850100
2B
B9008B0200
B80091
B900970200
C0009B
B8002A
B0
2A
B0
0000
0004
00FB
0000001A
0006
0000
01E3
0007
01E5
0010
01E6
0011
01E7
002C
01E6
0030
01EA
00FC
00000016
0002
0000
0032
0113
0104
0000
0000
0032
0155
0115
0001
00FE
00000016
0002
0000
0032
0113
0117
0000
0000
0032
0155
0156
0001
0106
00000003
0001
30
0100
00000002
0157
