0A
0A
0A
09
09
09
07
09
0A
09
0A
0A
07
07
0A
08
0A
0A
08
0A
0A
0A
0B
0A
0A
0A
0A
0A
0A
0A
0B
08
07
0A
08
0A
0A
08
0A
08
0A
0A
08
0A
08
0A
08
0A
08
0A
08
08
08
08
08
0A
0A
0A
08
08
08
08
08
08
08
08
08
08
08
0A
07
0A
0A
0B
09
0A
0A
0B
0B
07
07
0A
07
07
01
01
01
01
01
01
03
01
01
08
01
01
01
01
01
01
01
01
01
01
01
01
01
01
01
01
01
01
01
01
01
01
01
01
01
01
01
01
01
01
07
07
07
01
01
01
01
01
01
01
01
01
01
01
01
01
01
07
01
01
01
01
01
01
01
01
01
01
01
01
01
01
01
01
01
01
01
01
01
01
01
01
01
01
01
01
01
01
01
01
01
01
01
07
01
01
01
0C
0C
07
0C
0C
0C
0C
01
0C
0C
0C
0C
07
0C
01
01
01
0C
0C
01
0C
0C
0C
07
0C
0C
0C
0C
0C
0C
0C
0C
0C
01
01
01
0C
0C
01
0C
01
07
0C
07
0C
01
0C
01
07
0C
01
0C
01
0C
01
01
01
01
0C
0C
01
01
01
01
01
01
01
01
01
01
01
0C
01
07
0C
0C
07
0C
0C
07
0C
0C
0C
0C
01
01
01
01
01
01
01
01
01
01
01
01
01
01
01
01
01
01
01
01
01
01
01
01
01
01
01
01
01
01
01
01
01
01
01
01
01
01
01
01
01
01
01
01
01
01
01
01
01
01
01
01
01
01
01
01
01
01
01
0001
009F
0086
0001
006C
0000002F
0001
0001
00000005
2A
B4000A
AC
0000
0002
006D
00000006
0001
0000
00C3
006E
0000000C
0001
0000
0005
006F
0070
0000
