0A
0A
09
0A
07
08
0A
07
08
0A
0B
0B
0B
07
08
09
09
09
09
07
0A
09
07
0A
0A
0A
08
08
0B
08
0B
08
08
08
08
0A
07
0A
0A
07
07
07
01
01
01
01
01
01
01
01
01
01
01
01
01
01
01
01
01
01
01
01
01
01
01
01
01
01
07
07
07
07
07
01
01
01
01
01
01
01
01
01
01
01
01
01
01
01
01
01
01
07
07
01
01
01
01
01
01
01
01
01
01
0C
0C
0C
07
0C
01
01
0C
01
01
07
0C
07
0C
0C
01
01
0C
0C
0C
0C
01
0C
0C
01
0C
0C
01
01
07
0C
01
0C
01
01
01
01
01
0C
01
01
01
01
01
01
01
01
01
01
01
01
01
01
01
01
01
01
01
01
01
01
0001
0053
0051
0001
0038
0000002F
0001
0001
00000005
2A
B40012
B0
0000
0002
0039
00000006
0001
0000
0044
003A
0000000C
0001
0000
0005
003B
003C
0000
