0A
0A
09
0A
07
08
0A
07
08
0A
0B
0B
0B
07
08
09
09
09
09
07
0A
09
07
0A
0A
0A
08
08
0B
08
0B
08
08
08
08
0A
07
0A
0A
07
07
07
01
01
01
01
01
01
01
01
01
01
01
01
01
01
01
01
01
01
01
01
01
01
01
01
01
01
07
07
07
07
07
01
01
01
01
01
01
01
01
01
01
01
01
01
01
01
01
01
01
07
07
01
01
01
01
01
01
01
01
01
01
0C
0C
0C
07
0C
01
01
0C
01
01
07
0C
07
0C
0C
01
01
0C
0C
0C
0C
01
0C
0C
01
0C
0C
01
01
07
0C
01
0C
01
01
01
01
01
0C
01
01
01
01
01
01
01
01
01
01
01
01
01
01
01
01
01
01
01
01
01
01
0001
005E
0051
0001
0038
00000032
0002
0001
00000008
BB0025
59
B70026
BF
0000
0002
0039
00000006
0001
0000
006B
003A
0000000C
0001
0000
0008
003B
003C
0000
