0A
09
09
0A
0A
07
07
0A
07
0A
0A
07
0A
0A
0A
07
0A
07
0A
09
07
0A
08
09
08
09
0A
09
09
07
0A
07
08
08
0A
0A
07
07
01
01
01
01
01
01
01
01
01
01
01
01
01
01
01
01
01
01
01
01
01
01
01
01
01
01
01
01
01
01
01
01
01
01
01
01
01
01
01
01
07
01
01
01
01
01
01
01
01
01
01
01
01
01
01
01
0C
0C
0C
0C
0C
01
01
01
0C
0C
01
0C
07
0C
01
0C
01
0C
01
0C
0C
0C
0C
0C
01
0C
01
01
01
0C
0C
01
01
01
01
01
01
01
01
01
01
01
01
01
01
0001
0045
0046
0001
0034
0000004A
0002
0002
0000000B
2B
2A
A60007
04
A70004
03
AC
0000
0003
0035
00000006
0001
0000
003E
0036
00000016
0002
0000
000B
0037
002E
0000
0000
000B
0047
0048
0001
003E
00000005
0002
09
40
01
