0A
0A
09
0A
09
07
05
0A
09
09
05
09
09
0A
09
0A
0A
0A
09
0A
09
0A
09
0A
0A
0A
0A
07
07
07
01
01
01
05
01
01
01
01
01
01
01
01
01
01
01
01
01
01
01
01
01
01
01
01
01
01
01
01
01
01
01
01
01
01
01
01
01
01
01
01
01
01
01
01
01
01
01
01
01
01
01
01
01
01
01
01
01
01
0C
07
0C
0C
07
0C
0C
01
07
0C
0C
0C
0C
0C
0C
0C
0C
0C
0C
0C
0C
0C
0C
0C
0C
0C
0C
0C
01
01
01
01
01
01
01
01
01
01
0001
0028
003E
0001
0035
0000003F
0002
0002
00000007
2A
2B
B60012
2A
B0
0000
0002
0036
0000000A
0002
0000
003A
0005
003B
0037
00000016
0002
0000
0007
0038
0039
0000
0000
0007
0028
0027
0001
