0A
0A
09
0A
09
07
05
0A
09
09
05
09
09
0A
09
0A
0A
0A
09
0A
09
0A
09
0A
0A
0A
0A
07
07
07
01
01
01
05
01
01
01
01
01
01
01
01
01
01
01
01
01
01
01
01
01
01
01
01
01
01
01
01
01
01
01
01
01
01
01
01
01
01
01
01
01
01
01
01
01
01
01
01
01
01
01
01
01
01
01
01
01
01
0C
07
0C
0C
07
0C
0C
01
07
0C
0C
0C
0C
0C
0C
0C
0C
0C
0C
0C
0C
0C
0C
0C
0C
0C
0C
0C
01
01
01
01
01
01
01
01
01
01
0001
0052
004C
0001
0035
0000003E
0002
0002
00000006
2A
2B
B50019
B1
0000
0002
0036
0000000A
0002
0000
0078
0005
0079
0037
00000016
0002
0000
0006
0038
0039
0000
0000
0006
0030
002D
0001
