0A
09
07
0A
0A
07
0A
0B
0B
0B
07
0A
07
0B
0B
08
0A
12
0A
0B
07
09
12
0A
0A
07
0A
0A
09
0A
0B
0A
0A
07
0A
0A
09
12
12
0A
0A
12
0A
0A
07
01
01
01
05
01
01
01
01
01
01
01
01
01
01
01
01
01
01
01
01
01
01
01
01
01
01
01
01
07
07
01
01
01
01
01
01
01
01
01
01
01
01
01
01
01
01
01
01
01
01
07
07
01
01
01
01
01
0C
0C
01
07
0C
07
0C
01
0C
0C
0C
01
07
0C
01
0C
0C
01
07
0C
01
0F
08
0C
0C
0C
01
07
0C
08
0C
0C
0C
01
0C
0C
0C
0C
07
0C
07
0C
01
0C
0C
08
0C
08
0C
0C
07
0C
08
0C
0C
01
01
01
01
01
01
01
01
01
01
01
01
01
01
01
01
01
01
01
01
01
01
01
0A
01
01
01
01
01
01
01
01
01
01
01
01
01
01
01
01
01
01
01
01
01
01
01
01
01
01
01
01
01
01
01
01
01
01
01
01
07
0C
01
07
01
01
01
07
01
01
0004
0055
0052
0001
0039
00000032
0002
0001
00000008
BB001A
59
B7001B
B0
0000
0002
003A
00000006
0001
0000
0081
003B
0000000C
0001
0000
0008
003C
003D
0000
