01
07
01
07
01
01
01
01
01
08
01
07
01
01
0C
0A
01
08
01
0C
0A
01
0C
09
01
0C
09
01
01
01
01
07
01
0C
09
01
07
01
01
0C
0A
0C
0A
01
01
01
01
01
08
01
01
01
01
01
01
01
01
07
0A
01
07
01
01
01
01
01
01
01
0C
0A
01
01
01
08
01
07
01
01
0C
0A
0F
01
0C
12
01
01
0C
0A
01
07
0A
01
01
01
01
01
01
01
0C
0A
01
01
0C
0A
01
01
01
03
03
03
01
01
03
01
01
01
01
01
01
01
01
01
01
01
01
01
01
01
01
01
01
01
01
0001
0037
0038
0002
007D
0000003D
0004
0001
00000013
BB003A
59
2A
B40018
2A
B4001B
B7003B
C0003D
B0
0000
0002
007E
00000006
0001
0000
00CE
007F
0000000C
0001
0000
0013
001C
001D
0000
007B
00000006
0001
0008
0000
