01
07
01
07
01
01
01
01
01
08
01
07
01
01
0C
0A
01
08
01
0C
0A
01
0C
09
01
0C
09
01
01
01
01
07
01
0C
09
01
07
01
01
0C
0A
0C
0A
01
01
01
01
01
08
01
01
01
01
01
01
01
01
07
0A
01
07
01
01
01
01
01
01
01
0C
0A
01
01
01
08
01
07
01
01
0C
0A
0F
01
0C
12
01
01
0C
0A
01
07
0A
01
01
01
01
01
01
01
0C
0A
01
01
0C
0A
01
01
01
03
03
03
01
01
03
01
01
01
01
01
01
01
01
01
01
01
01
01
01
01
01
01
01
01
01
0001
0005
0013
0001
007D
00000027
0005
0001
00000009
2A
01
01
06
01
B70068
B1
0000
0001
007F
0000000C
0001
0000
0009
001C
001D
0000
