01
07
01
01
07
01
07
01
01
0C
0A
01
01
01
01
01
01
01
0C
09
01
01
01
08
01
07
01
01
0C
0A
01
08
01
01
01
01
01
08
01
07
01
08
01
07
01
01
0C
0A
01
0C
0A
01
01
0C
0B
01
07
01
07
0A
0A
01
01
01
01
0C
0A
01
01
0C
0A
01
0A
01
0C
09
01
08
01
07
01
0C
09
01
07
01
07
01
01
0C
0A
01
01
03
03
03
01
01
03
01
01
01
01
01
01
01
01
01
01
01
01
01
01
01
01
01
01
1041
0023
0045
0001
006D
0000003A
0002
0002
00000006
2A
2B
B60047
B0
0000
0002
006E
00000006
0001
0000
000B
006F
00000016
0002
0000
0006
000C
000D
0000
0000
0006
0025
0040
0001
