09
0A
09
09
07
08
0A
0A
0B
0B
0B
0A
0B
0A
0B
0B
0A
0B
0B
0B
0B
0B
07
07
07
01
01
01
01
01
01
01
01
01
01
01
01
01
01
01
01
01
01
01
01
01
01
01
01
01
01
07
01
01
01
01
01
01
01
01
01
01
01
01
01
01
01
01
01
01
01
01
01
01
01
01
01
01
01
01
07
01
01
07
01
01
01
01
01
01
01
01
07
0C
0C
0C
0C
01
01
0C
0C
0C
0C
0C
0C
0C
0C
0C
0C
0C
0C
0C
0C
0C
0C
01
01
01
01
01
01
01
01
01
01
01
01
01
01
01
0001
0038
0045
0002
0020
00000042
0002
0002
0000000E
2A
B60008
2B
B8000E
B900100200
B0
0000
0002
0021
00000006
0001
0000
00C1
0022
00000016
0002
0000
000E
0023
0026
0000
0000
000E
003A
0040
0001
002B
00000002
0046
