07
01
09
0C
01
01
09
0C
01
09
0C
01
09
0C
01
09
0C
01
09
0C
01
01
0A
07
0C
01
01
0A
07
0C
01
01
01
07
01
08
01
0A
0C
01
01
09
0C
01
01
0A
0C
01
01
09
0C
01
01
07
01
08
01
0A
0A
0C
01
01
0A
07
0C
01
01
01
0A
0C
01
01
0B
07
0C
01
01
01
07
01
0A
07
0C
01
01
0A
07
0C
01
01
0A
0C
01
08
01
0A
0C
01
09
0C
01
0A
0C
01
08
0A
0C
01
08
08
08
08
0A
0C
01
01
07
01
0A
0C
01
0A
0C
01
07
01
01
01
03
01
03
01
03
01
03
01
01
01
01
01
01
01
01
01
01
01
01
01
01
01
01
01
01
01
01
01
01
01
01
01
01
01
01
01
01
07
01
07
01
01
07
01
01
01
01
0011
009B
003E
0001
008A
0000002E
0001
0001
00000004
B8003B
B0
0000
0002
008B
00000006
0001
0000
0067
008D
0000000C
0001
0000
0004
0091
0006
0000
