0A
09
09
09
0A
0A
07
0B
0A
0B
0A
07
07
07
0A
08
0A
0A
0A
0A
0A
07
08
0A
0B
07
0A
08
08
08
0A
08
0A
08
07
07
01
01
01
01
01
01
01
01
01
01
01
01
01
01
01
01
01
01
01
01
01
01
01
01
01
01
01
01
01
01
01
01
01
01
01
01
01
01
01
01
01
01
01
01
01
01
07
07
07
07
07
01
01
01
01
01
01
01
07
01
01
01
01
01
0C
0C
0C
0C
07
0C
07
0C
01
0C
07
0C
07
0C
0C
01
01
01
01
0C
0C
0C
0C
0C
01
01
0C
07
0C
01
0C
01
01
01
0C
01
07
0C
01
07
01
01
01
01
01
01
01
01
01
01
01
01
01
01
01
01
01
01
01
01
01
01
01
01
01
01
01
01
01
01
01
01
0001
0060
0061
0001
002F
00000061
0002
0001
00000037
BB000E
59
B7000F
121D
B60011
2A
B40002
B60012
121E
B60011
2A
B40003
B6001F
1220
B60011
2A
B40004
B80021
B60011
1222
B60011
B60013
B0
0000
0002
0030
00000006
0001
0000
00B0
0031
0000000C
0001
0000
0037
0032
0035
0000
