09
0A
09
09
07
08
0A
0A
0B
0B
0B
0A
0B
0A
0B
0B
0A
0B
0B
0B
0B
0B
07
07
07
01
01
01
01
01
01
01
01
01
01
01
01
01
01
01
01
01
01
01
01
01
01
01
01
01
01
07
01
01
01
01
01
01
01
01
01
01
01
01
01
01
01
01
01
01
01
01
01
01
01
01
01
01
01
01
07
01
01
07
01
01
01
01
01
01
01
01
07
0C
0C
0C
0C
01
01
0C
0C
0C
0C
0C
0C
0C
0C
0C
0C
0C
0C
0C
0C
0C
0C
01
01
01
01
01
01
01
01
01
01
01
01
01
01
01
0001
0037
0036
0001
0020
00000034
0001
0001
0000000A
2A
B60008
B9000B0100
AC
0000
0002
0021
00000006
0001
0000
00B2
0022
0000000C
0001
0000
000A
0023
0026
0000
