0A
07
0C
01
01
01
07
01
0A
09
07
0C
01
01
01
08
01
0A
07
0C
01
01
01
08
01
0A
07
0C
01
01
01
0A
0C
01
01
0B
07
0C
01
01
01
0B
07
0C
01
01
01
0B
0C
01
01
07
01
0A
0C
01
01
08
01
07
01
0A
0C
0A
0C
01
08
01
0A
0C
01
07
01
08
01
0B
07
0C
01
01
0A
07
0C
01
01
01
0B
0B
0C
01
01
07
01
0A
0C
01
01
01
01
01
01
01
01
01
01
01
01
01
01
01
01
01
01
01
01
01
01
01
01
01
01
01
01
01
01
01
01
01
01
01
01
01
01
01
0000
0022
0047
0003
0063
0000009A
0002
0004
00000029
2B
1243
B80012
2B
B900240100
4D
2C
B9002A0100
990015
2C
B900300100
C00048
4E
2A
2D
B60040
A7FFE8
B1
0000
0004
0064
00000016
0005
0000
0046
0006
0047
0020
0048
0025
0049
0028
004A
0065
00000020
0003
0020
0005
0077
0078
0003
0000
0029
0066
0067
0000
0000
0029
000E
0070
0001
0071
0000000C
0001
0000
0029
000E
0079
0001
0073
0000000B
0002
FC
000D
07
002B
FA
001A
006D
00000005
01
000E
0000
0061
00000002
007A
