0A
07
0A
09
09
09
09
09
09
09
0B
09
09
09
09
09
09
09
09
09
09
09
09
09
09
09
09
0A
07
0A
0A
0A
0A
07
0A
0A
07
0A
08
0A
08
0A
08
08
08
08
08
08
08
08
08
08
08
08
08
08
08
08
08
08
08
08
08
08
08
08
0A
08
0A
08
0A
07
01
01
07
01
01
01
01
08
01
01
01
01
01
01
01
08
01
01
01
08
01
01
01
01
01
01
08
01
01
01
08
01
01
01
08
01
01
01
08
01
01
01
08
01
01
01
08
01
01
01
08
01
01
01
08
01
01
01
01
08
01
01
08
01
01
01
01
08
01
01
08
01
01
01
08
01
01
01
08
01
01
01
01
08
01
01
01
08
01
01
01
08
01
01
01
08
01
01
01
01
08
01
01
08
01
01
01
01
01
01
01
01
01
01
01
01
01
01
01
01
01
03
01
01
01
01
01
01
01
01
01
01
01
01
01
01
01
01
01
01
01
01
01
01
01
01
01
01
01
01
01
01
01
01
01
01
01
01
01
01
01
01
01
01
01
01
01
01
01
01
01
01
01
01
01
01
01
01
01
01
01
01
01
01
01
01
01
01
01
01
01
01
01
01
01
01
01
01
01
01
01
01
01
01
01
01
01
01
01
01
01
01
01
01
01
01
01
01
01
01
01
01
01
01
01
01
01
01
01
01
01
01
01
01
01
01
01
01
01
01
01
01
01
01
01
01
01
01
01
01
01
01
01
01
01
01
07
01
01
01
01
01
01
01
01
01
01
01
01
01
01
01
01
01
01
01
0C
01
0C
0C
0C
0C
0C
0C
0C
07
0C
0C
0C
0C
0C
0C
0C
0C
0C
0C
0C
0C
0C
0C
0C
0C
0C
0C
01
07
0C
07
0C
0C
0C
01
0C
07
0C
01
01
0C
01
0C
01
01
01
01
01
01
01
01
01
01
01
01
01
01
01
01
01
01
01
01
01
01
01
01
0C
01
01
07
0C
01
01
01
01
01
01
01
01
01
01
01
01
01
01
01
01
01
01
01
01
01
01
01
0001
0088
00CD
0002
00B5
00000051
0002
0002
00000007
2A
2B
B50007
2A
B0
0000
0003
00B6
0000000A
0002
0000
021B
0005
021C
00B7
00000016
0002
0000
0007
00B8
00B9
0000
0000
0007
0088
005E
0001
00CE
0000000C
0001
0000
0007
0088
0089
0001
005F
00000002
010A
