0A
07
0A
09
09
09
09
09
09
09
0B
09
09
09
09
09
09
09
09
09
09
09
09
09
09
09
09
0A
07
0A
0A
0A
0A
07
0A
0A
07
0A
08
0A
08
0A
08
08
08
08
08
08
08
08
08
08
08
08
08
08
08
08
08
08
08
08
08
08
08
08
0A
08
0A
08
0A
07
01
01
07
01
01
01
01
08
01
01
01
01
01
01
01
08
01
01
01
08
01
01
01
01
01
01
08
01
01
01
08
01
01
01
08
01
01
01
08
01
01
01
08
01
01
01
08
01
01
01
08
01
01
01
08
01
01
01
01
08
01
01
08
01
01
01
01
08
01
01
08
01
01
01
08
01
01
01
08
01
01
01
01
08
01
01
01
08
01
01
01
08
01
01
01
08
01
01
01
01
08
01
01
08
01
01
01
01
01
01
01
01
01
01
01
01
01
01
01
01
01
03
01
01
01
01
01
01
01
01
01
01
01
01
01
01
01
01
01
01
01
01
01
01
01
01
01
01
01
01
01
01
01
01
01
01
01
01
01
01
01
01
01
01
01
01
01
01
01
01
01
01
01
01
01
01
01
01
01
01
01
01
01
01
01
01
01
01
01
01
01
01
01
01
01
01
01
01
01
01
01
01
01
01
01
01
01
01
01
01
01
01
01
01
01
01
01
01
01
01
01
01
01
01
01
01
01
01
01
01
01
01
01
01
01
01
01
01
01
01
01
01
01
01
01
01
01
01
01
01
01
01
01
01
01
01
07
01
01
01
01
01
01
01
01
01
01
01
01
01
01
01
01
01
01
01
0C
01
0C
0C
0C
0C
0C
0C
0C
07
0C
0C
0C
0C
0C
0C
0C
0C
0C
0C
0C
0C
0C
0C
0C
0C
0C
0C
01
07
0C
07
0C
0C
0C
01
0C
07
0C
01
01
0C
01
0C
01
01
01
01
01
01
01
01
01
01
01
01
01
01
01
01
01
01
01
01
01
01
01
01
0C
01
01
07
0C
01
01
01
01
01
01
01
01
01
01
01
01
01
01
01
01
01
01
01
01
01
01
01
0001
013C
00C8
0002
00B5
0000002F
0001
0001
00000005
2A
B4001A
B0
0000
0002
00B6
00000006
0001
0000
030D
00B7
0000000C
0001
0000
0005
00B8
00B9
0000
0053
00000019
0002
00BD
0000
00BE
0003
000300BF
73
013D
00C1
5A
00C2
0055
73
013E
