0A
07
0A
09
09
0A
09
0B
08
0B
08
0A
0B
09
0A
07
07
0A
0A
09
0A
0A
0A
0A
0A
0A
0A
08
08
0A
0A
0A
0A
0A
09
08
0A
0A
0A
0B
07
08
08
0A
08
08
08
0A
0A
0A
0B
0B
08
07
0A
08
07
0A
08
08
08
07
0A
09
08
08
0B
0A
0A
08
08
08
0A
08
08
08
07
0A
08
0A
08
07
07
01
01
01
01
01
01
01
01
01
01
01
01
01
01
01
01
01
01
01
01
01
01
01
01
01
01
01
01
01
01
01
01
01
01
01
01
01
01
01
01
01
01
01
01
01
01
01
01
01
01
01
01
01
01
01
01
07
07
07
07
07
01
07
01
01
01
01
01
01
01
01
01
01
01
01
01
01
01
01
07
01
01
01
0C
01
0C
0C
07
0C
0C
07
0C
01
07
0C
01
0C
0C
0C
01
01
07
0C
0C
0C
07
0C
07
0C
0C
0C
0C
0C
07
0C
01
01
0C
0C
0C
0C
0C
01
0C
0C
0C
01
01
01
0C
01
01
01
0C
07
0C
0C
0C
01
01
01
01
0C
01
01
0C
07
0C
01
01
0C
0C
07
0C
01
01
01
0C
01
01
01
01
01
0C
01
01
01
01
01
01
01
01
01
01
01
01
01
01
01
01
01
01
01
01
01
01
01
01
01
01
01
01
01
01
01
01
01
01
01
01
01
01
01
01
01
01
01
01
01
01
01
01
01
01
01
01
01
01
01
01
01
01
01
0001
0078
006D
0002
0067
00000055
0002
0002
0000000B
2A
B40005
2B
B9000D0200
B1
0000
0003
0068
0000000A
0002
0000
0075
000A
0076
0069
00000016
0002
0000
000B
006A
006B
0000
0000
000B
006C
0060
0001
006E
0000000C
0001
0000
000B
006C
006F
0001
0056
00000002
0070
