0A
07
0C
01
01
01
09
07
0C
01
01
01
09
0C
01
01
09
0C
01
01
0B
07
0C
01
01
01
12
0C
01
01
12
0C
01
01
12
0C
01
01
07
01
01
01
01
01
01
01
01
01
01
01
01
01
01
01
01
01
01
01
01
01
01
01
01
01
01
01
01
01
01
01
01
01
01
01
01
01
01
0F
0A
07
0C
01
01
01
08
01
0F
0F
0F
01
01
01
07
01
01
07
01
07
01
01
0001
000B
0045
0003
002F
0000002F
0001
0001
00000005
2A
B40007
B0
0000
0002
0030
00000006
0001
0000
0087
0031
0000000C
0001
0000
0005
0032
0033
0000
0029
00000006
0001
002A
0000
002B
00000008
0001
14
00
002A
0000
