0A
07
0A
0B
0A
0A
0A
0A
0A
07
0A
0B
07
0A
0B
0B
0B
07
0A
0B
0A
07
03
0A
0B
0A
0B
07
0A
0A
09
0A
0B
0A
07
0A
0A
0A
0B
0A
07
07
09
0A
0A
07
09
0A
0B
0B
0A
0A
0A
0A
0A
07
0A
0A
07
0B
0B
0B
0B
0B
0B
07
07
07
01
01
01
01
01
01
01
01
01
01
01
01
01
01
01
01
01
01
01
01
01
01
01
01
01
01
01
01
01
01
01
01
01
01
01
01
01
01
01
07
07
07
07
01
01
01
01
01
01
01
01
01
01
01
01
01
01
01
01
01
01
01
01
01
01
01
01
01
01
01
01
01
01
01
01
01
01
01
01
01
07
07
07
07
07
01
01
01
01
01
01
01
01
01
01
01
01
01
01
01
01
01
01
01
07
07
07
07
07
07
01
01
0C
01
0C
07
0C
0C
0C
0C
0C
0C
01
0C
0C
01
0C
07
0C
07
0C
0C
01
07
0C
0C
0C
01
0C
0C
0C
0C
01
0C
0C
07
0C
07
0C
07
0C
01
0C
0C
07
0C
07
0C
07
0C
01
01
07
0C
0C
0C
01
0C
0C
07
0C
0C
0C
0C
0C
07
01
0C
07
01
07
0C
07
0C
0C
0C
0C
0C
01
01
01
01
01
01
01
01
01
01
01
01
01
01
01
01
01
01
01
01
01
01
01
01
01
01
01
01
01
01
01
01
01
01
01
01
01
01
01
01
01
01
01
01
01
01
01
01
01
01
01
01
01
01
01
01
01
01
01
01
01
07
01
01
01
01
01
01
01
01
01
01
01
01
01
01
01
01
01
01
01
01
01
01
01
01
01
01
01
01
0001
0074
0075
0001
0047
0000005A
0004
0003
00000018
BB0002
59
2A
B60003
2B
B900040100
B70005
4D
2A
2C
B6001A
B0
0000
0002
0048
0000000A
0002
0000
0067
0012
0068
0049
00000020
0003
0000
0018
004A
004B
0000
0000
0018
0052
0053
0001
0012
0006
0057
0058
0002
