09
0A
07
07
0A
0A
09
08
09
0A
09
08
09
09
08
09
09
08
09
07
01
01
01
01
01
01
07
01
01
01
01
01
01
01
01
01
01
01
01
01
01
01
01
01
01
01
01
01
01
01
01
01
01
0C
07
0C
01
0C
0C
0C
0C
0C
0C
0C
0C
0C
0C
0C
01
07
01
01
01
01
01
01
01
01
0008
0031
0032
0001
0023
00000088
0005
0000
00000060
BB0004
59
1208
03
B20009
B7000A
B3000B
BB0004
59
120C
04
B2000D
B7000A
B3000E
BB0004
59
120F
05
B20010
B7000A
B30011
BB0004
59
1212
06
B20010
B7000A
B30013
07
BD0004
59
03
B2000B
53
59
04
B2000E
53
59
05
B20011
53
59
06
B20013
53
B30001
B1
0000
0001
0024
00000016
0005
0000
0024
0010
0029
0020
0030
0030
0037
0040
001F
