09
09
09
09
09
09
09
09
0A
07
0A
08
0A
0A
07
0A
03
0A
0A
09
07
0A
07
0A
09
07
0A
0A
0A
07
0A
07
08
0A
0B
07
0A
05
09
0A
07
0A
07
0A
0A
12
0A
0A
0A
09
0B
0A
0A
0A
08
07
0A
0A
07
07
0A
08
0A
0A
0A
07
08
07
0A
0B
07
0A
08
0A
08
08
0B
09
07
07
01
01
01
01
01
01
01
03
01
03
01
01
01
01
01
01
01
01
01
01
01
01
01
01
01
01
01
01
01
01
01
01
01
01
01
01
01
01
01
01
07
01
01
07
01
01
01
01
01
01
01
07
07
07
07
01
01
01
01
01
01
01
01
01
01
07
01
01
01
01
01
01
01
01
01
01
01
01
01
01
01
01
01
01
01
01
01
01
01
01
0C
0C
0C
0C
0C
0C
0C
0C
0C
01
01
07
0C
07
0C
01
0C
0C
0C
01
01
0C
0C
01
0C
07
0C
0C
01
0C
01
01
0C
07
0C
01
0C
07
0C
07
0C
01
01
07
0C
01
0F
10
0F
10
0C
0C
0C
07
0C
07
0C
0C
0C
0C
01
01
0C
0C
01
01
01
0C
0C
01
01
01
0C
0C
01
0C
01
07
0C
01
01
0C
0C
01
01
01
01
01
01
01
01
01
01
01
01
01
01
01
01
01
01
01
01
01
01
01
01
01
01
01
01
01
01
01
01
0A
01
0A
01
07
01
01
01
01
01
01
01
01
01
01
01
01
01
01
01
01
01
01
01
01
01
01
01
01
01
01
01
01
01
01
01
01
07
0C
0C
01
01
01
07
01
01
07
01
01
1008
00A2
00A3
0001
0071
0000002F
0001
0001
00000005
2A
B40004
B0
0000
0002
0072
00000006
0001
0000
0030
0073
0000000C
0001
0000
0005
009C
0075
0000
