0A
0A
09
09
09
0A
0B
0B
0B
07
0A
08
0A
0A
08
08
0A
0A
0A
07
07
01
01
01
01
01
01
01
01
01
01
01
01
01
01
01
01
01
01
01
01
01
01
01
01
01
01
01
01
01
01
01
01
01
01
01
01
01
01
01
01
01
01
07
0C
0C
0C
0C
0C
07
0C
07
0C
07
0C
0C
01
0C
01
0C
0C
01
01
0C
0C
0C
07
01
01
01
01
01
01
01
01
01
01
01
01
01
01
01
01
01
0004
002C
002D
0002
0020
00000053
0004
0002
0000000D
2B
03
32
2B
04
32
2B
05
32
B80006
B0
0000
0003
0021
00000006
0001
0000
0188
0022
00000016
0002
0000
000D
0023
0026
0000
0000
000D
002E
002F
0001
0029
0000000C
0001
0000
000D
0023
002A
0000
0018
00000002
0030
