0A
0A
07
07
0A
0A
0A
0A
09
0A
0A
0A
0A
0A
07
0A
0A
07
07
01
01
01
01
01
01
01
01
01
01
01
01
01
01
01
01
01
01
01
01
01
07
07
01
07
01
01
01
01
01
01
01
07
01
01
01
01
01
01
01
0C
01
01
0C
0C
0C
0C
0C
0C
0C
0C
0C
07
01
0C
0C
01
01
01
01
01
01
01
01
01
01
01
01
01
01
01
01
01
01
01
01
01
01
01
1041
001E
0030
0002
0016
00000048
0003
0003
0000000A
2A
2B
2C
C0000F
B60010
B1
0000
0002
0017
00000006
0001
0000
1071
0018
00000020
0003
0000
000A
0019
001D
0000
0000
000A
0031
0021
0001
0000
000A
0032
0033
0002
002B
00000004
0001
002C
