01
07
01
07
01
07
01
01
07
01
01
07
01
01
07
01
01
07
01
07
01
01
07
01
07
01
01
01
01
01
01
01
01
01
0C
0A
01
01
01
01
01
01
01
0C
0A
0C
09
01
01
01
01
01
01
01
07
01
07
01
08
01
07
01
01
0C
0A
01
01
0C
0B
01
01
01
01
0C
09
10
01
0C
0A
0F
10
01
07
01
01
0C
0A
0F
01
0C
12
01
07
01
01
0C
0A
01
01
01
01
0C
0A
01
01
0C
09
01
01
0C
0A
01
07
01
01
0C
0B
01
01
0C
0B
01
07
01
01
01
01
01
01
0A
01
01
0C
0A
01
07
01
01
01
01
01
01
0C
0A
01
07
01
0C
0A
01
01
0C
0A
01
07
01
0C
0A
01
01
0C
0A
0F
01
10
01
0C
12
0C
0A
01
01
0C
0A
0F
01
0C
12
01
01
01
01
01
01
01
01
0C
0A
01
01
0C
0A
01
01
0C
0A
01
01
0C
0A
0F
12
01
0C
0A
01
01
01
01
01
01
01
01
01
01
000A
007F
0080
0002
00CF
0000008E
0004
0002
00000024
2A
BB0009
59
2A
B70082
B80086
4C
2B
B900750100
04
A0000E
2B
03
B900790200
C00088
B0
01
B0
0000
0004
00D2
00000008
0001
FC
0022
07
0071
00D0
00000012
0004
0000
006E
000D
006F
0017
0070
0022
0072
00D1
00000016
0002
0000
0024
0030
0032
0000
000D
0017
0089
007E
0001
00D3
00000016
0002
0000
0024
0030
0031
0000
000D
0017
0089
008A
0001
00CE
00000002
0081
