0A
0A
0A
0A
0A
0A
0A
0A
07
0A
0A
0A
0A
07
0A
0A
0A
08
0A
07
0A
07
07
08
09
12
0A
0B
07
07
01
01
01
01
01
01
01
01
01
01
07
01
01
01
01
01
01
01
01
01
01
01
01
07
01
01
01
01
01
01
01
01
01
01
01
01
01
01
01
01
01
01
01
01
01
01
01
0C
0C
07
0C
0C
0C
0C
0C
07
0C
01
0C
0C
0C
0C
01
0C
0C
0C
01
0C
01
0C
01
01
01
07
0C
01
0F
08
0C
0C
07
0C
01
01
01
01
01
01
01
01
01
01
01
01
01
01
01
01
01
01
01
01
01
01
01
01
01
01
01
01
01
01
01
01
01
01
0A
01
01
01
01
01
01
01
07
0C
01
07
01
01
01
07
01
01
0004
0040
0041
0002
0021
00000055
0006
0004
0000000D
2A
2B
2C
2D
1100C8
1212
B60013
B0
0000
0002
0022
00000006
0001
0000
0062
0023
0000002A
0004
0000
000D
0024
0025
0000
0000
000D
0039
0030
0001
0000
000D
0042
003B
0002
0000
000D
0043
003B
0003
0028
00000004
0001
0036
