01
07
01
07
01
01
01
07
01
07
01
07
01
01
07
01
07
01
01
01
01
01
01
01
01
01
01
01
0C
09
0C
09
01
01
0C
0A
01
01
01
01
01
01
07
01
0C
09
01
01
01
07
01
01
0C
0A
0C
0A
0C
09
01
08
01
08
01
07
01
07
08
01
08
08
01
08
08
01
08
01
08
01
01
0C
0A
01
07
01
0C
0A
01
07
0A
01
07
01
01
01
01
01
01
01
01
01
100A
0021
0022
0001
005D
0000022F
0005
0001
00000147
1A
AA0000
00000023
00000000
00000004
00000023
00000023
00000023
00000023
00000028
123C
A70008
123E
A70003
1A
AA
00000021
00000000
00000004
00000021
00000021
00000021
00000021
00000025
05
A70007
06
A70003
BD0004
1A
AA000000
00000024
00000000
00000004
00000024
00000024
00000024
00000024
0000002C
59
03
1243
53
A7000B
59
03
1245
53
A70003
1A
AA0000
00000023
00000000
00000004
00000023
0000002B
00000033
0000003B
00000043
59
04
1246
53
A70023
59
04
1248
53
A7001B
59
04
1249
53
A70013
59
04
124B
53
A7000B
59
04
1243
53
A70003
1A
AA0000
00000023
00000000
00000004
00000023
00000023
00000023
00000023
00000026
A7000B
59
05
124D
53
A70003
B80051
1A
AA
00000021
00000000
00000004
00000021
00000021
00000021
00000021
0000002C
BB0053
5A
5F
B70056
A7000E
BB0058
5A
5F
B70059
A70003
BF
0000
0001
005E
000000D6
0015
24
04
44
07
0040
61
07
0040
43
07
0040
FF
0003
0001
01
0002
07
0040
01
FF
0027
0001
01
0002
07
0040
07
0042
FF
0007
0001
01
0002
07
0040
07
0042
FF
0007
0001
01
0002
07
0040
07
0042
FF
0023
0001
01
0002
07
0040
07
0042
FF
0007
0001
01
0002
07
0040
07
0042
FF
0007
0001
01
0002
07
0040
07
0042
FF
0007
0001
01
0002
07
0040
07
0042
FF
0007
0001
01
0002
07
0040
07
0042
FF
0007
0001
01
0002
07
0040
07
0042
FF
0023
0001
01
0002
07
0040
07
0042
FF
0002
0001
01
0002
07
0040
07
0042
FF
0007
0001
01
0002
07
0040
07
0042
FF
0024
0000
0001
07
0040
4A
07
0040
4A
07
005B
