0A
07
0A
09
07
07
0A
09
07
0A
07
0A
0A
07
0A
0A
0B
0B
0B
0A
0B
07
0A
0B
07
01
01
01
01
01
01
01
01
01
01
01
01
01
07
07
01
01
01
01
01
01
01
01
01
01
01
01
01
01
01
01
01
01
01
01
01
01
01
01
01
07
01
01
01
01
01
01
01
01
01
01
01
01
01
0C
01
0C
01
01
0C
0C
01
01
0C
0C
01
0C
07
0C
07
0C
07
0C
07
0C
07
0C
01
0C
0C
01
01
01
01
01
01
01
01
01
01
01
01
01
01
01
01
01
01
01
01
01
0001
0044
0045
0003
0020
000000AD
0003
0004
00000025
2A
B40004
2B
B60017
B900130200
4D
2C
B80014
4E
2D
2B
B900180200
B0
4D
BB0006
59
2C
B70007
BF
0001
0000
001A
001B
0016
0004
0021
00000016
0005
0000
003D
000E
003E
0013
003F
001B
0040
001C
0041
0022
00000034
0005
000E
000D
003C
003D
0002
0013
0008
003E
003F
0003
001C
0009
0023
0040
0002
0000
0025
0025
001B
0000
0000
0025
0046
0047
0001
0032
0000000C
0001
0000
0025
0046
0048
0001
0026
00000006
0001
5B
07
0042
0029
00000004
0001
0006
0034
00000002
0049
