0A
07
0A
09
07
07
0A
09
07
0A
07
0A
0A
07
0A
0A
0B
0B
0B
0A
0B
07
0A
0B
07
01
01
01
01
01
01
01
01
01
01
01
01
01
07
07
01
01
01
01
01
01
01
01
01
01
01
01
01
01
01
01
01
01
01
01
01
01
01
01
01
07
01
01
01
01
01
01
01
01
01
01
01
01
01
0C
01
0C
01
01
0C
0C
01
01
0C
0C
01
0C
07
0C
07
0C
07
0C
07
0C
07
0C
01
0C
0C
01
01
01
01
01
01
01
01
01
01
01
01
01
01
01
01
01
01
01
01
01
0009
002A
002B
0002
0020
0000003D
0002
0000
00000014
B20008
C7000D
BB0009
59
B7000A
B30008
B20008
B0
0000
0002
0021
0000000E
0003
0000
001E
0006
001F
0010
0021
0026
00000003
0001
10
0029
00000004
0001
0006
