09
0A
07
0B
0A
09
0B
0A
07
07
07
01
01
01
07
01
07
01
07
01
07
01
07
01
07
01
01
01
01
07
01
07
01
01
01
01
01
01
01
01
01
01
01
01
01
01
01
01
07
01
01
01
01
01
01
01
01
01
01
01
01
01
01
01
01
01
01
01
01
01
07
01
01
0C
0C
01
0C
0C
0C
0C
0C
01
01
07
01
01
01
01
01
01
01
01
07
01
01
07
01
01
01
01
01
07
01
01
01
01
01
01
01
01
01
0C
0A
01
07
01
01
0C
0A
0A
01
01
0C
0A
0A
0001
006E
006F
0002
0023
00000045
0004
0002
00000039
2A
2B
B70071
9A0005
03
AC
2A
2B
A60005
04
AC
2B
C70005
03
AC
2A
B60077
2B
B60077
A50005
03
AC
2A
B40001
2B
C00009
B40001
B60078
9A0005
03
AC
04
AC
0000
0000
003F
00000007
01
0001
003B
0000
