09
07
0C
01
01
01
09
0C
01
09
0C
01
01
09
0C
01
01
09
0C
01
09
0C
01
01
09
0C
01
09
0C
01
09
0C
01
09
0C
01
01
09
0C
01
09
0C
01
0A
07
0C
01
01
01
0A
07
0C
01
01
01
0A
0C
01
01
0A
0C
01
01
0A
0C
01
01
0A
0C
01
01
0A
0C
01
07
01
0A
0C
01
0A
0C
01
01
0A
0C
01
01
07
01
01
01
01
01
01
01
01
01
01
01
01
01
01
01
01
01
01
01
01
01
01
01
01
01
01
01
01
01
01
01
01
01
01
01
01
01
01
01
01
01
01
01
01
01
01
01
01
01
01
01
01
01
01
01
07
01
0091
0009
006B
0001
005F
00000051
0004
0003
0000000F
2A
2A
B40007
2B
2C
B8003C
B50007
2A
B0
0000
0002
0060
0000000A
0002
0000
022E
000D
022F
0061
00000020
0003
0000
000F
0062
0063
0000
0000
000F
0065
0018
0001
0000
000F
006C
006D
0002
