0A
09
09
0A
0A
09
09
09
09
09
07
0A
09
09
08
0B
07
0A
07
0A
0A
0B
0A
0A
0A
08
0A
0B
08
0A
0B
0A
0A
0A
0B
0A
08
07
08
0B
07
08
0B
08
0A
07
0B
0A
0B
0B
0B
07
0A
0A
0A
0A
08
0A
0B
08
0A
08
07
0B
0A
0A
0A
0B
07
0A
0A
07
0A
07
01
01
01
01
01
01
01
03
01
03
01
01
01
01
01
01
01
01
01
01
01
01
01
01
01
01
01
01
01
01
01
01
01
01
01
01
01
01
01
01
01
01
01
01
01
07
07
07
07
01
01
01
01
01
01
01
01
01
07
07
01
01
01
01
01
01
01
01
01
01
01
01
01
01
01
01
01
01
01
01
01
01
01
01
0C
0C
0C
0C
0C
0C
0C
0C
0C
0C
01
0C
0C
01
07
0C
01
0C
01
0C
07
0C
07
0C
0C
01
0C
07
0C
01
0C
0C
0C
0C
0C
07
0C
01
01
01
0C
01
01
0C
01
0C
01
0C
0C
07
0C
0C
01
0C
0C
0C
0C
01
07
0C
0C
01
0C
01
01
0C
07
0C
0C
0C
07
0C
01
0C
07
0C
01
07
0C
01
01
01
01
01
01
01
01
01
01
01
01
01
01
01
01
01
01
01
01
01
01
01
01
01
01
01
01
01
01
01
01
01
01
01
01
01
01
01
01
01
01
01
01
01
01
01
01
01
01
01
01
01
01
01
01
01
01
01
01
01
01
01
1008
0094
0095
0001
0066
0000002F
0001
0001
00000005
2A
B40002
B0
0000
0002
0067
00000006
0001
0000
0028
0068
0000000C
0001
0000
0005
0096
006A
0000
