0A
09
0A
0A
0A
07
07
0A
08
0A
0A
0A
0A
0A
0A
0A
07
07
01
01
01
01
01
01
01
01
01
01
01
01
01
01
01
01
01
01
01
01
01
01
01
01
01
01
01
01
01
01
01
01
01
01
01
01
01
01
01
01
01
01
01
0C
0C
0C
0C
07
0C
01
01
01
0C
0C
0C
0C
0C
07
0C
0C
07
01
01
01
01
01
01
01
01
01
01
01
01
01
01
01
01
01
0001
0023
0024
0002
0019
0000005C
0003
0002
00000008
2A
03
2B
B60003
04
AC
0000
0003
001A
0000000A
0002
0000
0090
0006
0091
001B
00000016
0002
0000
0008
001C
001F
0000
0000
0008
0025
0014
0001
0020
00000016
0002
0000
0008
001C
0021
0000
0000
0008
0025
0026
0001
0015
00000002
0027
