09
07
0C
01
01
01
0A
07
0C
01
01
01
08
01
09
0C
01
01
07
01
0A
0C
01
09
0C
01
01
07
01
0A
09
0C
01
01
08
01
09
0C
01
09
0C
01
09
0C
01
09
0C
01
09
0C
01
0A
0C
01
01
0A
0C
01
01
0A
07
0C
01
01
01
0A
0C
01
01
0A
0C
01
01
0A
07
0C
01
01
01
0A
0C
01
01
0B
07
0C
01
01
07
01
0A
0C
01
01
0B
0B
0C
01
01
09
0C
01
01
0A
07
0C
01
01
01
07
01
07
01
0A
0A
07
0C
01
01
01
01
01
01
01
01
01
01
01
01
01
01
01
01
01
01
01
01
01
01
01
01
01
01
01
01
01
01
01
01
01
01
01
01
01
01
01
07
01
01
01
01
01
01
07
01
01
01
01
01
01
01
01
01
01
01
01
01
01
01
01
01
01
01
01
01
07
01
01
01
01
0001
00A9
00AA
0002
007B
00000032
0001
0001
00000008
2A
B4001F
B8005B
B0
0000
0002
007C
00000006
0001
0000
0126
007D
0000000C
0001
0000
0008
007E
007F
0000
0079
00000002
00AB
