0A
07
0C
01
01
01
09
07
0C
01
01
01
09
0C
01
09
0C
01
09
0C
01
09
0C
01
09
0C
01
09
0C
01
09
0C
01
09
0C
01
09
0C
01
09
0C
01
09
0C
01
09
0C
01
09
0C
01
09
0C
01
09
0C
01
01
09
0C
01
09
0C
01
09
0C
01
09
0C
01
09
0C
01
09
0C
01
09
0C
01
09
0C
01
09
0C
01
09
0C
01
09
0C
01
09
0C
01
09
0C
01
09
0C
01
07
01
09
0C
01
01
0A
0C
01
0B
07
0C
01
01
01
0A
0C
01
01
0A
07
0C
01
01
01
0A
0C
01
0A
0C
01
0A
0C
01
01
08
01
0A
0C
01
01
0A
07
0C
01
01
0A
0C
01
01
08
01
08
01
08
01
12
0C
01
01
0A
0C
01
01
08
01
08
01
08
01
08
01
0B
07
0C
01
01
01
0B
0C
01
08
01
08
01
08
01
08
01
08
01
08
01
08
01
08
01
08
01
08
01
08
01
08
01
08
01
08
01
0A
0C
01
01
08
01
0A
07
0C
01
01
0B
0C
0B
0C
01
08
01
0A
0C
01
0B
0C
01
0B
0C
01
0B
0C
01
0B
0C
0B
0C
12
0C
01
0A
07
0C
01
01
01
07
01
0A
08
01
0A
0C
01
01
08
01
0A
0C
01
0B
0C
01
01
0B
07
0C
01
07
01
0A
0A
0C
0A
0C
01
0A
0C
07
01
0A
0C
01
01
0A
0C
01
0A
0C
07
01
01
01
01
01
01
01
01
01
01
01
01
01
01
01
01
01
01
01
01
01
01
01
01
01
01
01
01
01
01
01
01
01
01
01
01
01
01
01
01
01
01
01
01
01
01
01
01
01
01
01
01
01
01
01
01
01
01
01
01
01
07
01
01
01
01
07
01
01
01
01
01
01
01
01
01
01
01
01
01
01
01
01
01
01
01
01
01
01
01
01
01
01
07
01
01
01
01
01
01
01
01
01
01
01
01
01
07
01
01
0F
0A
07
0C
01
01
08
01
08
01
01
01
07
01
07
01
01
0001
0136
00B2
0001
012A
00000047
0002
0002
0000000B
2A
04
B5000D
2A
2B
B5003B
B1
0000
0002
012B
0000000E
0003
0000
0068
0005
006A
000A
006D
012C
00000016
0002
0000
000B
012D
012E
0000
0000
000B
0133
003A
0001
