0A
07
0C
01
01
01
09
07
0C
01
01
01
09
0C
01
09
0C
01
09
0C
01
09
0C
01
09
0C
01
01
09
0C
01
01
09
0C
01
01
09
0C
01
01
0A
0C
01
01
07
01
0A
07
0C
01
01
01
0B
07
0C
01
01
01
0B
0C
01
01
0B
0C
01
01
07
09
0C
01
01
0A
0C
01
01
07
01
07
07
01
09
0C
01
01
0A
0C
01
0B
07
0C
01
01
01
0A
0C
01
01
0A
07
0C
01
01
01
0A
0C
01
0A
0C
01
0A
0C
01
01
08
01
0A
0C
01
01
0A
07
0C
01
01
0A
0C
01
08
01
08
01
08
01
12
0C
01
01
0A
0C
01
01
08
01
08
01
08
01
08
01
0B
07
0C
01
01
01
0B
0C
01
08
01
0A
0C
01
0A
07
0C
01
01
08
01
0A
07
01
08
01
0A
08
01
0A
0A
0C
01
08
01
0A
07
0C
01
01
0B
0C
0B
0C
08
01
0A
0C
01
0B
0C
01
0B
0C
01
0B
0C
01
0B
0C
0B
0C
12
0C
01
0A
0C
01
01
07
01
0A
08
01
0A
0C
01
01
08
01
0A
0C
01
0B
0C
01
01
0B
07
0C
01
07
01
0A
0A
0A
0C
07
01
0A
0C
01
0A
0C
01
0A
0C
07
01
01
01
01
01
01
01
01
01
01
01
01
01
01
01
01
01
01
01
01
01
01
01
01
01
01
01
01
01
01
01
01
01
01
01
01
01
01
01
01
01
01
01
01
01
01
07
01
01
01
07
01
01
01
01
01
01
01
01
01
01
01
01
01
01
01
01
01
01
01
01
01
01
01
01
01
07
01
01
01
01
01
01
01
01
01
01
01
01
01
07
01
01
0F
0A
07
0C
01
01
08
01
08
01
01
01
07
01
07
01
01
000A
00C6
0089
0001
0103
0000004B
0002
0001
00000010
2A
1272
B600B4
990006
12B7
B0
B800B9
B0
0000
0003
0104
0000000E
0003
0000
01D9
0009
01DA
000C
01DC
0105
0000000C
0001
0000
0010
013B
001C
0000
0120
00000003
0001
0C
