0A
07
0C
01
01
01
09
07
0C
01
01
01
09
0C
01
09
0C
01
09
0C
01
09
0C
01
09
0C
01
01
09
0C
01
01
09
0C
01
01
09
0C
01
01
0A
0C
01
01
07
01
0A
07
0C
01
01
01
0B
07
0C
01
01
01
0B
0C
01
01
0B
0C
01
01
07
09
0C
01
01
0A
0C
01
01
07
01
07
07
01
09
0C
01
01
0A
0C
01
0B
07
0C
01
01
01
0A
0C
01
01
0A
07
0C
01
01
01
0A
0C
01
0A
0C
01
0A
0C
01
01
08
01
0A
0C
01
01
0A
07
0C
01
01
0A
0C
01
08
01
08
01
08
01
12
0C
01
01
0A
0C
01
01
08
01
08
01
08
01
08
01
0B
07
0C
01
01
01
0B
0C
01
08
01
0A
0C
01
0A
07
0C
01
01
08
01
0A
07
01
08
01
0A
08
01
0A
0A
0C
01
08
01
0A
07
0C
01
01
0B
0C
0B
0C
08
01
0A
0C
01
0B
0C
01
0B
0C
01
0B
0C
01
0B
0C
0B
0C
12
0C
01
0A
0C
01
01
07
01
0A
08
01
0A
0C
01
01
08
01
0A
0C
01
0B
0C
01
01
0B
07
0C
01
07
01
0A
0A
0A
0C
07
01
0A
0C
01
0A
0C
01
0A
0C
07
01
01
01
01
01
01
01
01
01
01
01
01
01
01
01
01
01
01
01
01
01
01
01
01
01
01
01
01
01
01
01
01
01
01
01
01
01
01
01
01
01
01
01
01
01
01
07
01
01
01
07
01
01
01
01
01
01
01
01
01
01
01
01
01
01
01
01
01
01
01
01
01
01
01
01
01
07
01
01
01
01
01
01
01
01
01
01
01
01
01
07
01
01
0F
0A
07
0C
01
01
08
01
08
01
01
01
07
01
07
01
01
0001
011A
002C
0001
0103
00000050
0002
0002
00000010
2A
2B
B60029
2A
04
B50013
2A
2B
B50025
B1
0000
0002
0104
00000012
0004
0000
00C9
0005
00CB
000A
00CD
000F
00CE
0105
00000016
0002
0000
0010
0106
0107
0000
0000
0010
010C
0028
0001
