0A
07
0C
01
01
01
09
07
0C
01
01
01
09
0C
01
01
07
01
0A
0A
07
0C
01
01
01
0A
07
0C
01
01
01
07
01
0A
0C
01
0A
07
0C
01
01
01
0A
07
0C
01
01
01
09
0C
01
01
08
01
0B
07
0C
01
01
01
09
07
0C
01
01
01
0B
07
0C
01
01
01
0B
07
0C
01
01
01
0B
07
0C
01
01
01
0B
07
0C
01
01
0B
0C
01
01
0B
07
0C
01
01
01
0B
0C
01
0A
07
0C
01
01
01
0A
0C
01
01
0A
0C
01
01
0A
07
0C
01
01
01
08
01
0A
07
0C
01
01
01
09
0C
01
08
01
09
0C
07
01
07
01
01
01
01
01
01
01
01
01
01
01
01
01
01
01
01
01
01
01
01
01
01
01
01
01
01
01
01
01
01
01
07
01
01
01
01
01
01
01
01
01
01
01
01
01
01
000A
00B0
00B1
0001
0092
00000037
0003
0001
0000000D
2A
2A
1040
B60067
04
60
B6006D
B0
0000
0002
0093
00000006
0001
0000
007E
0094
0000000C
0001
0000
000D
00B2
00B3
0000
