01
07
01
01
07
01
01
01
0C
0A
01
07
01
07
0C
0A
01
0C
0A
01
01
0C
09
01
07
01
07
0A
01
0C
0A
01
01
0C
09
01
01
01
01
01
01
01
01
01
01
01
01
08
01
07
01
01
0C
0A
0C
0A
01
07
01
01
0C
0B
01
0C
0A
01
01
01
01
01
01
0C
0A
0A
01
01
01
01
01
08
01
07
01
01
0C
0A
0F
01
0C
12
01
01
07
01
01
07
01
01
03
03
03
01
01
03
01
01
01
01
01
01
01
01
01
07
01
01
01
01
01
01
01
01
01
01
01
01
1041
0026
005B
0001
0076
00000032
0001
0001
00000008
2A
B60038
C0005D
B0
0000
0002
0077
00000006
0001
0000
0016
0078
0000000C
0001
0000
0008
0024
0025
0000
