01
07
01
07
01
01
07
01
01
07
01
07
01
01
07
01
01
07
01
07
01
01
01
01
01
01
0C
0A
0C
09
01
01
01
01
01
01
01
01
01
01
01
01
01
01
01
01
01
01
01
01
01
01
01
01
01
01
0C
0A
01
01
01
01
01
01
01
01
07
01
01
0C
0A
01
01
0C
09
0C
09
01
0C
09
01
0C
09
01
01
01
01
0C
09
01
07
01
01
0C
0A
0F
01
10
01
01
0C
0A
0F
01
10
01
01
0C
12
01
0C
0A
01
01
01
07
01
07
0C
0A
01
01
0C
0A
01
07
01
0C
0A
01
01
01
01
01
01
01
01
01
01
01
01
01
01
01
01
01
0004
0040
0041
0001
0086
00000073
0002
0003
0000001B
2C
B60047
990007
B2004B
B0
1B
2A
B4004D
A00007
B20050
B0
B20053
B0
0000
0003
0087
00000020
0003
0000
001B
001F
0020
0000
0000
001B
003B
0022
0001
0000
001B
0054
0055
0002
0089
00000016
0005
0000
0054
0007
0055
000B
0058
0013
0059
0017
005F
008D
00000004
0002
0B
0B
