07
0A
08
0A
07
0A
08
08
0A
0A
08
0A
0A
08
07
07
07
07
01
01
01
01
01
01
01
01
01
01
01
01
01
01
01
01
01
01
01
01
01
01
07
01
01
01
01
01
01
01
01
01
01
01
01
01
01
01
01
01
0C
01
0C
01
0C
01
01
0C
0C
01
0C
0C
01
01
01
01
01
01
01
01
01
01
01
01
01
01
01
01
01
01
0001
0024
0025
0001
0015
0000008A
0003
0002
00000013
2A
1207
1B
9B000A
1B
B8000A
A70004
01
B60006
B1
0000
0004
0016
0000000A
0002
0000
003A
0012
003B
0017
00000016
0002
0000
0013
0018
0019
0000
0000
0013
0026
0027
0001
001A
0000000C
0001
0000
0013
0018
001B
0000
0028
00000027
0002
FF
000E
0002
07
000F
01
0002
07
000F
07
0005
FF
0000
0002
07
000F
01
0003
07
000F
07
0005
07
0029
