0A
07
0A
07
0A
09
0A
0A
0A
0A
0A
0B
09
0A
07
0A
0A
0A
0A
0A
07
0A
07
07
07
07
07
01
01
01
05
01
01
01
01
01
01
01
01
01
01
01
01
01
01
01
01
01
01
01
01
01
01
01
01
01
01
01
01
01
01
01
01
01
01
01
01
01
01
01
01
01
01
01
01
01
01
01
01
01
01
01
01
01
01
01
01
01
01
01
01
01
01
01
01
01
01
01
01
01
01
01
01
01
01
01
01
01
01
01
01
01
01
01
01
01
01
01
01
01
01
01
01
01
01
01
01
01
01
01
01
01
01
01
01
0C
01
01
07
0C
07
0C
0C
0C
0C
0C
0C
07
0C
0C
01
0C
0C
0C
0C
0C
01
0C
01
07
01
01
01
01
01
01
01
07
01
01
01
01
01
01
01
01
01
01
01
01
1041
0073
0054
0001
0023
0000003D
0002
0002
00000009
2A
2B
C00015
B60016
AC
0000
0002
0024
00000006
0001
0000
0044
0025
00000016
0002
0000
0009
0026
0029
0000
0000
0009
007E
0055
0001
