0A
09
09
09
07
08
0A
08
09
0A
09
09
0A
09
09
09
09
04
0A
0B
0A
0A
0B
0A
0A
0B
0B
0A
0A
0A
0A
0A
0A
0A
0B
0A
0B
09
05
05
0A
0A
0A
0A
07
0A
05
0A
0A
0A
07
0A
07
0A
0A
07
0A
0A
0A
07
07
07
0A
0A
07
0A
07
0A
07
0A
0A
0A
0A
0A
0A
0A
0A
07
07
07
07
01
01
01
01
01
05
01
01
03
01
01
01
01
01
01
01
01
01
01
01
01
01
01
01
01
07
01
01
01
01
01
01
01
01
01
01
01
07
07
01
01
01
01
01
01
01
01
01
01
01
01
01
01
01
01
01
07
01
01
01
01
01
01
01
01
01
01
01
01
01
01
01
01
01
01
01
01
01
01
01
01
01
01
01
01
01
01
01
01
01
01
01
01
01
01
01
01
01
01
01
01
01
01
01
01
01
01
01
01
01
01
01
01
01
01
01
01
01
01
01
01
01
01
01
01
07
01
01
01
01
01
01
01
01
01
01
01
01
07
01
01
01
01
01
01
07
01
01
01
07
07
01
01
01
01
01
01
01
01
01
01
0C
0C
0C
0C
01
01
0C
01
0C
07
0C
0C
0C
0C
0C
0C
0C
0C
0C
07
0C
0C
0C
07
0C
0C
07
0C
0C
0C
0C
07
0C
0C
07
0C
0C
0C
0C
0C
0C
0C
0C
0C
0C
0C
01
0C
0C
07
0C
01
01
0C
0C
01
07
0C
0C
07
0C
01
01
01
07
07
07
0C
07
0C
0C
07
0C
0C
0C
0C
0C
01
01
01
01
07
01
01
01
01
01
01
01
01
01
01
01
01
01
01
01
01
01
01
01
01
01
01
01
01
01
01
01
01
01
01
01
01
01
01
01
01
01
01
01
01
01
01
01
1041
00C9
00F3
0001
0074
0000002F
0001
0001
00000005
2A
B6004F
B0
0000
0002
0075
00000006
0001
0000
0054
0076
0000000C
0001
0000
0005
0077
0078
0000
