0A
0B
07
0A
0B
0A
07
05
0A
0A
0A
0A
0A
0A
0A
0A
0A
0A
0A
0A
0A
0A
0A
0A
0A
0A
0A
0B
0B
0B
0B
0A
0A
0B
0A
0A
07
0A
09
07
07
01
01
01
01
01
01
01
01
01
01
01
01
01
01
01
01
01
01
01
01
01
01
01
01
01
01
01
01
01
01
01
01
01
01
01
01
01
01
01
01
07
01
01
01
01
01
07
07
07
01
01
01
01
01
01
01
01
01
01
01
01
01
01
01
01
01
01
01
01
01
01
01
01
07
07
07
01
01
01
01
01
01
01
01
01
01
01
01
01
01
01
01
01
01
01
01
01
01
01
01
01
01
01
01
01
01
01
01
01
01
01
01
01
01
01
01
01
0C
0C
01
0C
0C
0C
01
0C
0C
0C
0C
0C
0C
0C
0C
0C
0C
0C
0C
0C
0C
0C
0C
0C
0C
0C
0C
0C
0C
07
0C
07
0C
01
0C
01
01
01
01
01
01
01
01
01
01
01
01
01
01
01
01
01
01
01
01
01
01
01
01
01
01
01
01
01
01
01
01
01
01
01
01
01
01
01
01
01
01
0001
0033
0034
0003
002F
00000099
0005
0006
00000013
2B
B900020100
2C
2D
C00003
1904
1505
B80004
B1
0000
0003
0030
0000000A
0002
0000
001F
0012
0021
0031
0000003E
0006
0000
0013
0032
002C
0000
0000
0013
0035
0036
0001
0000
0013
0037
0036
0002
0000
0013
0038
0039
0003
0000
0013
003A
003B
0004
0000
0013
003C
003D
0005
003E
00000020
0003
0000
0013
0035
003F
0001
0000
0013
0037
0040
0002
0000
0013
003A
0041
0004
0042
00000015
05
0035
0000
0037
0000
0038
0000
003A
0000
003C
0000
0043
00000002
0044
