0A
07
0A
07
0A
09
0A
0A
0A
0A
0A
0B
09
0A
07
0A
0A
0A
0A
0A
07
0A
07
07
07
07
07
01
01
01
05
01
01
01
01
01
01
01
01
01
01
01
01
01
01
01
01
01
01
01
01
01
01
01
01
01
01
01
01
01
01
01
01
01
01
01
01
01
01
01
01
01
01
01
01
01
01
01
01
01
01
01
01
01
01
01
01
01
01
01
01
01
01
01
01
01
01
01
01
01
01
01
01
01
01
01
01
01
01
01
01
01
01
01
01
01
01
01
01
01
01
01
01
01
01
01
01
01
01
01
01
01
01
01
01
0C
01
01
07
0C
07
0C
0C
0C
0C
0C
0C
07
0C
0C
01
0C
0C
0C
0C
0C
01
0C
01
07
01
01
01
01
01
01
01
07
01
01
01
01
01
01
01
01
01
01
01
01
0001
0060
005E
0003
0023
0000003A
0002
0002
00000006
2A
1B
B6000A
B0
0000
0002
0024
00000006
0001
0000
006A
0025
00000016
0002
0000
0006
0026
0029
0000
0000
0006
0033
002D
0001
0058
00000000
0059
00000006
0001
005A
0000
