0A
0A
0A
09
09
0B
08
0A
07
07
0A
0A
07
0A
0A
07
0A
0A
07
07
07
01
01
01
01
01
01
01
01
01
01
01
01
01
01
01
01
01
01
01
01
01
01
01
01
01
01
01
01
01
01
01
01
07
07
01
01
01
01
01
01
01
07
0C
0C
0C
0C
0C
07
0C
01
07
0C
01
01
07
0C
07
0C
01
0C
07
0C
01
07
0C
01
01
01
01
01
01
01
01
01
01
01
01
01
01
01
01
01
01
01
01
01
01
01
01
01
01
0004
002B
002C
0002
0021
000000E9
0005
0004
00000031
2A
B40005
B900060100
1207
B80008
C00009
4D
A7000E
4E
2D
B8000B
2D
2B
B8000C
B1
2A
B40004
BB000D
59
2B
2C
B7000E
B6000F
B1
0001
0000
0012
0015
000A
0004
0022
00000022
0008
0000
0033
0012
0038
0015
0034
0016
0035
001A
0036
001F
0037
0020
0039
0030
003A
0023
00000034
0005
0012
0003
002D
002E
0002
0016
000A
002F
0030
0003
0000
0031
0024
0025
0000
0000
0031
0031
0032
0001
0020
0011
002D
002E
0002
0026
0000002A
0004
0012
0003
002D
0033
0002
0000
0031
0024
0027
0000
0000
0031
0031
0034
0001
0020
0011
002D
0033
0002
0035
0000000C
0002
55
07
0036
FC
000A
07
0037
001A
00000002
0038
