01
07
01
01
07
01
07
01
01
01
01
01
0C
09
01
0C
0A
01
01
01
01
01
01
01
01
01
01
03
01
01
01
01
01
01
01
01
01
07
01
01
0C
0A
01
01
0C
09
01
07
01
01
0C
0A
01
01
0C
09
01
07
01
0C
09
01
07
01
01
0C
0B
01
07
01
01
0C
0B
01
07
01
01
0C
09
01
07
01
08
01
0C
0A
01
01
01
01
01
07
01
01
0C
0A
0C
0A
01
01
01
01
0C
0A
01
01
01
03
03
03
01
03
01
03
01
01
01
01
01
01
01
01
07
01
01
0C
01
01
01
01
01
01
01
01
01
01
01
0011
0040
005D
0004
0080
0000005F
0004
0005
00000023
BB0002
59
2A
B4000E
2D
B70060
3A04
1904
2B
B50038
1904
2C
B5003D
1904
B2004F
B60062
B0
0000
0001
0081
0000002A
0004
0000
0023
0012
0013
0000
0000
0023
0063
0058
0001
0000
0023
0064
0036
0002
0000
0023
0065
0015
0003
007F
00000002
005E
0084
00000006
0001
0023
0000
0085
0000000F
03
0001
0024
0000
0000
0001
0023
0000
