0A
09
09
09
07
0A
0B
0A
0B
09
09
0A
0B
09
09
0A
0B
09
09
0A
0B
09
09
09
09
09
09
09
09
09
09
09
09
09
09
09
09
09
0A
07
0A
0A
09
09
09
09
0A
07
0A
0A
09
09
09
09
09
07
07
07
01
01
01
01
01
01
01
01
01
01
01
01
01
01
01
01
01
01
01
01
01
01
01
01
01
01
01
01
01
01
01
01
01
01
01
01
01
01
01
01
01
01
01
01
01
01
01
01
01
01
01
01
01
01
01
01
01
01
01
01
01
01
01
01
01
01
01
01
01
01
01
01
01
01
01
01
01
01
07
01
01
01
01
01
01
07
01
01
01
01
01
01
07
01
01
01
01
01
01
07
01
01
01
01
01
01
01
01
01
01
01
01
01
01
01
01
01
01
01
01
01
01
01
01
01
01
01
01
01
01
01
01
01
01
01
01
01
01
01
01
01
01
01
01
01
01
01
01
01
01
01
01
01
01
01
01
07
01
01
01
01
01
01
01
01
01
01
01
01
01
01
01
01
01
01
01
01
01
01
01
01
01
01
01
01
01
01
01
01
01
01
01
01
01
01
01
01
01
0C
0C
0C
0C
01
07
0C
0C
07
0C
0C
0C
07
0C
0C
0C
07
0C
0C
0C
0C
0C
0C
0C
0C
0C
0C
0C
0C
0C
0C
0C
0C
0C
0C
0C
0C
0C
01
0C
0C
0C
0C
0C
0C
01
0C
0C
0C
0C
0C
01
01
01
01
01
01
01
01
01
01
01
01
0001
0096
0086
0002
0078
000000A5
0003
0002
00000045
2A
B4000F
C60008
2A
B4000F
B0
2A
BB0005
59
B70006
B5000F
2A
B4000F
2A
B900070200
57
2A
B60010
4C
2B
C60018
2A
B4000F
2B
B900070200
57
2B
B900110100
4C
A7FFEA
2A
B4000F
B0
0000
0003
0079
00000022
0008
0000
00AB
0007
00AC
000C
00AF
0017
00B0
0027
00B1
002B
00B2
0036
00B3
0040
00B5
007A
00000016
0002
0000
0045
007B
007C
0000
0027
001E
0087
0053
0001
0088
0000000A
0003
0C
FC
001A
07
0097
18
0041
00000002
0098
