0A
07
07
0A
0A
0A
09
0A
07
0A
07
07
0A
09
0A
0A
0A
09
0B
07
0A
08
0A
08
0A
0A
08
0B
07
0A
08
0A
08
08
08
08
08
08
08
08
08
07
0A
0A
08
0A
0A
0B
08
08
0A
08
08
08
0A
08
08
08
08
08
08
08
08
08
0B
0A
08
0B
0A
08
0A
08
0A
08
0A
08
08
0A
0A
0A
0A
0A
0A
0A
09
08
0A
0A
07
07
01
01
01
01
01
01
01
01
01
01
01
01
01
01
01
01
01
01
01
01
01
01
01
01
01
07
01
01
01
01
01
01
01
01
01
01
01
01
01
01
01
01
01
01
01
01
01
01
01
01
01
01
01
01
01
01
01
01
01
01
01
01
01
01
01
01
01
01
01
01
01
01
01
01
01
01
01
01
01
01
01
01
01
01
01
01
01
01
01
01
01
01
01
01
01
01
01
01
01
01
01
01
01
01
01
01
01
01
01
01
01
01
01
01
01
01
01
01
01
01
01
01
01
01
01
01
01
01
01
01
01
01
01
01
01
01
01
07
0C
01
01
0C
0C
0C
0C
0C
01
01
01
0C
0C
0C
07
0C
0C
0C
07
0C
01
01
0C
01
0C
0C
01
0C
01
0C
01
07
0C
01
01
01
01
01
01
01
01
01
01
0C
0C
01
0C
0C
0C
01
01
0C
01
01
01
0C
01
01
01
01
01
01
01
01
01
07
0C
0C
01
0C
01
0C
01
0C
01
0C
01
01
0C
0C
0C
0C
0C
0C
0C
0C
01
0C
07
0C
01
01
01
01
01
01
01
01
01
01
01
01
01
01
01
01
01
01
01
01
01
01
01
01
01
01
01
01
01
01
01
0001
0078
0079
0001
0069
0000004D
0004
0002
00000011
2B
C6000F
2A
BB000C
59
2B
B7000D
B5000E
B1
0000
0002
006A
0000000E
0003
0000
006A
0004
006D
0010
006F
006B
00000016
0002
0000
0011
006C
005F
0000
0000
0011
0060
0061
0001
