0A
0A
0A
07
0A
09
09
0A
07
09
09
0A
08
0A
0A
08
0A
08
0A
0B
0A
07
07
07
07
0A
0A
07
07
0A
0A
0A
09
09
07
0A
08
0A
0A
07
07
07
01
01
01
01
01
01
01
01
01
01
01
01
01
01
01
01
01
01
01
01
01
01
01
01
01
01
01
01
01
01
01
01
01
01
01
01
01
01
01
01
01
01
01
01
01
01
01
01
01
0C
0C
0C
01
0C
07
0C
07
0C
01
0C
0C
07
0C
01
0C
0C
01
0C
01
0C
07
0C
0C
01
01
01
01
0C
0C
01
01
07
0C
0C
07
0C
07
0C
01
0C
01
0C
0C
01
01
01
01
01
01
01
01
01
01
01
01
01
01
01
01
01
01
01
01
01
01
01
01
01
01
01
01
01
01
01
01
01
01
01
01
01
0001
0037
0038
0001
0031
0000003F
0002
0002
0000000B
B20007
2B
B60008
C00009
B0
0000
0002
0032
00000006
0001
0000
001A
0033
00000016
0002
0000
000B
0034
0035
0000
0000
000B
002D
0036
0001
