01
07
01
07
01
01
01
01
01
08
01
07
01
01
0C
0A
01
0C
0A
01
0C
09
01
0C
09
01
01
01
0C
0A
01
01
01
01
01
01
01
01
01
01
01
01
01
01
01
0C
0A
01
01
08
01
07
01
01
0C
0A
0F
01
0C
12
01
01
01
07
0C
0A
01
01
01
01
01
01
0C
0A
01
01
01
01
01
01
07
01
01
0C
0B
01
01
0C
0B
01
07
01
01
0C
09
01
07
01
01
0C
0B
01
01
01
01
01
01
01
01
01
01
01
01
01
01
01
01
01
01
07
01
0C
09
01
01
0C
0A
01
07
01
01
0C
0A
01
01
01
01
07
01
01
07
01
0C
0A
01
01
0C
09
01
01
01
03
03
03
01
01
03
01
01
01
01
01
01
01
01
01
01
01
01
01
01
01
01
01
01
01
01
01
0001
0045
0046
0002
00A8
00000070
0002
0003
00000037
2A
2B
A60005
04
AC
2B
C10002
9A0005
03
AC
2B
C00002
4D
2A
B40016
2C
B40016
B8004A
9A0005
03
AC
2A
B40019
2C
B40019
B8004A
9A0005
03
AC
04
AC
0000
0002
00AC
0000000B
0004
07
08
FC
0014
07
0002
0F
00AA
00000016
0002
0000
0037
001A
001B
0000
0000
0037
004B
004C
0001
00AB
00000007
01
0001
0008
0000
