0A
09
09
09
0A
0A
09
0A
0A
0A
0A
0A
07
0A
0A
07
0A
0A
09
0A
09
0A
07
0A
0A
07
08
0A
09
07
0A
0A
12
07
0A
0A
07
0A
0A
0A
08
0A
08
08
08
0A
08
08
08
08
08
0A
07
07
07
07
01
01
01
05
01
01
01
01
01
01
01
01
01
01
01
01
01
01
01
01
01
01
01
01
01
01
01
01
01
01
01
01
01
01
01
01
01
01
01
01
01
01
01
01
01
01
01
01
01
01
01
01
01
01
01
01
01
01
01
01
01
01
01
01
01
01
01
07
0C
0C
0C
0C
0C
07
0C
0C
0C
0C
0C
01
0C
01
0C
0C
0C
01
01
01
0C
01
01
0F
08
0C
01
0C
0C
01
0C
0C
01
0C
01
01
01
0C
01
01
01
01
01
0C
01
01
01
01
01
01
01
01
01
01
01
01
01
01
0A
01
01
01
01
01
01
01
01
01
07
0C
01
07
01
01
07
01
01
0001
0054
0055
0001
0048
0000003E
0002
0002
00000006
2A
2B
B50004
B1
0000
0002
0049
0000000A
0002
0000
1264
0005
1265
004A
00000016
0002
0000
0006
004B
004E
0000
0000
0006
0044
0045
0001
