0A
0B
07
07
0A
0B
0B
07
0A
0B
0B
0B
07
0A
0A
0A
08
07
0A
08
0B
0A
0A
0A
0A
0A
0B
0A
08
0A
0A
0A
0A
08
08
0B
08
08
0B
0A
08
0A
0A
0A
0A
08
0B
08
08
07
0A
0A
0A
0A
0A
0B
0A
0A
0A
0A
0B
0A
0B
07
0A
07
08
0A
0A
0A
08
0A
08
07
0A
0A
0A
0A
0A
08
08
09
0A
0A
08
08
0A
08
0A
0A
0A
07
0A
08
08
0A
08
0A
08
08
0A
0A
08
08
08
08
08
0A
0A
0A
07
0A
08
0A
08
0A
0B
0A
0A
0A
08
0B
0A
0A
0A
07
0A
0A
0B
0A
0A
0B
0A
07
0A
0A
0A
07
0A
07
01
01
01
01
01
01
01
01
01
01
01
01
01
01
01
01
01
01
01
01
01
01
01
01
01
01
01
01
01
01
01
01
01
01
01
01
01
01
01
01
01
01
01
01
01
01
01
01
01
01
01
01
01
01
01
01
01
01
01
01
01
01
01
01
01
01
01
01
01
01
01
01
01
01
01
01
01
01
01
01
01
01
01
01
01
01
01
01
01
01
01
01
01
01
01
01
01
01
01
01
01
01
01
01
01
01
01
01
01
01
01
01
01
01
01
01
01
01
01
01
01
01
01
01
01
01
01
01
01
01
01
01
01
01
01
01
01
01
01
01
01
01
01
01
01
01
01
01
01
01
01
01
01
01
01
01
01
01
01
01
01
01
01
01
01
01
01
01
01
01
01
01
01
01
01
01
01
01
01
01
01
01
01
01
01
01
01
01
01
01
01
01
01
01
01
01
01
01
01
01
01
01
01
01
01
01
01
01
01
01
01
01
01
01
01
01
01
01
01
01
01
01
01
01
01
01
01
01
01
01
01
01
01
01
01
01
01
01
01
01
01
01
01
01
01
01
01
01
01
01
01
01
01
01
01
01
01
01
01
01
01
01
01
01
01
01
01
01
01
01
01
01
01
01
01
01
01
01
01
01
01
01
01
01
01
01
01
01
01
01
01
01
01
01
01
01
01
01
01
01
01
01
0C
07
0C
01
01
0C
0C
01
07
0C
0C
07
0C
0C
01
0C
0C
0C
01
01
07
0C
01
07
0C
0C
0C
0C
0C
0C
07
0C
01
0C
0C
07
0C
0C
01
01
01
01
07
0C
0C
01
0C
0C
0C
0C
01
07
0C
01
01
01
0C
0C
0C
0C
0C
0C
07
0C
0C
0C
0C
07
01
0C
01
01
0C
0C
0C
01
0C
01
01
0C
0C
0C
0C
01
01
0C
07
0C
0C
01
01
0C
01
07
0C
0C
07
0C
01
01
0C
01
01
0C
01
0C
01
01
07
0C
0C
01
01
01
01
01
0C
0C
07
0C
01
0C
01
0C
01
0C
0C
0C
0C
0C
01
0C
0C
0C
0C
01
0C
07
0C
0C
0C
0C
01
0C
07
0C
0C
01
01
01
01
01
01
01
01
01
01
01
01
01
01
01
01
01
01
01
01
01
01
01
01
01
01
01
01
01
01
01
01
01
01
01
01
01
01
01
01
01
01
01
01
01
01
01
01
01
01
01
01
01
01
01
01
01
01
01
01
01
01
01
01
01
01
01
01
01
01
01
01
01
01
01
01
01
01
01
01
01
01
01
01
01
01
0009
0115
010C
0002
0093
0000009C
0003
0003
00000028
2A
1211
03
BD0012
B80013
57
2A
B80037
990005
2B
B0
2A
B8003C
4D
2C
2C
B9003D0100
04
64
B900380200
B0
0000
0003
0094
00000016
0005
0000
01A4
000B
01A5
0012
01A6
0014
01A8
0019
01A9
0095
00000020
0003
0000
0028
00C1
00AA
0000
0000
0028
010D
009B
0001
0019
000F
0116
00A0
0002
00A1
00000020
0003
0000
0028
00C1
00B6
0000
0000
0028
010D
00C5
0001
0019
000F
0116
0117
0002
008F
00000002
010E
