0A
0B
07
07
0A
0B
0B
07
0A
0B
0B
0B
07
0A
0A
0A
08
07
0A
08
0B
0A
0A
0A
0A
0A
0B
0A
08
0A
0A
0A
0A
08
08
0B
08
08
0B
0A
08
0A
0A
0A
0A
08
0B
08
08
07
0A
0A
0A
0A
0A
0B
0A
0A
0A
0A
0B
0A
0B
07
0A
07
08
0A
0A
0A
08
0A
08
07
0A
0A
0A
0A
0A
08
08
09
0A
0A
08
08
0A
08
0A
0A
0A
07
0A
08
08
0A
08
0A
08
08
0A
0A
08
08
08
08
08
0A
0A
0A
07
0A
08
0A
08
0A
0B
0A
0A
0A
08
0B
0A
0A
0A
07
0A
0A
0B
0A
0A
0B
0A
07
0A
0A
0A
07
0A
07
01
01
01
01
01
01
01
01
01
01
01
01
01
01
01
01
01
01
01
01
01
01
01
01
01
01
01
01
01
01
01
01
01
01
01
01
01
01
01
01
01
01
01
01
01
01
01
01
01
01
01
01
01
01
01
01
01
01
01
01
01
01
01
01
01
01
01
01
01
01
01
01
01
01
01
01
01
01
01
01
01
01
01
01
01
01
01
01
01
01
01
01
01
01
01
01
01
01
01
01
01
01
01
01
01
01
01
01
01
01
01
01
01
01
01
01
01
01
01
01
01
01
01
01
01
01
01
01
01
01
01
01
01
01
01
01
01
01
01
01
01
01
01
01
01
01
01
01
01
01
01
01
01
01
01
01
01
01
01
01
01
01
01
01
01
01
01
01
01
01
01
01
01
01
01
01
01
01
01
01
01
01
01
01
01
01
01
01
01
01
01
01
01
01
01
01
01
01
01
01
01
01
01
01
01
01
01
01
01
01
01
01
01
01
01
01
01
01
01
01
01
01
01
01
01
01
01
01
01
01
01
01
01
01
01
01
01
01
01
01
01
01
01
01
01
01
01
01
01
01
01
01
01
01
01
01
01
01
01
01
01
01
01
01
01
01
01
01
01
01
01
01
01
01
01
01
01
01
01
01
01
01
01
01
01
01
01
01
01
01
01
01
01
01
01
01
01
01
01
01
01
01
0C
07
0C
01
01
0C
0C
01
07
0C
0C
07
0C
0C
01
0C
0C
0C
01
01
07
0C
01
07
0C
0C
0C
0C
0C
0C
07
0C
01
0C
0C
07
0C
0C
01
01
01
01
07
0C
0C
01
0C
0C
0C
0C
01
07
0C
01
01
01
0C
0C
0C
0C
0C
0C
07
0C
0C
0C
0C
07
01
0C
01
01
0C
0C
0C
01
0C
01
01
0C
0C
0C
0C
01
01
0C
07
0C
0C
01
01
0C
01
07
0C
0C
07
0C
01
01
0C
01
01
0C
01
0C
01
01
07
0C
0C
01
01
01
01
01
0C
0C
07
0C
01
0C
01
0C
01
0C
0C
0C
0C
0C
01
0C
0C
0C
0C
01
0C
07
0C
0C
0C
0C
01
0C
07
0C
0C
01
01
01
01
01
01
01
01
01
01
01
01
01
01
01
01
01
01
01
01
01
01
01
01
01
01
01
01
01
01
01
01
01
01
01
01
01
01
01
01
01
01
01
01
01
01
01
01
01
01
01
01
01
01
01
01
01
01
01
01
01
01
01
01
01
01
01
01
01
01
01
01
01
01
01
01
01
01
01
01
01
01
01
01
01
01
0009
0127
011E
0002
0093
00000057
0003
0002
00000007
2A
2B
01
B80045
B0
0000
0003
0094
00000006
0001
0000
01E4
0095
00000016
0002
0000
0007
011F
00AA
0000
0000
0007
0120
0121
0001
00A1
00000016
0002
0000
0007
011F
00AB
0000
0000
0007
0120
0122
0001
008F
00000002
0123
