12
12
12
12
12
12
12
0B
07
0B
0B
0B
0B
0B
0B
0B
07
07
07
01
01
07
01
07
01
07
01
07
01
07
01
07
01
01
01
01
01
01
01
01
01
01
01
01
01
01
01
01
01
01
01
01
01
01
01
01
01
01
01
01
01
01
01
01
01
01
01
01
01
01
01
01
01
01
01
01
01
01
01
01
01
01
07
01
01
01
01
07
01
01
01
01
01
01
01
01
01
01
01
01
01
01
01
01
01
01
0F
10
0F
0C
10
0F
0C
10
0F
0C
10
0F
0C
10
0F
0C
10
0F
0C
10
0F
0C
0C
01
0C
0C
0C
0C
0C
0C
0C
01
01
01
01
01
01
01
01
01
01
0A
01
0B
01
01
0B
01
0B
01
01
0B
01
0B
01
01
0B
01
0B
01
07
0C
0C
0C
0C
0C
0C
0C
0C
01
01
07
01
01
07
01
01
0009
003D
003E
0002
0024
00000043
0001
0001
00000007
2A
BA00050000
B0
0000
0003
0025
00000006
0001
0000
0032
0026
0000000C
0001
0000
0007
003F
0040
0000
0029
0000000C
0001
0000
0007
003F
0041
0000
002B
00000002
0042
