08
08
12
0A
0A
0A
0A
0A
09
0A
0A
0A
0A
07
07
01
01
01
01
01
01
01
01
01
01
01
01
01
01
01
07
01
01
01
01
01
01
01
01
01
01
01
01
01
01
01
01
01
01
01
01
01
01
01
01
0F
10
0F
10
0C
0C
0C
0C
0C
0C
07
0C
0C
0C
0C
0C
07
01
01
01
0A
01
0A
01
01
01
01
01
01
01
01
01
01
01
01
07
0C
07
0C
01
01
07
01
01
01
01
07
01
01
0001
0022
0023
0002
0012
00000039
0001
0002
00000005
2B
B80006
B0
0000
0002
0013
00000006
0001
0000
0298
0014
00000016
0002
0000
0005
0015
0018
0000
0000
0005
0024
0025
0001
001B
00000006
0001
0026
0000
