07
08
0A
0B
12
0B
12
0B
12
12
07
12
0A
0A
0B
07
0A
0A
0A
0A
12
0B
12
0B
0B
07
0B
0A
0A
0A
0A
07
01
01
01
01
01
07
01
01
01
01
01
01
01
01
01
01
01
01
01
01
01
01
01
01
01
01
01
01
01
01
01
01
01
01
01
01
01
01
01
01
01
01
01
01
01
01
01
01
01
01
01
01
01
01
01
01
01
01
01
01
01
01
01
01
01
01
01
01
01
01
0C
07
0C
01
0F
10
0F
0C
0C
10
0F
10
0C
0C
0F
0F
01
10
0F
10
0C
07
0C
07
0C
07
0C
01
0C
0C
0C
0C
10
0F
10
0C
0C
10
0F
10
0C
0C
0C
01
0C
0C
07
0C
07
0C
07
0C
01
07
01
01
01
01
01
01
0A
0B
01
01
01
01
01
0B
01
01
01
01
01
0B
0B
01
0B
01
01
01
01
01
01
07
01
01
01
01
01
01
01
01
01
0B
01
01
01
01
01
0B
01
01
01
01
01
01
01
01
01
01
01
01
01
01
07
0C
0C
0C
0C
0C
0C
01
0C
0C
01
01
07
01
01
07
01
01
100A
005B
005C
0001
0037
00000038
0002
0002
00000004
2A
1B
32
B0
0000
0002
0038
00000006
0001
0000
0027
0039
00000016
0002
0000
0004
003A
003B
0000
0000
0004
005D
005E
0001
