0A
0B
07
07
0A
0B
0B
07
0A
0B
0B
0B
07
0A
0A
0A
08
07
0A
08
0B
0A
0A
0A
0A
0A
0B
0A
08
0A
0A
0A
0A
08
08
0B
08
08
0B
0A
08
0A
0A
0A
0A
08
0B
08
08
07
0A
0A
0A
0A
0A
0B
0A
0A
0A
0A
0B
0A
0B
07
0A
07
08
0A
0A
0A
08
0A
08
07
0A
0A
0A
0A
0A
08
08
09
0A
0A
08
08
0A
08
0A
0A
0A
07
0A
08
08
0A
08
0A
08
08
0A
0A
08
08
08
08
08
0A
0A
0A
07
0A
08
0A
08
0A
0B
0A
0A
0A
08
0B
0A
0A
0A
07
0A
0A
0B
0A
0A
0B
0A
07
0A
0A
0A
07
0A
07
01
01
01
01
01
01
01
01
01
01
01
01
01
01
01
01
01
01
01
01
01
01
01
01
01
01
01
01
01
01
01
01
01
01
01
01
01
01
01
01
01
01
01
01
01
01
01
01
01
01
01
01
01
01
01
01
01
01
01
01
01
01
01
01
01
01
01
01
01
01
01
01
01
01
01
01
01
01
01
01
01
01
01
01
01
01
01
01
01
01
01
01
01
01
01
01
01
01
01
01
01
01
01
01
01
01
01
01
01
01
01
01
01
01
01
01
01
01
01
01
01
01
01
01
01
01
01
01
01
01
01
01
01
01
01
01
01
01
01
01
01
01
01
01
01
01
01
01
01
01
01
01
01
01
01
01
01
01
01
01
01
01
01
01
01
01
01
01
01
01
01
01
01
01
01
01
01
01
01
01
01
01
01
01
01
01
01
01
01
01
01
01
01
01
01
01
01
01
01
01
01
01
01
01
01
01
01
01
01
01
01
01
01
01
01
01
01
01
01
01
01
01
01
01
01
01
01
01
01
01
01
01
01
01
01
01
01
01
01
01
01
01
01
01
01
01
01
01
01
01
01
01
01
01
01
01
01
01
01
01
01
01
01
01
01
01
01
01
01
01
01
01
01
01
01
01
01
01
01
01
01
01
01
01
01
01
01
01
01
01
01
01
01
01
01
01
01
01
01
01
01
01
0C
07
0C
01
01
0C
0C
01
07
0C
0C
07
0C
0C
01
0C
0C
0C
01
01
07
0C
01
07
0C
0C
0C
0C
0C
0C
07
0C
01
0C
0C
07
0C
0C
01
01
01
01
07
0C
0C
01
0C
0C
0C
0C
01
07
0C
01
01
01
0C
0C
0C
0C
0C
0C
07
0C
0C
0C
0C
07
01
0C
01
01
0C
0C
0C
01
0C
01
01
0C
0C
0C
0C
01
01
0C
07
0C
0C
01
01
0C
01
07
0C
0C
07
0C
01
01
0C
01
01
0C
01
0C
01
01
07
0C
0C
01
01
01
01
01
0C
0C
07
0C
01
0C
01
0C
01
0C
0C
0C
0C
0C
01
0C
0C
0C
0C
01
0C
07
0C
0C
0C
0C
01
0C
07
0C
0C
01
01
01
01
01
01
01
01
01
01
01
01
01
01
01
01
01
01
01
01
01
01
01
01
01
01
01
01
01
01
01
01
01
01
01
01
01
01
01
01
01
01
01
01
01
01
01
01
01
01
01
01
01
01
01
01
01
01
01
01
01
01
01
01
01
01
01
01
01
01
01
01
01
01
01
01
01
01
01
01
01
01
01
01
01
01
0009
00F9
00FA
0002
0093
000000B7
0003
0004
00000039
2B
122E
03
BD0012
B80013
57
2A
1211
03
BD0012
B80013
57
2A
B9000A0100
4D
2C
B9000B0100
990014
2C
B9000C0100
4E
2B
2D
B9002F0200
A7FFE9
2A
B0
0000
0003
0094
00000016
0005
0000
0119
000B
011A
0016
011C
002D
011D
0037
0120
0095
0000002A
0004
002D
0007
00C0
009B
0003
001D
001A
00B2
00B3
0002
0000
0039
00C1
00AA
0000
0000
0039
00FB
00FC
0001
00A1
00000020
0003
002D
0007
00C0
00C5
0003
0000
0039
00C1
00AB
0000
0000
0039
00FB
00FD
0001
008F
00000002
00FE
