09
07
08
07
08
0A
09
09
0A
0A
0A
07
08
0A
0A
08
0A
0A
0B
0A
07
0A
08
0A
08
0A
0A
0A
07
01
01
01
01
05
01
01
01
01
01
01
01
01
01
01
01
01
01
01
01
01
01
01
01
01
01
01
01
01
01
01
01
07
01
01
01
01
07
01
01
01
01
01
07
01
01
0C
01
01
01
01
0C
0C
0C
0C
0C
07
0C
01
01
0C
0C
01
0C
0C
07
0C
07
0C
01
0C
01
01
0C
07
0C
0C
01
01
01
01
01
01
01
01
01
01
01
01
01
01
01
01
01
01
01
01
01
01
01
0001
0041
0039
0001
002C
0000006E
0002
0002
00000020
2A
B6000F
1217
B60011
4C
2B
C10002
990010
2B
C00002
B60018
1219
B6000B
AC
03
AC
0000
0003
002D
00000012
0004
0000
0061
000A
0062
0011
0063
001E
0065
002E
00000016
0002
0000
0020
002F
0030
0000
000A
0016
0042
0043
0001
0037
00000008
0001
FC
001E
07
0044
