01
07
01
07
01
01
07
01
07
01
01
07
01
01
07
01
01
07
01
01
07
01
01
01
05
01
01
01
01
01
01
0C
0A
0C
09
0C
09
01
01
0A
01
01
01
01
0C
09
01
0C
0A
01
07
01
01
0C
09
01
07
01
07
01
01
0C
09
01
01
0C
09
09
01
01
0C
09
09
01
0C
09
01
01
0C
09
01
0C
09
07
07
07
07
01
0C
09
01
07
01
01
0C
0A
09
01
0C
09
01
07
01
01
0C
0A
01
01
01
01
01
01
01
01
01
01
01
01
01
01
01
01
01
01
08
01
01
01
01
01
01
0A
01
01
0C
09
01
01
0C
0A
01
01
0C
0A
01
08
01
01
0C
0A
01
01
0C
0A
01
01
0C
09
01
01
0C
0A
01
0C
0A
01
01
01
01
01
01
01
0001
0083
0084
0001
00A8
0000005B
0005
0001
00000031
BB000C
59
B70085
B20089
B6008D
04
B60091
04
BD000F
59
03
1293
B80097
53
B6009B
04
BD0012
59
03
B2009F
53
B600A3
B600A6
B0
0000
0002
00A9
0000000C
0001
0000
0031
0027
0028
0000
00AA
00000006
0001
0000
007E
