08
08
08
08
08
07
07
07
07
07
07
07
07
07
09
09
09
09
09
09
09
09
09
09
09
09
09
0A
0A
0A
0A
0A
0A
0A
0A
0A
0A
0A
0A
0C
0C
0C
0C
0C
0C
0C
0C
0C
0C
0C
0C
0C
0C
0C
0C
0C
0C
0C
0C
0C
0C
0C
0C
0C
01
01
01
01
01
01
01
01
01
01
01
01
01
01
01
01
01
01
01
01
01
01
01
01
01
01
01
01
01
01
01
01
01
01
01
01
01
01
01
01
01
01
01
01
01
01
01
01
01
01
01
01
01
01
01
01
01
01
01
01
01
01
01
01
01
01
01
01
01
01
01
01
01
01
01
01
01
01
0011
007B
0046
0002
0059
0000002F
0001
0001
00000005
2A
B40018
B0
0000
0002
0062
00000006
0001
0000
000E
0069
0000000C
0001
0000
0005
008A
0067
0000
006C
00000006
0001
006A
0000
