0A
0B
07
07
0A
0B
0B
07
0A
0B
0B
0B
07
0A
0A
0A
08
07
0A
08
0B
0A
0A
0A
0A
0A
0B
0A
08
0A
0A
0A
0A
08
08
0B
08
08
0B
0A
08
0A
0A
0A
0A
08
0B
08
08
07
0A
0A
0A
0A
0A
0B
0A
0A
0A
0A
0B
0A
0B
07
0A
07
08
0A
0A
0A
08
0A
08
07
0A
0A
0A
0A
0A
08
08
09
0A
0A
08
08
0A
08
0A
0A
0A
07
0A
08
08
0A
08
0A
08
08
0A
0A
08
08
08
08
08
0A
0A
0A
07
0A
08
0A
08
0A
0B
0A
0A
0A
08
0B
0A
0A
0A
07
0A
0A
0B
0A
0A
0B
0A
07
0A
0A
0A
07
0A
07
01
01
01
01
01
01
01
01
01
01
01
01
01
01
01
01
01
01
01
01
01
01
01
01
01
01
01
01
01
01
01
01
01
01
01
01
01
01
01
01
01
01
01
01
01
01
01
01
01
01
01
01
01
01
01
01
01
01
01
01
01
01
01
01
01
01
01
01
01
01
01
01
01
01
01
01
01
01
01
01
01
01
01
01
01
01
01
01
01
01
01
01
01
01
01
01
01
01
01
01
01
01
01
01
01
01
01
01
01
01
01
01
01
01
01
01
01
01
01
01
01
01
01
01
01
01
01
01
01
01
01
01
01
01
01
01
01
01
01
01
01
01
01
01
01
01
01
01
01
01
01
01
01
01
01
01
01
01
01
01
01
01
01
01
01
01
01
01
01
01
01
01
01
01
01
01
01
01
01
01
01
01
01
01
01
01
01
01
01
01
01
01
01
01
01
01
01
01
01
01
01
01
01
01
01
01
01
01
01
01
01
01
01
01
01
01
01
01
01
01
01
01
01
01
01
01
01
01
01
01
01
01
01
01
01
01
01
01
01
01
01
01
01
01
01
01
01
01
01
01
01
01
01
01
01
01
01
01
01
01
01
01
01
01
01
01
01
01
01
01
01
01
01
01
01
01
01
01
01
01
01
01
01
01
01
01
01
01
01
01
01
01
01
01
01
01
01
01
01
01
01
01
0C
07
0C
01
01
0C
0C
01
07
0C
0C
07
0C
0C
01
0C
0C
0C
01
01
07
0C
01
07
0C
0C
0C
0C
0C
0C
07
0C
01
0C
0C
07
0C
0C
01
01
01
01
07
0C
0C
01
0C
0C
0C
0C
01
07
0C
01
01
01
0C
0C
0C
0C
0C
0C
07
0C
0C
0C
0C
07
01
0C
01
01
0C
0C
0C
01
0C
01
01
0C
0C
0C
0C
01
01
0C
07
0C
0C
01
01
0C
01
07
0C
0C
07
0C
01
01
0C
01
01
0C
01
0C
01
01
07
0C
0C
01
01
01
01
01
0C
0C
07
0C
01
0C
01
0C
01
0C
0C
0C
0C
0C
01
0C
0C
0C
0C
01
0C
07
0C
0C
0C
0C
01
0C
07
0C
0C
01
01
01
01
01
01
01
01
01
01
01
01
01
01
01
01
01
01
01
01
01
01
01
01
01
01
01
01
01
01
01
01
01
01
01
01
01
01
01
01
01
01
01
01
01
01
01
01
01
01
01
01
01
01
01
01
01
01
01
01
01
01
01
01
01
01
01
01
01
01
01
01
01
01
01
01
01
01
01
01
01
01
01
01
01
01
0009
0184
0185
0002
0093
000000EE
0006
0005
0000005E
2A
B8003C
4D
2C
B9003D0100
1B
70
9A0007
04
A70004
03
1271
05
BD0012
59
03
2C
53
59
04
1B
B8001C
53
B8002A
BB0004
59
2C
B9003D0100
B7004F
4E
03
3604
1504
2C
B9003D0100
A2001A
2D
1504
1B
2C
B80072
B900070200
57
1504
1B
60
3604
A7FFE1
2D
B0
0000
0003
0094
0000001E
0007
0000
0357
0005
0358
0029
0359
0037
035A
0045
035B
0053
035A
005C
035D
0095
00000034
0005
003A
0022
00DC
00DA
0004
0000
005E
00CF
00AA
0000
0000
005E
0186
00DA
0001
0005
0059
0187
00A0
0002
0037
0027
00B5
00A0
0003
00A1
00000020
0003
0000
005E
00CF
00AB
0000
0005
0059
0187
00B8
0002
0037
0027
00B5
0188
0003
008F
00000002
0189
