0A
07
07
0A
0A
0A
0A
09
0B
0B
0B
0B
0A
0A
09
0A
0A
0A
0A
0A
0A
0A
0B
0A
0B
0B
0A
0B
0B
0A
0B
0B
0A
07
08
0A
08
0A
0B
09
0A
08
08
0A
07
0A
08
0A
08
0A
0A
0A
08
0B
07
08
0A
0B
09
0A
0A
0A
0A
0A
0A
0A
07
01
01
01
01
01
01
01
01
01
01
01
01
01
01
01
01
01
01
01
01
01
01
01
01
01
01
01
01
01
07
07
01
01
01
01
01
01
01
01
01
01
01
01
01
01
01
07
01
01
01
07
01
01
01
01
01
01
01
01
07
07
07
01
01
01
01
01
01
01
01
01
01
01
01
01
01
01
01
01
01
01
01
01
01
01
01
01
01
01
01
01
01
01
01
01
0C
01
01
0C
0C
0C
07
0C
0C
07
0C
0C
0C
0C
0C
0C
0C
0C
0C
0C
07
0C
07
0C
07
0C
07
0C
0C
0C
0C
0C
07
0C
0C
01
01
0C
01
07
0C
0C
0C
01
01
0C
01
0C
01
0C
01
07
0C
07
0C
0C
01
07
0C
01
01
0C
07
0C
07
0C
0C
0C
07
0C
07
0C
07
0C
07
0C
0C
01
01
01
01
01
01
01
01
01
01
01
01
01
01
01
01
01
01
01
01
01
01
01
01
01
01
01
01
01
01
01
01
01
01
01
01
01
01
01
01
01
01
01
01
01
01
01
01
01
01
01
01
01
01
01
01
01
01
01
01
01
01
01
01
01
01
01
01
01
01
01
01
01
01
0001
0086
0095
0003
004C
00000061
0003
0003
00000007
2B
2A
2C
B60041
B0
0000
0003
004D
00000006
0001
0000
00BA
004E
00000020
0003
0000
0007
004F
0050
0000
0000
0007
0088
0096
0001
0000
0007
008C
008D
0002
007D
00000016
0002
0000
0007
0088
0097
0001
0000
0007
008C
008F
0002
0055
00000009
02
0088
0000
008C
0000
0046
00000002
0098
