09
07
0C
01
01
01
09
0C
01
01
0A
07
0C
01
01
01
09
0C
01
01
0A
0C
01
0A
07
01
0A
0A
07
0C
01
01
01
0A
07
0C
01
01
01
0A
0C
01
01
0A
07
0C
01
01
01
0A
0C
01
07
01
0A
0C
01
01
07
01
0A
0C
01
09
07
0C
01
01
01
09
0C
01
01
07
01
0A
07
0C
01
01
01
0A
0C
01
01
09
0C
01
01
0A
0C
01
0A
0C
01
01
0A
09
0C
01
0A
0C
01
01
0A
07
0C
01
01
0A
09
0C
01
01
0B
07
0C
01
01
01
0B
0C
01
0B
0C
01
0B
0C
01
0B
0C
01
0B
0C
01
0A
0C
01
01
0A
0C
01
0A
0C
01
0A
0C
0A
0C
01
0A
0C
01
0A
0C
01
09
0C
01
01
0A
0C
01
0A
0C
01
01
0A
0A
0C
01
0A
0C
01
01
0A
0C
0A
0C
01
01
07
01
0A
07
01
01
01
01
05
01
01
01
01
01
01
01
01
01
01
01
01
01
01
01
01
01
01
01
01
01
01
01
01
01
01
01
01
07
01
07
01
01
01
01
01
01
01
01
01
01
01
01
01
01
01
01
01
01
01
01
01
01
01
01
01
01
01
01
01
01
01
01
01
01
01
01
01
01
01
01
01
01
01
01
01
01
01
01
01
01
01
01
01
07
01
01
07
01
07
01
01
01
07
01
01
01
07
01
01
07
01
07
01
07
01
07
01
0001
00B4
00B5
0001
00C2
0000002E
0001
0001
00000004
B2009D
B0
0000
0002
00C3
00000006
0001
0000
01B8
00C4
0000000C
0001
0000
0004
00C5
00A0
0000
