09
07
0C
01
01
01
09
0C
01
01
0A
07
0C
01
01
01
09
0C
01
01
0A
0C
01
0A
07
01
0A
0A
07
0C
01
01
01
0A
07
0C
01
01
01
0A
0C
01
01
0A
07
0C
01
01
01
0A
0C
01
07
01
0A
0C
01
01
07
01
0A
0C
01
09
07
0C
01
01
01
09
0C
01
01
07
01
0A
07
0C
01
01
01
0A
0C
01
01
09
0C
01
01
0A
0C
01
0A
0C
01
01
0A
09
0C
01
0A
0C
01
01
0A
07
0C
01
01
0A
09
0C
01
01
0B
07
0C
01
01
01
0B
0C
01
0B
0C
01
0B
0C
01
0B
0C
01
0B
0C
01
0A
0C
01
01
0A
0C
01
0A
0C
01
0A
0C
0A
0C
01
0A
0C
01
0A
0C
01
09
0C
01
01
0A
0C
01
0A
0C
01
01
0A
0A
0C
01
0A
0C
01
01
0A
0C
0A
0C
01
01
07
01
0A
07
01
01
01
01
05
01
01
01
01
01
01
01
01
01
01
01
01
01
01
01
01
01
01
01
01
01
01
01
01
01
01
01
01
07
01
07
01
01
01
01
01
01
01
01
01
01
01
01
01
01
01
01
01
01
01
01
01
01
01
01
01
01
01
01
01
01
01
01
01
01
01
01
01
01
01
01
01
01
01
01
01
01
01
01
01
01
01
01
01
07
01
01
07
01
07
01
01
01
07
01
01
01
07
01
01
07
01
07
01
07
01
07
01
0004
00CB
00CC
0001
00C2
0000003C
0002
0002
00000008
BB0002
59
B70018
B0
0000
0002
00C3
00000006
0001
0000
002D
00C4
00000016
0002
0000
0008
00C5
00A0
0000
0000
0008
00CD
00CE
0001
