07
01
07
01
01
01
01
08
01
01
08
01
01
01
08
01
01
08
01
01
08
01
01
01
01
01
0A
0C
01
01
01
01
01
09
0C
01
01
01
01
01
01
01
01
01
01
01
01
01
01
09
0C
01
01
01
01
01
09
0C
01
01
01
09
0C
01
01
01
09
0C
01
01
01
01
01
0A
0C
01
01
0A
07
01
0C
01
01
01
01
01
01
01
0A
0C
01
01
01
07
01
0A
08
01
0A
0C
01
01
08
01
0A
0C
01
01
08
01
08
01
08
01
08
01
08
01
08
01
0A
0C
01
01
08
01
0A
08
01
0A
07
01
0C
01
01
01
01
01
01
01
01
01
01
07
01
07
01
01
0001
0037
0038
0002
0026
00000016
0002
002B
0001
00010029
73
000C
002C
0001
00010029
65
002D
002E
001A
0000003E
0002
0002
00000006
2A
2B
B50032
B1
0000
0002
001D
0000000A
0002
0000
006E
0005
006F
001E
00000016
0002
0000
0006
001F
0020
0000
0000
0006
000C
000D
0001
