01
07
01
07
01
01
01
01
01
08
01
07
01
01
0C
0A
01
08
01
08
01
0C
0A
01
0C
09
0C
09
0C
09
01
01
01
01
01
01
01
01
01
01
01
01
01
01
01
0C
0A
01
01
0C
0A
01
01
01
08
01
07
01
01
0C
0A
0F
01
0C
12
01
01
0C
0A
01
01
01
01
01
01
01
0C
0A
01
01
01
01
01
01
01
0C
09
01
07
01
07
01
01
0C
0B
01
01
01
01
01
01
01
01
01
01
01
01
01
01
01
01
01
01
07
01
01
0C
09
01
01
0C
0A
01
07
01
01
0C
0A
01
01
01
01
01
01
01
07
01
0C
0A
01
01
0C
09
01
07
01
07
01
07
01
0C
09
01
0C
0A
01
07
01
0C
09
01
07
01
0C
09
01
01
01
01
01
01
01
01
03
03
03
01
01
03
01
01
01
01
01
01
01
01
01
01
07
01
07
01
01
07
01
01
01
07
01
01
01
01
01
01
01
01
01
01
01
01
01
01
0011
0028
0022
0003
00CC
00000023
0001
0001
00000005
2A
B4001A
B0
0000
0001
00CE
0000000C
0001
0000
0005
001F
0020
0000
00CB
00000002
0023
00CA
00000006
0001
0008
0000
