0A
07
0C
01
01
01
0B
07
0C
01
01
01
0B
07
0C
01
01
01
0B
0C
01
01
07
01
08
01
0A
0C
01
01
0A
0C
01
01
0A
07
0C
01
01
01
07
01
0B
07
0C
01
01
01
07
01
0B
0C
01
01
07
01
0A
0A
07
0C
01
01
01
0A
09
07
0C
01
01
01
09
0C
01
08
01
09
0C
01
01
0A
07
0C
01
01
01
08
01
09
0C
01
0A
0C
01
01
07
01
0A
07
01
07
01
07
01
08
01
0A
0C
01
0B
0C
01
0A
0C
01
0A
0C
01
08
01
0A
0C
01
01
08
01
07
01
07
01
07
01
0A
07
0C
01
01
01
0A
0C
01
0A
07
0C
01
01
01
0A
0C
01
01
0A
07
0C
01
01
01
09
0C
01
01
08
01
08
01
07
01
01
01
01
01
01
01
01
01
01
01
01
01
01
01
01
01
01
01
07
01
01
01
01
01
01
01
01
01
01
01
01
01
01
01
01
01
01
01
01
01
01
01
01
07
01
01
01
01
01
01
01
07
01
01
0008
00CE
003F
0001
00A9
0000003A
0004
0000
0000001A
04
BD003B
59
03
1242
53
B80097
B3009D
12A1
B3004C
12A3
B30058
B1
0000
0001
00AA
0000000E
0003
0000
0016
000F
0019
0014
001A
