07
0A
0B
0A
07
0B
07
0A
07
0A
07
0A
07
0A
07
0A
07
0A
07
0A
0A
07
0A
07
0A
07
0A
07
0A
07
0A
07
0A
07
0A
07
0A
07
0A
07
0A
07
0A
07
0A
0B
0B
07
07
0A
07
0A
07
0A
07
0A
07
0A
07
0A
07
0A
07
0A
07
0A
07
0A
07
0A
07
0A
07
0A
07
0A
07
0A
07
0A
0A
07
0A
07
0A
07
0A
07
0A
07
0A
07
0A
0B
0B
07
07
07
01
01
01
01
01
01
07
01
01
01
01
01
01
01
01
01
01
01
01
01
01
01
01
01
01
01
01
01
01
01
01
01
01
01
01
01
01
01
01
01
01
01
01
01
01
01
01
01
01
01
01
01
01
01
01
01
01
01
01
01
01
01
01
01
01
01
01
01
01
01
01
01
01
01
01
01
01
01
01
01
01
01
01
01
01
01
0C
07
0C
0C
01
0C
01
0C
01
0C
01
0C
01
01
0C
01
0C
01
0C
01
0C
01
0C
01
0C
01
0C
01
0C
01
0C
01
0C
01
01
0C
01
0C
01
0C
01
0C
07
0C
07
0C
01
01
0C
01
0C
01
0C
01
0C
01
0C
01
0C
01
0C
01
0C
01
01
0C
01
01
0C
01
0C
01
0C
01
0C
01
0C
0C
01
01
0C
01
0C
01
0C
01
0C
01
0C
0C
07
0C
01
01
01
01
01
01
01
01
01
01
01
01
01
01
01
01
01
01
01
01
01
01
01
01
01
01
01
01
01
01
01
01
01
01
01
01
01
01
01
01
01
01
01
01
01
01
01
01
01
01
01
01
01
01
01
0001
00A0
00A1
0002
0065
00000020
0003
0002
00000014
2B
B80004
2B
05
B900060300
BB0047
59
2B
B70048
B0
0000
0000
0068
00000004
0001
0069
