0A
07
0A
0A
0A
0A
0A
09
09
09
08
0A
07
0A
0B
0A
08
0A
08
07
0A
09
09
0A
0A
09
07
0A
07
0A
07
07
01
01
01
01
01
01
01
01
01
01
01
01
01
01
01
01
01
01
01
01
01
01
07
07
07
07
07
01
07
01
01
01
01
01
01
01
0C
01
0C
0C
0C
0C
07
0C
0C
0C
01
0C
01
0C
0C
0C
01
0C
01
01
0C
0C
0C
0C
0C
0C
01
01
0C
01
01
01
01
01
01
01
01
01
01
01
01
01
01
01
01
01
01
01
01
01
01
01
01
01
01
01
01
1041
0029
0040
0002
0025
00000033
0002
0002
00000009
2A
2B
C0001D
B6001E
B0
0000
0002
0026
00000006
0001
0000
001D
0027
0000000C
0001
0000
0009
0028
0022
0000
003C
00000004
0001
003D
