0A
0A
08
0A
0A
08
0A
08
0A
08
08
0A
07
0A
08
0A
0A
08
07
08
08
08
08
08
08
08
08
08
08
07
0A
07
0A
07
07
07
07
07
07
07
07
07
12
0A
12
0A
08
08
0A
07
0A
08
08
08
0A
0A
0A
0A
07
07
0A
08
0A
0A
08
0A
0A
0A
12
0B
0A
0A
0A
08
0A
08
0A
0A
08
0A
0A
08
0A
08
0A
08
0A
08
0A
07
07
08
07
0A
0A
0B
07
0A
07
07
01
01
01
01
01
01
01
01
01
01
01
01
01
01
01
01
01
01
01
01
01
01
01
01
01
01
01
01
01
01
01
01
01
01
01
07
07
07
01
01
01
01
01
01
01
01
01
01
01
01
01
01
01
01
01
01
01
01
01
01
01
01
01
01
01
01
01
01
01
01
01
01
01
01
01
01
01
01
01
01
01
01
01
01
01
01
01
01
01
01
01
01
01
01
01
01
01
01
01
01
01
01
01
01
01
01
01
01
01
01
01
01
01
01
01
01
01
01
01
01
01
01
01
01
01
01
01
01
01
01
01
01
01
01
01
01
01
01
07
01
01
01
01
07
01
01
01
01
01
01
01
01
01
01
01
01
01
01
01
01
01
01
01
01
01
01
01
01
01
01
01
0C
0C
0C
0C
0C
01
0C
0C
01
0C
0C
0C
01
01
0C
01
0C
01
01
01
01
01
01
01
01
01
01
0F
10
0F
03
03
0C
0C
0F
01
01
0C
01
0C
01
01
01
0C
0C
0C
0C
01
01
01
0C
0C
01
0C
0C
0C
0F
10
0F
10
0C
07
0C
0C
07
0C
07
0C
0C
0C
01
07
0C
01
0C
01
0C
01
0C
0C
01
01
01
07
0C
0C
0C
01
01
01
01
01
01
01
01
01
01
01
01
01
01
01
01
01
01
01
01
01
01
0A
0A
01
01
01
0A
01
01
01
01
01
01
01
01
01
01
01
01
01
01
01
0A
01
0A
01
01
01
01
01
01
01
01
01
01
01
01
01
01
01
01
01
01
01
01
01
01
01
01
07
0C
0C
0C
0C
0C
01
01
07
01
01
01
01
07
01
01
1002
0102
00FF
0001
0074
0000006B
0005
0003
00000013
2B
BB0061
59
2A
2C
B6005E
B70062
B900600200
B1
0000
0003
0075
0000000E
0003
0000
050D
0007
050F
000D
050D
0076
00000020
0003
0000
0013
0077
0078
0000
0000
0013
00C3
00C4
0001
0000
0013
0100
0101
0002
0079
0000000C
0001
0000
0013
0077
007A
0000
