09
09
0A
09
09
09
07
0A
0A
09
07
0A
09
09
09
0A
0A
07
0A
0A
0A
07
0A
08
0A
0A
08
0A
08
08
0A
08
07
08
0A
08
0A
08
08
07
0A
0B
08
0B
07
0A
09
08
07
08
0A
08
07
0A
09
07
0A
08
0B
0B
09
08
07
09
07
0A
07
0A
08
08
07
0A
09
07
08
0A
0A
0A
0A
0A
0A
07
07
0A
0A
08
0A
08
08
07
0A
0B
05
0A
07
07
08
0A
0A
0B
08
0A
0A
08
08
07
08
0A
08
07
08
0A
0A
0A
0A
07
0A
0A
08
08
08
08
08
07
08
08
0A
07
07
07
07
01
01
01
01
01
01
01
01
01
01
01
01
01
01
01
01
01
01
01
01
01
01
01
01
01
01
01
03
01
03
01
03
01
01
01
01
01
01
01
01
01
01
01
01
01
01
01
01
01
01
01
01
01
01
01
01
01
01
01
01
01
01
01
01
01
01
01
01
01
01
01
01
01
01
01
01
01
01
01
01
01
01
01
01
01
01
01
07
01
01
01
01
01
01
01
01
01
01
01
01
01
01
01
01
01
01
01
01
01
01
01
01
01
01
01
01
0C
0C
0C
0C
0C
0C
01
0C
0C
0C
01
0C
07
0C
0C
07
0C
0C
01
0C
0C
01
01
0C
0C
01
01
0C
01
01
01
0C
01
0C
01
01
01
0C
01
0C
01
07
0C
0C
01
01
01
01
01
0C
0C
01
0C
01
07
0C
0C
01
01
0C
01
01
0C
01
01
01
0C
0C
01
01
0C
0C
0C
0C
0C
01
01
0C
0C
01
0C
01
01
0C
07
0C
01
01
01
0C
0C
0C
01
0C
0C
01
01
01
01
0C
01
01
0C
0C
0C
01
01
0C
0C
01
01
01
01
01
01
01
01
0C
01
01
01
01
01
01
01
01
01
01
01
01
01
01
01
01
01
01
01
01
01
01
01
01
01
01
01
01
01
01
01
01
01
01
01
01
01
01
01
01
01
01
01
01
01
01
01
01
01
01
01
01
01
01
0001
00DA
00DB
0002
00AE
00000057
0003
0002
00000017
2B
C7000D
BB006F
59
1270
B70071
BF
2A
B40006
2B
B60073
B1
0000
0002
00AF
00000012
0004
0000
0172
0004
0173
000E
0174
0016
0175
00B0
00000016
0002
0000
0017
00B1
00B2
0000
0000
0017
00D4
00D5
0001
00B5
00000004
0001
00DC
