01
07
01
07
01
01
01
03
01
07
01
01
07
01
01
07
01
01
07
01
01
07
01
01
07
01
07
01
01
01
01
01
01
01
01
01
0C
0A
0C
09
01
01
01
01
01
07
0C
09
01
07
0A
0C
0A
0C
09
01
01
0C
09
01
01
0C
0A
0C
09
01
01
01
01
01
01
0A
01
01
01
01
01
01
0C
09
01
01
01
01
01
01
01
0C
0A
01
01
01
01
0C
0A
01
01
0C
0A
01
01
0C
0A
01
01
01
01
01
01
0C
0A
01
01
01
01
01
01
01
01
07
01
01
0C
0A
01
01
01
01
01
01
01
01
0008
0076
0024
0001
007D
00000034
0001
0000
00000011
120A
B6007C
9A0007
04
A70004
03
B30030
B1
0000
0002
007F
00000006
0001
0000
0038
0080
00000005
0002
0C
40
01
