07
0A
0B
0A
07
0B
07
0A
07
0A
07
0A
07
0A
07
0A
07
0A
07
0A
0A
07
0A
07
0A
07
0A
07
0A
07
0A
07
0A
07
0A
07
0A
07
0A
07
0A
07
0A
07
0A
0B
0B
07
07
0A
07
0A
07
0A
07
0A
07
0A
07
0A
07
0A
07
0A
07
0A
07
0A
07
0A
07
0A
07
0A
07
0A
07
0A
07
0A
0A
07
0A
07
0A
07
0A
07
0A
07
0A
07
0A
0B
0B
07
07
07
01
01
01
01
01
01
07
01
01
01
01
01
01
01
01
01
01
01
01
01
01
01
01
01
01
01
01
01
01
01
01
01
01
01
01
01
01
01
01
01
01
01
01
01
01
01
01
01
01
01
01
01
01
01
01
01
01
01
01
01
01
01
01
01
01
01
01
01
01
01
01
01
01
01
01
01
01
01
01
01
01
01
01
01
01
01
0C
07
0C
0C
01
0C
01
0C
01
0C
01
0C
01
01
0C
01
0C
01
0C
01
0C
01
0C
01
0C
01
0C
01
0C
01
0C
01
0C
01
01
0C
01
0C
01
0C
01
0C
07
0C
07
0C
01
01
0C
01
0C
01
0C
01
0C
01
0C
01
0C
01
0C
01
0C
01
01
0C
01
01
0C
01
0C
01
0C
01
0C
01
0C
0C
01
01
0C
01
0C
01
0C
01
0C
01
0C
0C
07
0C
01
01
01
01
01
01
01
01
01
01
01
01
01
01
01
01
01
01
01
01
01
01
01
01
01
01
01
01
01
01
01
01
01
01
01
01
01
01
01
01
01
01
01
01
01
01
01
01
01
01
01
01
01
01
01
0001
006F
0070
0002
0065
00000030
0007
0006
00000024
2B
B900030100
3A05
1905
B80004
1905
03
B900060300
BB000F
59
2B
1905
1C
2D
1904
B70010
B0
0000
0000
0068
00000004
0001
0069
