07
0A
0A
0A
0A
0A
09
09
08
0A
07
0B
0B
0A
0A
0A
07
0B
07
0A
07
07
01
01
01
01
01
01
01
01
01
01
01
01
01
01
01
01
01
01
01
01
01
01
01
01
01
01
01
01
01
01
01
01
01
01
01
01
01
01
01
01
01
01
01
01
01
01
01
01
01
01
01
01
01
0C
0C
07
0C
07
0C
0C
0C
0C
07
0C
01
07
0C
0C
07
0C
07
0C
0C
01
07
0C
01
0C
01
01
01
01
01
01
01
01
01
01
01
01
01
01
01
01
01
01
01
01
01
01
01
01
01
01
01
01
0001
0047
0044
0001
0021
0000002C
0001
0001
00000002
04
AC
0000
0002
0022
00000006
0001
0000
0100
0023
0000000C
0001
0000
0002
0024
0025
0000
