0A
09
09
09
07
0A
0B
09
09
07
0A
0B
0B
0A
07
0A
07
0A
07
0A
08
0A
08
0A
08
08
08
08
08
08
0A
08
0A
08
0A
09
0A
07
08
0A
0A
0A
0A
08
0A
0A
0A
08
0A
08
08
08
0A
0A
08
0A
0A
0A
0A
0A
0A
07
0A
09
0A
08
07
01
01
01
01
01
01
01
01
01
01
01
01
01
01
01
01
01
01
01
01
01
01
01
01
01
01
01
01
01
01
01
01
01
01
01
01
01
01
01
01
01
01
01
01
01
01
01
01
01
01
01
01
01
01
01
01
01
01
01
01
01
01
01
01
01
01
01
01
01
01
01
01
01
01
01
01
01
01
01
01
01
01
01
01
01
01
01
01
01
01
07
07
01
07
01
01
01
01
01
01
0C
0C
0C
0C
01
07
0C
0C
0C
01
07
0C
0C
0C
01
07
0C
01
0C
01
01
0C
01
0C
01
01
01
01
01
01
0C
01
01
07
0C
0C
0C
01
01
0C
0C
07
0C
0C
0C
0C
01
01
0C
0C
01
0C
0C
07
0C
07
0C
07
0C
0C
01
0C
01
01
01
01
01
01
01
01
01
01
01
01
01
01
01
01
01
01
01
01
01
01
01
01
01
01
01
01
01
01
01
01
01
01
01
01
01
01
01
01
01
01
01
0001
0055
007B
0001
0060
0000003F
0002
0002
00000007
2A
2B
B50008
2A
B0
0000
0002
0061
0000000A
0002
0000
0096
0005
0097
0062
00000016
0002
0000
0007
0063
0064
0000
0000
0007
0055
0056
0001
