0A
08
0A
08
08
0A
08
08
09
09
09
09
09
07
0A
0A
0A
0A
07
0A
07
0A
0A
01
01
01
01
01
01
01
01
01
01
01
01
01
01
01
01
01
01
01
01
01
01
01
01
01
01
01
01
01
01
01
01
01
01
01
01
01
01
01
01
01
01
01
01
01
01
01
01
01
01
01
01
01
01
01
01
01
01
01
01
01
01
01
0C
07
0C
07
0C
0C
0C
0C
0C
0C
01
07
0C
07
0C
0C
01
07
0C
01
0C
0C
01
01
01
01
01
01
01
01
01
01
01
01
01
01
01
01
01
01
01
01
01
0001
003B
003E
0002
002A
0000005C
0002
0002
0000000E
2B
1202
B80003
57
2A
2B
B50009
2A
B0
0000
0003
002B
0000000E
0003
0000
0070
0007
0071
000C
0072
002C
00000016
0002
0000
000E
002D
002E
0000
0000
000E
001A
001B
0001
002F
0000000C
0001
0000
000E
001A
001D
0001
001C
00000002
003F
