0A
08
0A
08
08
0A
08
08
09
09
09
09
09
07
0A
0A
0A
0A
07
0A
07
0A
0A
01
01
01
01
01
01
01
01
01
01
01
01
01
01
01
01
01
01
01
01
01
01
01
01
01
01
01
01
01
01
01
01
01
01
01
01
01
01
01
01
01
01
01
01
01
01
01
01
01
01
01
01
01
01
01
01
01
01
01
01
01
01
01
0C
07
0C
07
0C
0C
0C
0C
0C
0C
01
07
0C
07
0C
0C
01
07
0C
01
0C
0C
01
01
01
01
01
01
01
01
01
01
01
01
01
01
01
01
01
01
01
01
01
0001
0020
0034
0002
002A
0000002F
0001
0001
00000005
2A
B4000B
B0
0000
0002
002B
00000006
0001
0000
004E
002C
0000000C
0001
0000
0005
002D
002E
0000
001C
00000002
0035
