0A
08
0A
08
08
0A
08
08
09
09
09
09
09
07
0A
0A
0A
0A
07
0A
07
0A
0A
01
01
01
01
01
01
01
01
01
01
01
01
01
01
01
01
01
01
01
01
01
01
01
01
01
01
01
01
01
01
01
01
01
01
01
01
01
01
01
01
01
01
01
01
01
01
01
01
01
01
01
01
01
01
01
01
01
01
01
01
01
01
01
0C
07
0C
07
0C
0C
0C
0C
0C
0C
01
07
0C
07
0C
0C
01
07
0C
01
0C
0C
01
01
01
01
01
01
01
01
01
01
01
01
01
01
01
01
01
01
01
01
01
0001
0052
0036
0001
002A
00000060
0004
0001
0000002E
08
BD0015
59
03
2A
B40009
53
59
04
2A
B4000A
53
59
05
2A
B4000B
53
59
06
2A
B4000C
B80006
53
59
07
2A
B4000D
53
B80016
AC
0000
0002
002B
0000000E
0003
0000
00B5
001F
00B9
002A
00B5
002C
0000000C
0001
0000
002E
002D
002E
0000
