01
07
01
07
01
07
01
07
01
07
01
01
01
01
01
01
01
0C
0A
01
01
01
0C
09
01
01
0C
09
01
01
01
07
0A
01
08
01
01
0C
0A
01
0C
0A
01
01
0C
0A
01
07
01
01
0C
0A
01
07
01
01
0C
0B
01
07
01
01
0C
0B
01
08
01
08
01
07
01
0C
0B
01
0C
0A
01
01
01
01
01
01
01
01
01
01
01
01
07
01
01
0C
09
01
01
01
08
01
01
01
07
01
07
01
01
0C
0B
01
01
01
01
01
07
01
01
0C
0B
01
07
01
01
01
01
01
01
01
01
01
0001
006E
006F
0002
007A
00000046
0002
0002
0000000E
2A
2B
B900750100
C00077
B50018
B1
0000
0002
007B
0000000A
0002
0000
0069
000D
006A
007C
00000016
0002
0000
000E
0014
0015
0000
0000
000E
0078
0079
0001
007F
00000004
0001
0065
