0A
09
09
09
09
07
0A
0A
07
0A
0A
0A
0A
0A
12
07
07
01
01
07
01
01
01
01
01
01
01
01
01
01
01
01
01
01
01
01
01
01
01
01
01
01
01
01
01
01
01
01
01
01
01
01
01
01
01
01
01
01
01
01
01
01
01
01
01
01
01
01
01
01
01
01
01
01
01
01
0C
0C
0C
01
0C
01
0C
0C
0C
0C
0C
01
0F
08
0C
01
01
01
01
01
0A
01
01
01
07
0C
01
07
01
01
07
01
01
0004
003D
0034
0001
001D
00000039
0001
0002
00000005
2B
C10009
AC
0000
0002
001E
00000006
0001
0000
000F
001F
00000016
0002
0000
0005
0020
0021
0000
0000
0005
0037
0036
0001
