0A
07
0A
09
09
0B
09
09
09
09
09
09
0A
07
0A
07
0A
07
0A
08
0A
08
0A
08
08
08
08
08
08
08
08
08
0A
08
0A
08
0A
09
0A
07
08
0A
0A
0A
0A
0B
0B
0B
07
09
0B
0A
08
0A
0A
07
0A
08
08
0A
08
0A
08
0A
08
08
0A
0A
08
08
08
08
08
08
0A
0A
0A
07
0A
0A
08
08
07
01
01
01
01
01
01
01
01
01
01
01
01
01
01
01
01
01
01
01
01
01
01
01
01
01
01
01
01
01
01
01
01
01
01
01
01
01
01
01
01
01
01
01
01
01
01
01
01
01
01
01
03
01
01
01
01
01
01
01
01
01
01
01
01
01
01
01
01
01
01
01
01
01
01
01
01
01
01
01
01
01
01
01
01
01
01
01
01
01
01
01
01
01
01
01
01
01
01
01
01
01
01
01
01
01
01
01
01
01
01
01
01
01
01
01
01
01
01
01
01
07
07
01
07
01
01
01
01
01
01
0C
01
0C
0C
07
0C
0C
0C
0C
0C
0C
0C
0C
01
07
0C
01
0C
01
01
0C
01
0C
01
01
01
01
01
01
01
01
01
0C
01
01
0C
0C
0C
01
01
0C
0C
07
0C
0C
0C
0C
07
01
0C
0C
0C
01
01
0C
01
07
0C
01
0C
01
0C
07
0C
01
01
01
07
0C
07
0C
0C
01
01
01
01
01
01
01
01
01
01
01
01
01
01
01
01
01
01
01
01
01
01
01
01
01
01
01
01
01
01
01
01
01
01
01
01
01
01
01
01
01
01
01
01
01
0001
0095
0096
0002
0076
0000002F
0001
0001
00000005
2A
B40008
B0
0000
0002
0077
00000006
0001
0000
009B
0078
0000000C
0001
0000
0005
0079
007A
0000
005D
00000014
0002
0084
0000
0085
0002
00020086
5A
0087
005F
73
0088
