0A
0A
09
09
09
09
09
0A
0A
0A
0A
0A
0A
0A
0A
0A
0A
0A
0A
0A
0B
12
0B
0A
0B
07
0A
0A
0B
12
0A
12
0A
12
0A
0A
07
0A
0A
0A
0A
0B
07
0B
07
0A
0B
07
0B
07
07
07
07
01
01
01
01
01
01
01
01
01
01
01
01
01
01
01
01
01
01
01
01
01
01
01
01
01
01
01
01
01
01
01
01
07
01
01
01
01
01
01
01
01
01
01
01
01
01
01
01
01
07
01
01
01
01
01
01
01
01
01
01
01
07
01
01
01
01
01
01
01
01
01
01
01
01
01
01
01
01
01
01
01
01
01
01
01
01
01
01
01
01
01
01
01
01
01
01
01
07
01
01
01
01
01
01
0C
0C
0C
0C
0C
0C
0C
07
0C
0C
0C
0C
0C
0C
0C
0C
0C
0C
0C
0C
07
0C
01
0F
10
0F
10
0C
07
0C
07
0C
0C
01
07
0C
07
0C
0C
0F
10
0C
0F
10
07
0F
10
07
01
0C
0C
0C
0C
0C
01
0C
01
0C
01
01
01
07
01
01
01
01
01
01
01
01
01
01
01
01
01
01
01
01
01
01
01
0A
01
0A
01
01
01
01
01
01
01
01
01
01
01
01
01
01
01
01
01
01
01
0A
01
0A
01
01
0A
01
01
01
01
01
01
01
01
01
07
0C
0C
0C
0C
0C
01
01
07
01
01
01
07
01
01
1008
0092
0093
0001
0043
0000002F
0001
0001
00000005
2A
B40006
B0
0000
0002
0044
00000006
0001
0000
01D9
0045
0000000C
0001
0000
0005
0091
0049
0000
