0A
09
09
09
09
09
09
09
09
09
09
09
0A
07
0A
07
0A
07
0A
08
0A
08
0A
08
08
08
08
08
08
08
08
08
08
08
08
0A
08
0A
08
0A
01
01
01
01
01
01
01
01
01
01
01
01
01
01
01
01
01
01
01
01
01
01
01
01
01
01
01
01
01
01
01
01
01
01
03
01
01
01
01
01
01
01
01
01
01
01
01
01
01
01
01
01
01
01
01
01
01
01
01
01
01
01
01
01
01
01
01
01
01
01
01
01
01
01
01
01
01
07
01
01
01
01
01
01
01
01
01
01
01
0C
0C
0C
0C
0C
0C
0C
0C
0C
0C
0C
0C
0C
01
07
0C
01
0C
01
01
0C
01
0C
01
01
01
01
01
01
01
01
01
01
01
01
0C
01
07
0C
01
01
01
01
01
01
01
01
01
01
01
0001
0077
0078
0001
003F
00000085
0004
0001
0000005B
100B
BD0010
59
03
2A
B40002
53
59
04
2A
B40003
53
59
05
2A
B40004
53
59
06
2A
B40005
53
59
07
2A
B40006
53
59
08
2A
B40007
53
59
1006
2A
B40008
53
59
1007
2A
B40009
53
59
1008
2A
B4000A
53
59
1009
2A
B4000B
53
59
100A
2A
B4000C
53
B80011
AC
0000
0002
0040
00000006
0001
0000
011B
0041
0000000C
0001
0000
005B
0042
0043
0000
