0A
07
0C
01
01
01
09
07
0C
01
01
01
0A
0C
01
01
0A
07
0C
01
01
01
0A
0C
01
01
07
01
0A
08
01
0A
0C
01
01
08
01
0A
0C
01
01
08
01
08
01
0A
0C
01
01
08
01
0A
08
01
0A
07
0C
01
01
01
09
0C
01
01
0B
07
0C
01
01
01
07
01
0A
09
0C
01
01
09
0C
01
01
0A
07
0C
01
01
01
07
01
08
01
0A
0A
0C
01
01
0A
0C
01
0A
07
0C
01
01
01
0A
07
0C
01
01
01
0B
07
0C
01
01
01
0B
07
0C
01
01
0B
0C
01
01
07
01
09
0C
01
0B
0C
01
0A
0C
01
08
01
0A
08
0A
0C
01
01
0A
0C
01
0A
0C
01
08
01
0A
07
0C
01
01
01
0A
07
0C
01
01
01
0A
0C
01
0A
0A
0C
01
12
0C
01
01
01
01
01
01
01
01
01
01
01
01
01
01
01
01
01
01
01
01
01
01
01
01
01
01
01
01
01
01
01
01
01
01
01
01
01
01
01
01
07
01
01
01
01
01
01
01
01
07
01
07
01
01
10
0F
0A
0C
10
0F
0A
07
0C
01
01
01
01
07
01
01
01
07
01
07
01
01
0001
00BE
0031
0002
00B8
0000002F
0001
0001
00000005
2A
B40007
B0
0000
0002
00B9
00000006
0001
0000
004A
00BA
0000000C
0001
0000
0005
00BB
00BC
0000
00B2
00000006
0001
00BF
0000
