0A
09
09
09
09
09
09
09
09
09
09
09
09
09
09
09
09
07
07
07
01
01
01
01
01
01
01
01
01
01
01
01
01
01
01
01
01
01
01
01
01
01
01
01
01
01
01
01
01
01
01
01
01
01
01
01
01
01
01
01
01
01
01
01
01
01
01
01
01
01
01
01
01
01
01
01
01
01
01
01
01
01
01
01
01
01
01
01
01
01
01
01
01
01
01
01
01
0C
0C
0C
0C
0C
0C
0C
0C
0C
0C
0C
0C
0C
0C
0C
0C
0C
01
01
01
0001
004E
004C
0001
002E
0000003E
0002
0002
00000006
2A
2B
B5000B
B1
0000
0002
002F
0000000A
0002
0000
007A
0005
007B
0030
00000016
0002
0000
0006
0031
0032
0000
0000
0006
0024
0023
0001
