0A
09
09
09
09
09
09
09
09
09
09
09
09
09
09
09
09
07
07
07
01
01
01
01
01
01
01
01
01
01
01
01
01
01
01
01
01
01
01
01
01
01
01
01
01
01
01
01
01
01
01
01
01
01
01
01
01
01
01
01
01
01
01
01
01
01
01
01
01
01
01
01
01
01
01
01
01
01
01
01
01
01
01
01
01
01
01
01
01
01
01
01
01
01
01
01
01
0C
0C
0C
0C
0C
0C
0C
0C
0C
0C
0C
0C
0C
0C
0C
0C
0C
01
01
01
0001
003F
003C
0001
002E
0000002F
0001
0001
00000005
2A
B40005
B0
0000
0002
002F
00000006
0001
0000
0046
0030
0000000C
0001
0000
0005
0031
0032
0000
