0A
09
09
09
09
09
09
09
09
09
09
09
09
09
09
09
09
07
07
07
01
01
01
01
01
01
01
01
01
01
01
01
01
01
01
01
01
01
01
01
01
01
01
01
01
01
01
01
01
01
01
01
01
01
01
01
01
01
01
01
01
01
01
01
01
01
01
01
01
01
01
01
01
01
01
01
01
01
01
01
01
01
01
01
01
01
01
01
01
01
01
01
01
01
01
01
01
0C
0C
0C
0C
0C
0C
0C
0C
0C
0C
0C
0C
0C
0C
0C
0C
0C
01
01
01
0001
0039
003A
0001
002E
0000003E
0002
0002
00000006
2A
2B
B50003
B1
0000
0002
002F
0000000A
0002
0000
003A
0005
003B
0030
00000016
0002
0000
0006
0031
0032
0000
0000
0006
0019
001A
0001
