0A
09
0B
0A
0B
07
07
0A
08
0A
08
0A
0A
0B
0A
0A
0A
0A
0A
0A
07
08
08
0A
0A
08
08
07
0A
0A
0A
0A
07
09
0A
0A
07
0A
0A
0A
08
0A
0A
0A
0A
08
0A
0A
08
08
0A
0A
08
0A
07
0A
07
0A
0B
0B
0A
08
08
08
0A
0B
0A
0A
08
0A
08
08
0A
08
0B
07
0A
0B
08
08
0B
08
08
08
08
08
08
08
08
08
08
08
08
08
08
08
08
08
08
08
08
08
08
08
08
08
08
08
08
08
08
08
08
08
08
08
08
08
08
08
08
08
08
08
08
08
08
08
08
08
08
08
08
08
08
08
08
08
08
08
08
08
08
08
08
08
08
08
08
08
08
08
08
08
08
08
08
08
08
08
08
08
08
08
08
08
08
08
08
08
08
08
08
08
08
08
08
08
08
08
08
08
08
08
08
08
08
08
08
08
08
08
08
08
08
08
08
08
08
08
08
08
08
08
08
08
08
08
08
08
08
08
08
08
08
08
08
08
08
08
08
08
08
08
08
08
08
08
08
08
08
08
08
08
08
08
08
08
08
08
08
08
08
08
08
08
08
08
08
08
08
08
08
08
08
08
08
08
08
08
08
08
08
08
08
08
08
08
08
08
08
08
08
08
08
08
08
08
08
08
08
08
08
08
08
08
08
08
08
08
08
08
08
08
08
08
08
08
08
08
08
08
08
08
08
08
08
08
08
08
08
08
08
08
08
08
08
08
08
08
08
08
08
08
08
08
08
08
08
08
08
08
08
08
08
08
08
08
08
08
08
08
08
08
08
08
08
08
08
08
08
08
08
08
08
08
08
08
08
08
08
08
08
08
08
08
08
08
08
08
08
08
08
08
08
08
08
08
08
08
08
08
08
08
08
08
08
08
08
08
08
08
08
08
08
08
08
08
08
08
08
08
08
08
08
08
08
08
08
08
08
08
08
08
08
08
08
08
08
08
08
08
08
08
08
08
08
08
08
08
08
08
08
08
08
08
08
08
08
08
08
08
08
08
08
08
08
08
08
08
08
08
08
08
08
08
08
08
08
08
08
08
08
08
08
08
08
08
08
08
08
08
08
08
08
08
08
08
08
08
08
08
08
08
08
08
08
08
08
08
08
08
08
08
08
08
08
08
08
08
08
08
08
08
08
08
08
08
08
08
08
08
08
08
08
08
08
08
08
08
08
08
08
08
08
08
08
08
08
08
08
08
08
08
08
08
08
08
08
08
08
08
08
08
08
08
08
08
08
08
08
08
08
08
08
08
08
08
08
08
08
08
08
08
08
08
08
08
08
08
08
08
08
08
08
08
0A
0A
0A
0A
07
07
01
01
01
01
01
01
01
01
01
01
01
01
01
01
01
01
01
01
01
01
01
01
01
01
01
01
01
01
01
01
01
01
01
01
01
01
01
01
01
01
01
01
01
01
01
01
01
01
01
01
01
01
01
01
01
01
01
01
01
01
01
01
01
07
01
01
01
01
01
01
01
01
01
01
01
01
01
0C
0C
07
0C
07
0C
07
0C
01
01
01
0C
01
0C
0C
0C
0C
0C
07
0C
0C
07
0C
0C
01
01
01
0C
0C
01
01
01
07
0C
0C
0C
0C
01
07
0C
0C
07
0C
01
07
0C
0C
01
07
0C
0C
07
0C
0C
01
0C
0C
01
01
07
0C
0C
01
0C
01
01
0C
0C
0C
01
01
01
0C
0C
0C
0C
01
0C
01
01
0C
01
0C
01
0C
01
01
0C
01
01
01
01
01
01
01
01
01
01
01
01
01
01
01
01
01
01
01
01
01
01
01
01
01
01
01
01
01
01
01
01
01
01
01
01
01
01
01
01
01
01
01
01
01
01
01
01
01
01
01
01
01
01
01
01
01
01
01
01
01
01
01
01
01
01
01
01
01
01
01
01
01
01
01
01
01
01
01
01
01
01
01
01
01
01
01
01
01
01
01
01
01
01
01
01
01
01
01
01
01
01
01
01
01
01
01
01
01
01
01
01
01
01
01
01
01
01
01
01
01
01
01
01
01
01
01
01
01
01
01
01
01
01
01
01
01
01
01
01
01
01
01
01
01
01
01
01
01
01
01
01
01
01
01
01
01
01
01
01
01
01
01
01
01
01
01
01
01
01
01
01
01
01
01
01
01
01
01
01
01
01
01
01
01
01
01
01
01
01
01
01
01
01
01
01
01
01
01
01
01
01
01
01
01
01
01
01
01
01
01
01
01
01
01
01
01
01
01
01
01
01
01
01
01
01
01
01
01
01
01
01
01
01
01
01
01
01
01
01
01
01
01
01
01
01
01
01
01
01
01
01
01
01
01
01
01
01
01
01
01
01
01
01
01
01
01
01
01
01
01
01
01
01
01
01
01
01
01
01
01
01
01
01
01
01
01
01
01
01
01
01
01
01
01
01
01
01
01
01
01
01
01
01
01
01
01
01
01
01
01
01
01
01
01
01
01
01
01
01
01
01
01
01
01
01
01
01
01
01
01
01
01
01
01
01
01
01
01
01
01
01
01
01
01
01
01
01
01
01
01
01
01
01
01
01
01
01
01
01
01
01
01
01
01
01
01
01
01
01
01
01
01
01
01
01
01
01
01
01
01
01
01
01
01
01
01
01
01
01
01
01
01
01
01
01
01
01
01
01
01
01
01
01
01
01
01
01
01
01
01
01
01
01
01
01
01
01
01
01
01
01
01
01
01
01
01
01
01
01
01
01
01
01
01
01
01
01
01
01
01
01
01
01
01
01
01
01
01
01
01
01
01
01
01
01
01
01
01
01
01
01
01
01
01
01
01
01
01
01
01
01
01
01
01
01
01
01
01
01
01
01
01
01
01
01
01
01
01
01
01
01
01
01
01
0C
0C
07
0C
0C
01
01
01
01
01
01
01
01
01
01
01
01
01
01
01
01
01
01
01
01
01
01
01
01
01
01
01
01
01
01
01
01
01
01
01
01
01
01
01
01
01
01
01
01
01
01
01
01
01
01
01
01
01
01
01
01
01
01
01
01
01
01
01
01
01
01
01
01
01
01
01
01
01
01
01
0001
0249
024A
0001
024B
00000038
0002
0001
0000000A
2A
B70001
2A
04
B50002
B1
0000
0002
024C
0000000A
0002
0000
001F
0004
0030
024D
0000000C
0001
0000
000A
024E
024F
0000
