0A
08
0A
0A
07
07
07
01
01
01
01
01
01
01
01
01
01
01
01
01
01
01
01
01
01
01
01
01
01
01
01
01
01
01
01
01
0C
01
07
0C
07
0C
01
01
01
01
01
01
01
01
01
0001
0014
0015
0001
000D
00000090
0008
0009
00000012
2B
03
03
1D
1504
1907
B60003
1708
03
B80004
B1
0000
0002
000E
0000000A
0002
0000
0045
0011
0047
000F
0000005C
0009
0000
0012
0010
0011
0000
0000
0012
0016
0017
0001
0000
0012
0018
0019
0002
0000
0012
001A
001B
0003
0000
0012
001C
001B
0004
0000
0012
001D
001B
0005
0000
0012
001E
001B
0006
0000
0012
001F
0020
0007
0000
0012
0021
0022
0008
