01
07
01
01
07
01
07
01
07
01
01
07
01
01
07
01
07
01
07
01
07
01
07
01
07
01
01
01
01
01
01
01
01
01
01
01
0C
0A
01
01
0C
0B
01
01
0C
0B
0C
0B
01
01
01
01
01
01
01
0C
0A
0B
0B
0C
0B
01
01
01
01
01
01
01
01
01
01
01
01
0001
0020
0022
0002
0042
00000061
0003
0002
0000001B
2A
B80026
2B
B9002A0200
C00013
B9002E0100
C00015
B900300200
B0
0000
0003
0043
00000016
0002
0000
001B
0031
0032
0000
0000
001B
0020
0034
0001
0044
0000000C
0001
0000
001B
0020
0033
0001
0045
00000006
0001
0000
01FC
003F
00000002
0046
