0A
07
09
0A
0A
09
07
0A
0A
07
0A
0A
0A
0A
0B
07
0A
07
09
0A
0A
0A
0A
07
0A
07
0A
07
0A
07
0A
07
0A
07
0A
07
0A
0A
07
0A
07
0A
07
0A
07
0A
0A
07
0A
07
0A
07
0A
07
0A
07
0A
07
0A
07
0A
07
0A
07
0A
07
0A
0A
07
0A
0A
0A
0A
07
07
0A
0A
0A
0A
0A
0A
07
0A
0A
07
0A
0A
07
0A
07
0A
07
0A
07
0A
0A
0A
07
0A
07
0A
07
0A
07
0A
07
0A
07
0A
07
0A
07
0A
07
0A
0A
07
0A
07
0A
07
0A
0A
0A
07
0A
07
0A
0A
07
0A
07
0A
07
0A
07
0A
07
0A
07
0A
07
0A
07
0A
07
0A
07
0A
07
0A
07
0A
07
0A
07
0A
07
0A
07
0A
07
0A
07
0A
07
0A
07
0A
07
0A
07
0A
07
0A
07
0A
07
0A
07
0A
07
0A
07
0A
07
0A
07
0A
07
0A
0A
07
0A
0A
0B
0A
0A
0A
0A
0A
0A
0A
0A
0A
0A
0A
0A
0A
0A
0A
0A
0A
0A
0A
0A
0A
0A
0A
0A
0A
0A
0A
0A
0A
0A
0A
0A
0A
0A
0A
0A
0A
0A
0A
0A
0A
0A
0A
0A
0A
0A
0A
0A
0A
0A
0A
0A
0A
0A
0A
0A
0A
0A
0A
0A
0A
0A
0A
0A
0A
0A
0A
0A
0A
0A
0A
0A
0A
0A
0A
0A
0A
0A
0A
0A
0A
0A
0A
0A
07
07
07
01
01
01
01
01
01
01
01
01
01
01
01
01
01
01
01
01
01
01
01
01
01
01
07
07
01
01
01
01
01
01
01
01
01
01
01
01
01
01
01
01
01
01
01
01
01
01
01
01
01
01
01
01
01
01
01
01
01
01
01
01
01
01
01
01
01
01
01
01
01
01
01
01
01
01
01
01
01
01
01
01
01
01
01
01
01
01
01
01
01
01
01
01
01
01
01
01
01
01
01
01
01
01
01
01
01
01
01
01
01
01
01
01
01
01
01
01
01
01
01
01
01
01
01
01
01
01
01
01
01
01
01
01
01
01
01
01
01
01
01
01
01
01
01
01
01
01
01
01
01
01
01
01
01
01
01
01
01
01
01
01
01
01
01
01
01
01
01
01
01
01
01
01
01
01
01
01
01
01
01
01
01
01
01
01
01
01
01
01
01
01
01
01
01
01
01
01
01
01
01
01
01
01
01
01
01
01
01
01
01
01
01
01
01
01
01
01
01
01
01
01
01
01
01
01
01
01
01
01
01
01
01
01
01
01
01
01
01
01
01
01
01
01
01
01
01
01
01
01
01
01
01
01
01
01
01
01
01
01
01
01
01
01
01
01
01
01
01
01
01
01
01
01
01
01
01
01
01
01
01
01
01
01
01
01
01
01
01
01
01
01
01
01
01
01
01
01
01
01
01
01
01
01
01
01
01
01
01
01
01
01
01
01
01
01
01
01
01
01
01
01
01
01
01
01
01
01
01
01
01
01
01
01
01
01
01
01
01
01
01
01
01
01
01
01
01
01
01
07
01
01
01
07
01
01
07
01
01
07
01
01
07
01
01
07
01
01
07
01
01
07
01
01
07
01
01
07
01
01
07
01
01
07
01
01
07
01
01
07
01
01
07
01
01
07
01
01
07
01
01
07
01
01
07
01
01
07
01
01
07
01
01
01
07
01
01
07
01
01
07
01
01
07
01
01
07
01
01
07
01
01
07
01
01
07
01
01
07
01
01
07
01
01
07
01
01
07
01
01
07
01
01
07
01
01
07
01
01
01
07
01
01
07
01
01
07
01
01
01
07
01
01
07
01
01
07
01
01
07
01
01
07
01
01
01
07
01
01
07
01
01
07
01
01
07
01
01
07
01
01
07
01
01
07
01
01
07
01
01
01
07
01
01
01
01
01
01
01
07
01
01
07
01
01
01
07
01
01
07
01
01
07
01
01
07
01
01
07
01
01
07
01
01
07
01
01
07
01
01
07
01
01
07
01
01
01
07
01
01
07
01
01
07
01
01
01
07
01
01
07
01
01
07
01
01
07
01
01
07
01
01
07
01
01
07
01
01
01
01
01
01
01
01
01
0C
01
0C
07
0C
0C
01
0C
0C
01
0C
0C
0C
07
0C
01
0C
07
01
0C
0C
07
0C
0C
0C
01
0C
07
01
01
0C
01
0C
01
01
01
0C
01
0C
07
01
01
0C
01
0C
01
0C
01
01
01
0C
01
01
01
0C
07
01
01
0C
07
01
01
0C
0C
07
0C
0C
01
01
0C
0C
0C
0C
0C
0C
01
0C
0C
01
0C
0C
01
07
01
01
01
0C
0C
0C
01
0C
01
01
0C
01
01
01
01
01
01
0C
0C
07
01
01
0C
01
0C
0C
0C
07
01
01
0C
0C
01
01
07
01
01
0C
01
0C
01
01
01
07
01
01
01
0C
01
01
07
01
01
0C
01
0C
01
01
01
01
0C
01
0C
01
01
07
01
0C
01
0C
01
01
01
01
07
01
07
01
0C
07
0C
01
0C
07
0C
07
0C
0C
0C
0C
0C
0C
0C
0C
0C
0C
0C
0C
0C
0C
0C
0C
0C
0C
0C
0C
0C
0C
0C
0C
0C
0C
0C
0C
0C
0C
0C
0C
0C
0C
0C
0C
0C
0C
0C
0C
0C
0C
0C
0C
0C
0C
0C
0C
0C
0C
0C
0C
0C
0C
0C
0C
0C
0C
0C
0C
0C
0C
0C
0C
0C
0C
0C
0C
0C
0C
0C
0C
0C
0C
0C
0C
0C
0C
0C
0C
0C
0C
0C
0C
0C
01
01
01
01
01
07
01
07
01
07
01
07
01
07
01
01
01
01
01
01
07
01
01
01
01
01
01
01
01
01
01
07
01
01
01
01
01
07
01
01
01
01
01
01
07
01
01
01
01
07
01
01
01
07
01
01
01
01
01
01
01
01
01
01
01
01
07
01
01
01
01
01
07
01
01
07
01
01
01
01
01
01
01
01
01
01
01
01
01
01
01
01
07
01
01
01
01
01
01
01
01
01
01
01
01
01
01
01
01
01
01
01
01
01
01
01
01
01
01
01
01
01
01
01
01
01
01
01
01
01
01
01
01
01
01
01
01
01
01
01
01
01
01
01
01
01
01
01
01
01
01
01
01
01
01
01
01
01
01
01
01
01
01
01
01
01
01
01
01
01
01
01
01
01
01
01
01
01
01
01
01
01
01
01
01
01
01
01
01
01
01
01
01
01
01
01
01
1041
01CF
02FC
0001
011E
00000031
0003
0003
00000007
2A
2B
2C
B600F0
B0
0000
0002
011F
00000006
0001
0000
002E
0120
0000000C
0001
0000
0007
0121
0122
0000
