0A
07
09
0A
0A
09
07
0A
0A
07
0A
0A
0A
0A
0B
07
0A
07
09
0A
0A
0A
0A
07
0A
07
0A
07
0A
07
0A
07
0A
07
0A
07
0A
0A
07
0A
07
0A
07
0A
07
0A
0A
07
0A
07
0A
07
0A
07
0A
07
0A
07
0A
07
0A
07
0A
07
0A
07
0A
0A
07
0A
0A
0A
0A
07
07
0A
0A
0A
0A
0A
0A
07
0A
0A
07
0A
0A
07
0A
07
0A
07
0A
07
0A
0A
0A
07
0A
07
0A
07
0A
07
0A
07
0A
07
0A
07
0A
07
0A
07
0A
0A
07
0A
07
0A
07
0A
0A
0A
07
0A
07
0A
0A
07
0A
07
0A
07
0A
07
0A
07
0A
07
0A
07
0A
07
0A
07
0A
07
0A
07
0A
07
0A
07
0A
07
0A
07
0A
07
0A
07
0A
07
0A
07
0A
07
0A
07
0A
07
0A
07
0A
07
0A
07
0A
07
0A
07
0A
07
0A
07
0A
07
0A
07
0A
0A
07
0A
0A
0B
0A
0A
0A
0A
0A
0A
0A
0A
0A
0A
0A
0A
0A
0A
0A
0A
0A
0A
0A
0A
0A
0A
0A
0A
0A
0A
0A
0A
0A
0A
0A
0A
0A
0A
0A
0A
0A
0A
0A
0A
0A
0A
0A
0A
0A
0A
0A
0A
0A
0A
0A
0A
0A
0A
0A
0A
0A
0A
0A
0A
0A
0A
0A
0A
0A
0A
0A
0A
0A
0A
0A
0A
0A
0A
0A
0A
0A
0A
0A
0A
0A
0A
0A
0A
07
07
07
01
01
01
01
01
01
01
01
01
01
01
01
01
01
01
01
01
01
01
01
01
01
01
07
07
01
01
01
01
01
01
01
01
01
01
01
01
01
01
01
01
01
01
01
01
01
01
01
01
01
01
01
01
01
01
01
01
01
01
01
01
01
01
01
01
01
01
01
01
01
01
01
01
01
01
01
01
01
01
01
01
01
01
01
01
01
01
01
01
01
01
01
01
01
01
01
01
01
01
01
01
01
01
01
01
01
01
01
01
01
01
01
01
01
01
01
01
01
01
01
01
01
01
01
01
01
01
01
01
01
01
01
01
01
01
01
01
01
01
01
01
01
01
01
01
01
01
01
01
01
01
01
01
01
01
01
01
01
01
01
01
01
01
01
01
01
01
01
01
01
01
01
01
01
01
01
01
01
01
01
01
01
01
01
01
01
01
01
01
01
01
01
01
01
01
01
01
01
01
01
01
01
01
01
01
01
01
01
01
01
01
01
01
01
01
01
01
01
01
01
01
01
01
01
01
01
01
01
01
01
01
01
01
01
01
01
01
01
01
01
01
01
01
01
01
01
01
01
01
01
01
01
01
01
01
01
01
01
01
01
01
01
01
01
01
01
01
01
01
01
01
01
01
01
01
01
01
01
01
01
01
01
01
01
01
01
01
01
01
01
01
01
01
01
01
01
01
01
01
01
01
01
01
01
01
01
01
01
01
01
01
01
01
01
01
01
01
01
01
01
01
01
01
01
01
01
01
01
01
01
01
01
01
01
01
01
01
01
01
01
01
01
01
01
01
01
01
01
07
01
01
01
07
01
01
07
01
01
07
01
01
07
01
01
07
01
01
07
01
01
07
01
01
07
01
01
07
01
01
07
01
01
07
01
01
07
01
01
07
01
01
07
01
01
07
01
01
07
01
01
07
01
01
07
01
01
07
01
01
07
01
01
01
07
01
01
07
01
01
07
01
01
07
01
01
07
01
01
07
01
01
07
01
01
07
01
01
07
01
01
07
01
01
07
01
01
07
01
01
07
01
01
07
01
01
07
01
01
01
07
01
01
07
01
01
07
01
01
01
07
01
01
07
01
01
07
01
01
07
01
01
07
01
01
01
07
01
01
07
01
01
07
01
01
07
01
01
07
01
01
07
01
01
07
01
01
07
01
01
01
07
01
01
01
01
01
01
01
07
01
01
07
01
01
01
07
01
01
07
01
01
07
01
01
07
01
01
07
01
01
07
01
01
07
01
01
07
01
01
07
01
01
07
01
01
01
07
01
01
07
01
01
07
01
01
01
07
01
01
07
01
01
07
01
01
07
01
01
07
01
01
07
01
01
07
01
01
01
01
01
01
01
01
01
0C
01
0C
07
0C
0C
01
0C
0C
01
0C
0C
0C
07
0C
01
0C
07
01
0C
0C
07
0C
0C
0C
01
0C
07
01
01
0C
01
0C
01
01
01
0C
01
0C
07
01
01
0C
01
0C
01
0C
01
01
01
0C
01
01
01
0C
07
01
01
0C
07
01
01
0C
0C
07
0C
0C
01
01
0C
0C
0C
0C
0C
0C
01
0C
0C
01
0C
0C
01
07
01
01
01
0C
0C
0C
01
0C
01
01
0C
01
01
01
01
01
01
0C
0C
07
01
01
0C
01
0C
0C
0C
07
01
01
0C
0C
01
01
07
01
01
0C
01
0C
01
01
01
07
01
01
01
0C
01
01
07
01
01
0C
01
0C
01
01
01
01
0C
01
0C
01
01
07
01
0C
01
0C
01
01
01
01
07
01
07
01
0C
07
0C
01
0C
07
0C
07
0C
0C
0C
0C
0C
0C
0C
0C
0C
0C
0C
0C
0C
0C
0C
0C
0C
0C
0C
0C
0C
0C
0C
0C
0C
0C
0C
0C
0C
0C
0C
0C
0C
0C
0C
0C
0C
0C
0C
0C
0C
0C
0C
0C
0C
0C
0C
0C
0C
0C
0C
0C
0C
0C
0C
0C
0C
0C
0C
0C
0C
0C
0C
0C
0C
0C
0C
0C
0C
0C
0C
0C
0C
0C
0C
0C
0C
0C
0C
0C
0C
0C
0C
0C
0C
01
01
01
01
01
07
01
07
01
07
01
07
01
07
01
01
01
01
01
01
07
01
01
01
01
01
01
01
01
01
01
07
01
01
01
01
01
07
01
01
01
01
01
01
07
01
01
01
01
07
01
01
01
07
01
01
01
01
01
01
01
01
01
01
01
01
07
01
01
01
01
01
07
01
01
07
01
01
01
01
01
01
01
01
01
01
01
01
01
01
01
01
07
01
01
01
01
01
01
01
01
01
01
01
01
01
01
01
01
01
01
01
01
01
01
01
01
01
01
01
01
01
01
01
01
01
01
01
01
01
01
01
01
01
01
01
01
01
01
01
01
01
01
01
01
01
01
01
01
01
01
01
01
01
01
01
01
01
01
01
01
01
01
01
01
01
01
01
01
01
01
01
01
01
01
01
01
01
01
01
01
01
01
01
01
01
01
01
01
01
01
01
01
01
01
01
01
0001
0181
0183
0001
011E
00000041
0004
0002
0000000D
BB0038
59
2A
B40013
2B
B70039
B0
0000
0002
011F
00000006
0001
0000
010E
0120
00000016
0002
0000
000D
0121
0122
0000
0000
000D
014A
014B
0001
