09
09
09
09
09
09
0A
09
0A
0B
0A
0A
0B
0B
0A
0B
07
0A
0A
07
07
07
01
01
01
07
01
01
01
01
01
01
01
01
01
01
01
01
01
01
01
01
01
01
01
01
01
01
01
01
01
01
01
01
01
01
01
01
01
01
01
01
01
01
01
01
07
07
01
01
01
01
01
01
01
01
01
01
01
01
01
01
0C
0C
0C
0C
0C
0C
0C
0C
07
0C
07
0C
0C
0C
07
0C
07
0C
0C
07
0C
01
0C
0C
01
01
01
01
01
01
01
01
01
01
01
01
01
01
01
01
01
01
01
01
01
01
01
01
01
01
01
0001
0037
0038
0001
002F
00000049
0001
0001
0000000D
2A
B40006
B80009
B9000A0100
B0
0000
0003
0030
00000006
0001
0000
0113
0031
0000000C
0001
0000
000D
0032
0033
0000
0034
0000000C
0001
0000
000D
0032
0035
0000
