01
07
01
07
01
07
01
01
01
01
08
01
07
01
01
0C
0A
01
0C
0A
01
0C
09
01
01
01
01
01
07
01
07
01
0C
0A
01
08
01
0C
0A
01
01
01
08
01
07
01
01
0C
0A
0C
0A
01
07
01
01
0C
0A
01
08
01
0C
0A
01
10
01
01
0C
0A
0F
01
10
01
07
01
01
0C
0A
0F
01
01
0C
12
01
01
0C
0A
01
08
01
07
01
01
0C
09
01
07
01
07
01
01
0C
0A
01
07
01
0C
09
01
01
0C
0A
01
08
01
01
08
01
08
01
07
01
0C
0A
01
07
01
0C
09
01
07
01
01
0C
0A
0C
0A
01
07
01
01
0C
0A
01
07
01
07
01
01
0C
0A
01
0C
0A
01
01
01
01
01
03
03
01
01
03
01
01
01
01
01
01
01
01
01
01
01
01
01
01
01
01
01
0001
0007
0008
0002
00AD
0000004C
0002
0002
00000010
2B
120B
B80011
2A
B70014
2A
2B
B50017
B1
0000
0002
00AE
0000000E
0003
0006
000B
000A
000D
000F
000C
00AF
00000016
0002
0000
0010
0018
0019
0000
0000
0010
000A
0015
0001
00B0
00000007
01
0001
0009
0000
