0A
0A
0A
07
0A
09
0A
08
07
0A
08
09
09
09
09
0A
0A
0B
0B
0B
07
0A
0B
07
07
0A
08
0A
08
0A
0A
0B
07
0B
0A
0B
0A
0B
0A
0B
0B
07
0A
0A
07
07
07
07
07
07
07
01
01
01
01
01
01
01
01
01
01
01
01
01
01
01
01
01
01
01
01
01
01
01
01
01
01
01
01
01
01
01
01
01
01
01
01
07
07
07
01
01
01
01
01
01
01
01
01
01
01
01
01
01
01
01
01
01
01
01
01
01
01
01
01
01
01
01
01
01
01
01
01
01
01
01
01
01
01
01
01
01
07
0C
0C
0C
01
0C
07
0C
01
01
0C
01
0C
0C
0C
0C
07
0C
0C
07
0C
07
0C
0C
01
0C
07
0C
01
01
01
0C
01
0C
0C
0C
01
0C
0C
0C
0C
07
0C
0C
07
0C
0C
01
0C
01
01
01
01
01
01
01
01
01
01
01
01
01
01
01
01
01
01
01
01
01
01
01
01
01
01
01
01
01
01
01
01
01
01
01
01
01
01
01
01
01
01
01
01
01
01
01
01
01
01
01
0001
0064
0060
0002
0044
00000036
0003
0001
0000000C
BB0021
59
2A
B4000F
B70023
B0
0000
0002
0045
00000006
0001
0000
0067
0046
0000000C
0001
0000
000C
0047
0048
0000
003B
00000002
0065
