0A
07
0C
01
01
01
0A
07
0C
01
01
01
12
0C
01
01
0B
07
0C
01
01
01
12
0C
01
09
0C
01
09
0C
01
01
0B
07
0C
01
01
01
0A
0C
01
01
0A
07
0C
01
01
0A
0C
01
01
0A
0C
01
0A
0C
01
01
12
0C
01
01
0B
0C
01
01
0B
07
0C
01
01
0B
07
0C
01
01
01
01
01
01
01
01
01
01
01
01
01
01
01
01
01
01
01
01
01
01
01
01
01
01
01
01
01
01
01
01
01
01
01
01
01
01
01
01
01
01
01
01
01
01
01
01
01
01
01
01
01
01
01
01
01
01
07
01
01
0F
0A
07
0C
01
01
01
10
01
0F
0A
0C
0F
0A
0C
0F
0A
07
0C
01
01
08
01
01
01
01
07
01
07
01
01
0001
0039
003A
0002
0051
000000EE
0002
0005
0000003A
103B
3C
04
3D
2A
B60001
4E
1C
103B
68
2D
C70008
102B
A70007
2D
B60037
60
3D
2A
B60034
3A04
1C
103B
68
1904
C70008
102B
A70008
1904
B60037
60
3D
1C
AC
0000
0004
0052
00000006
0001
0000
00DF
0053
00000034
0005
0000
003A
0054
0055
0000
0003
0037
0076
0057
0001
0005
0035
0077
0057
0002
000A
0030
0078
006E
0003
0023
0017
0079
006E
0004
005A
0000000C
0001
0000
003A
0054
005B
0000
0075
0000004A
0004
FF
0017
0004
07
0002
01
01
07
002C
0001
01
FF
0003
0004
07
0002
01
01
07
002C
0002
01
01
FF
0015
0005
07
0002
01
01
07
002C
07
002C
0001
01
FF
0004
0005
07
0002
01
01
07
002C
07
002C
0002
01
01
006A
00000006
0001
006B
0000
