0A
07
0A
09
0A
0A
07
0A
0A
07
08
0A
0A
07
08
0A
0A
0A
07
07
07
01
01
01
05
01
01
01
01
01
01
01
01
01
01
01
01
01
01
01
01
07
01
01
01
01
01
01
01
01
01
01
01
01
01
01
01
0C
01
0C
0C
0C
01
0C
01
01
0C
0C
01
01
0C
0C
01
01
01
01
01
01
01
0011
0035
001E
0002
001F
0000005E
0003
0001
00000011
2A
B40004
03
04
B60011
990007
2A
B60012
B1
0000
0004
0020
0000000E
0003
0000
006E
000C
006F
0010
0070
0021
0000000C
0001
0000
0011
0022
0023
0000
0024
0000000C
0001
0000
0011
0022
0025
0000
002A
00000003
0001
10
002C
00000004
0001
000A
