01
07
01
01
07
01
07
01
07
01
01
01
01
01
01
01
01
01
01
01
01
01
01
01
01
01
01
01
01
01
01
01
01
01
01
0C
0A
01
01
0C
0A
0C
09
01
01
01
01
01
07
0A
0C
09
01
07
01
07
01
01
0C
0A
01
01
0C
0A
01
07
0A
0C
09
08
0C
09
01
01
0C
0A
0C
09
01
07
01
0C
0A
01
07
01
01
0C
0A
01
01
01
07
01
07
01
0C
0A
0C
09
01
07
01
07
01
08
01
08
01
0C
0A
01
07
01
01
0C
0A
01
07
01
0C
0B
01
07
0A
01
07
01
0C
0A
01
08
01
07
01
01
0C
0A
01
01
0C
0A
01
0C
0A
01
01
0C
0A
01
0C
0A
01
07
01
01
0C
0A
01
08
01
07
01
01
0C
0A
01
08
01
07
01
0C
0A
01
08
01
0C
0B
01
08
01
01
0C
0B
01
01
0C
0A
01
07
0A
0A
01
0C
0A
01
01
01
01
01
01
01
01
01
01
01
01
01
01
01
01
01
07
01
01
0C
0A
01
01
0C
0A
01
01
01
01
01
0C
0A
01
01
01
01
0C
0A
01
01
01
01
01
01
01
0C
0A
01
01
01
01
0C
0A
01
01
0C
0A
0C
09
01
07
01
01
0C
0A
01
0C
0A
01
01
01
0A
01
07
01
0C
0B
01
01
0C
0B
01
01
0C
0B
01
01
07
01
01
0C
0A
01
08
01
08
01
08
01
01
0C
0A
01
08
01
08
01
08
01
08
01
08
01
08
01
01
0C
0A
01
01
01
01
01
01
01
01
01
0C
0A
01
01
01
01
01
01
01
01
01
01
01
0008
011A
0023
0001
014B
00000094
0007
0002
00000070
1202
B80120
4B
2A
B30064
2A
57
1006
BD0005
59
03
130122
53
59
04
05
BD0005
59
03
130124
53
59
04
130126
53
B8012A
53
59
05
13012C
53
59
06
05
BD0005
59
03
13012E
53
59
04
130130
53
B8012A
53
59
07
130132
53
59
08
05
BD0005
59
03
130134
53
59
04
130136
53
B8012A
53
B8013A
4C
2B
B3004E
2B
57
B1
0000
0001
014D
00000012
0004
0000
0015
0019
001F
0035
0020
0051
0021
