01
07
01
07
01
07
01
01
07
01
07
01
01
07
01
01
07
01
01
01
01
01
01
01
01
01
01
01
01
0C
0A
01
07
01
0C
0A
0C
09
01
07
0A
01
07
01
08
01
01
0C
0A
01
08
01
0C
0A
01
07
0A
01
07
01
01
0C
0A
0C
09
01
07
01
01
0C
0A
01
07
01
01
0C
0B
01
01
0C
0A
0C
09
01
07
01
01
0C
0A
01
07
01
01
0C
09
01
0C
0A
01
07
01
01
0C
0B
01
0C
0A
0C
09
01
01
01
01
01
01
01
01
01
01
07
01
0C
0A
0C
0A
01
01
0C
09
01
08
01
07
01
07
01
01
0C
0B
01
01
01
01
01
01
08
01
07
01
01
0C
0A
01
01
0C
0A
01
01
01
01
01
01
01
01
07
01
0C
0A
01
01
0C
0A
01
0C
0B
01
08
01
0C
0B
01
07
01
07
01
01
0C
0A
01
0C
0A
01
01
01
01
07
01
07
01
07
01
01
0C
0A
01
07
01
07
0A
01
01
0C
0A
01
07
01
01
0C
0B
01
01
0C
0A
01
01
01
01
01
01
01
01
01
01
01
01
01
01
07
01
07
0A
0C
0A
01
0C
0A
01
07
01
08
01
0C
0A
01
01
01
01
01
07
01
01
0C
0A
01
0C
0A
01
08
01
01
01
01
01
0C
0A
01
08
01
01
01
01
07
0A
01
08
01
01
0C
0A
01
01
0C
0A
01
0C
0A
01
08
01
0C
0A
01
01
08
01
01
01
01
01
01
01
01
01
01
01
01
01
01
01
0001
0019
004F
0001
0131
0000002F
0001
0001
00000005
2A
B40053
AC
0000
0002
0132
0000000C
0001
0000
0005
006E
006F
0000
0133
00000006
0001
0000
0071
