0A
07
0C
01
01
01
09
07
0C
01
01
01
07
01
0A
09
0C
01
01
0A
07
0C
01
01
01
0A
07
0C
01
01
01
0A
0C
01
12
0C
01
01
0A
07
0C
01
01
01
12
0A
0C
01
08
01
12
0C
0A
0C
01
01
0A
0C
01
01
0A
0C
01
01
09
0C
01
01
0B
07
0C
01
01
01
0B
0C
01
01
0B
07
0C
01
01
01
07
01
0A
0C
01
01
0A
0C
01
01
0B
0C
01
01
0A
0C
01
01
0A
0C
01
01
0A
07
0C
01
01
0A
0C
01
01
01
01
01
01
01
01
01
01
01
01
01
01
01
01
01
01
01
01
01
01
01
01
01
01
01
01
01
01
01
01
01
01
01
01
01
0F
0A
07
0C
01
01
08
01
08
01
08
01
01
07
01
07
01
01
0009
003F
0040
0001
0076
00000055
0002
0001
00000016
B20041
B900450100
9A0004
B1
B20041
2A
B9004B0200
B1
0000
0003
0077
00000012
0004
0000
0051
000B
0052
000C
0054
0015
0055
0078
0000000C
0001
0000
0016
008E
007D
0000
0080
00000003
0001
0C
