07
01
07
01
0A
07
0C
01
01
01
0A
0C
01
01
0A
0C
01
01
01
01
01
01
01
01
01
01
01
01
01
01
01
01
01
01
01
01
01
01
01
01
01
01
01
01
01
0001
000D
0011
0005
0013
0000005F
0002
0003
0000000B
2A
2B
B7000B
C00003
4D
2C
B0
0000
0003
0014
0000000A
0002
0000
0031
0009
0032
0015
00000020
0003
0000
000B
0016
0017
0000
0000
000B
001C
001D
0001
0009
0002
0027
0028
0002
001E
0000000C
0001
0000
000B
001C
0020
0001
0021
00000005
01
001C
0010
0022
00000002
0029
002A
00000006
0001
0025
0000
0024
00000007
01
0001
0026
0000
