07
0A
0A
0A
0A
09
09
09
09
09
09
08
09
09
08
09
09
09
09
09
09
09
09
09
09
09
0A
09
09
0A
09
0B
07
0A
0A
0A
0A
0A
07
0A
0A
07
0A
0A
0A
08
0A
08
08
08
08
08
0A
08
08
0A
08
08
08
08
08
08
08
08
08
0A
08
08
08
08
08
0B
0B
0A
0B
07
08
07
07
07
01
01
01
05
01
01
01
01
01
01
01
01
01
01
01
01
01
01
01
01
01
01
01
01
01
01
01
01
01
01
01
01
01
01
01
01
01
01
01
01
01
01
07
07
01
01
07
01
01
01
01
01
01
01
01
01
01
01
01
01
01
01
01
01
01
01
01
01
01
01
01
01
01
01
01
01
01
01
01
01
01
01
01
01
01
01
01
01
01
01
01
01
01
01
01
01
01
01
01
01
01
01
01
01
01
01
01
01
01
01
01
01
07
01
01
01
01
01
01
01
01
01
0C
0C
0C
0C
0C
0C
0C
0C
0C
0C
01
0C
0C
01
0C
0C
0C
0C
0C
0C
0C
0C
0C
0C
0C
07
0C
0C
07
0C
0C
0C
07
0C
01
0C
0C
07
0C
0C
07
0C
01
0C
01
0C
0C
01
0C
01
01
01
01
01
0C
01
01
0C
01
01
01
01
01
01
01
01
01
0C
01
01
01
01
01
07
0C
07
0C
0C
0C
01
01
01
01
01
01
01
01
01
01
01
01
01
01
01
01
01
01
01
01
01
01
01
01
01
01
01
01
01
01
01
01
01
01
01
01
01
01
0001
0074
0075
0001
0076
0000008D
0007
0003
0000001A
2A
2B
01
2C
C70007
01
A7000B
BB0001
59
2C
B70002
01
01
01
B70003
B1
0000
0003
0077
0000000A
0002
0000
0095
0019
0098
0078
00000020
0003
0000
001A
0079
007A
0000
0000
001A
0069
006A
0001
0000
001A
0056
006A
0002
007B
0000002B
0002
FF
000B
0003
06
07
007C
07
007C
0003
06
07
007C
05
FF
0007
0003
06
07
007C
07
007C
0004
06
07
007C
05
07
007D
