07
0A
0A
0A
0A
09
09
09
09
09
09
08
09
09
08
09
09
09
09
09
09
09
09
09
09
09
0A
09
09
0A
09
0B
07
0A
0A
0A
0A
0A
07
0A
0A
07
0A
0A
0A
08
0A
08
08
08
08
08
0A
08
08
0A
08
08
08
08
08
08
08
08
08
0A
08
08
08
08
08
0B
0B
0A
0B
07
08
07
07
07
01
01
01
05
01
01
01
01
01
01
01
01
01
01
01
01
01
01
01
01
01
01
01
01
01
01
01
01
01
01
01
01
01
01
01
01
01
01
01
01
01
01
07
07
01
01
07
01
01
01
01
01
01
01
01
01
01
01
01
01
01
01
01
01
01
01
01
01
01
01
01
01
01
01
01
01
01
01
01
01
01
01
01
01
01
01
01
01
01
01
01
01
01
01
01
01
01
01
01
01
01
01
01
01
01
01
01
01
01
01
01
01
07
01
01
01
01
01
01
01
01
01
0C
0C
0C
0C
0C
0C
0C
0C
0C
0C
01
0C
0C
01
0C
0C
0C
0C
0C
0C
0C
0C
0C
0C
0C
07
0C
0C
07
0C
0C
0C
07
0C
01
0C
0C
07
0C
0C
07
0C
01
0C
01
0C
0C
01
0C
01
01
01
01
01
0C
01
01
0C
01
01
01
01
01
01
01
01
01
0C
01
01
01
01
01
07
0C
07
0C
0C
0C
01
01
01
01
01
01
01
01
01
01
01
01
01
01
01
01
01
01
01
01
01
01
01
01
01
01
01
01
01
01
01
01
01
01
01
01
01
01
0001
009B
0085
0001
0076
00000046
0002
0002
0000000A
2B
B80026
2A
2B
B50010
B1
0000
0002
0077
0000000E
0003
0000
01FB
0004
01FD
0009
01FE
0078
00000016
0002
0000
000A
0079
007A
0000
0000
000A
006D
006A
0001
