0A
09
09
09
0A
07
08
0A
0A
07
0A
0A
09
07
0A
0B
0B
0B
0B
0A
0B
0A
0B
07
0A
07
0A
0A
12
0A
07
0A
12
07
0A
12
0A
0A
12
08
07
07
0A
0A
0A
0A
07
0A
09
08
07
0A
0A
09
09
08
09
07
0A
09
08
07
0A
0A
0A
07
0A
09
08
09
07
0A
09
0A
0A
0A
09
0A
0A
09
09
07
0A
0A
0A
0A
09
0A
0A
09
07
0A
09
08
09
07
0A
09
08
09
09
07
0A
0A
0A
0A
0A
07
08
08
08
0A
08
08
07
03
0A
08
08
08
08
08
08
08
08
08
08
08
08
08
08
08
08
08
08
08
08
08
08
08
08
08
08
08
08
08
08
08
08
08
08
08
08
08
08
08
0A
07
0B
0B
07
0A
0A
0A
0A
0A
0A
0A
0A
0A
0A
0A
0A
0A
0B
0A
0A
0A
0A
0A
0A
0A
0A
0A
0A
0A
07
08
08
08
0A
08
08
08
08
08
0A
08
07
0A
0A
0A
0A
0A
0A
0A
0A
0A
0A
0A
0A
0A
0A
0A
0A
0A
0A
07
0A
09
07
08
0A
09
09
07
08
0A
09
07
08
0A
0A
09
09
08
09
07
07
01
01
01
01
01
01
01
01
01
01
03
01
01
03
01
01
01
01
01
01
01
01
01
01
01
03
01
01
01
01
01
01
01
03
01
01
01
01
01
01
03
01
01
01
01
01
01
01
01
01
03
01
01
01
01
01
01
03
01
01
01
01
01
03
01
01
01
01
03
01
01
01
01
01
03
01
01
01
01
01
01
01
01
03
01
01
01
01
01
01
03
01
01
01
01
03
01
01
01
01
01
01
03
01
01
01
01
01
01
03
01
01
01
01
01
01
03
01
01
01
01
01
05
01
01
01
01
01
01
01
01
01
01
01
01
01
01
01
01
01
01
01
01
01
01
01
01
01
01
01
01
01
01
01
01
01
01
01
01
01
01
01
01
01
01
01
01
01
01
01
01
01
01
01
01
01
01
01
01
01
07
01
01
01
01
01
01
01
01
01
01
01
01
01
01
01
01
01
01
01
01
01
01
01
01
01
01
01
01
01
01
01
01
01
01
01
01
01
01
01
01
01
01
01
01
01
01
01
01
01
01
01
01
01
01
01
01
01
01
01
01
01
01
01
01
01
01
01
01
01
01
01
01
01
01
01
01
01
01
01
01
01
01
01
01
01
01
01
01
01
01
01
01
01
01
01
01
01
01
01
01
01
01
01
01
01
01
01
01
01
01
01
01
01
01
01
01
01
01
01
01
01
01
01
01
01
01
01
01
01
01
01
01
01
01
01
01
01
01
01
01
01
01
01
01
01
01
01
01
01
01
01
01
01
01
01
01
01
01
01
01
01
01
01
01
01
07
01
01
01
01
01
01
01
01
01
01
01
01
01
01
01
01
01
01
01
0C
0C
0C
0C
07
0C
01
01
0C
0C
01
0C
0C
01
07
0C
0C
0C
0C
0C
0C
0C
01
01
0C
07
0C
01
0F
08
0C
01
08
01
08
0C
08
01
01
01
0C
0C
01
0C
0C
01
01
0C
0C
01
0C
01
0C
01
01
01
0C
0C
01
0C
01
0C
0C
0C
0C
0C
0C
0C
0C
01
0C
0C
0C
0C
0C
0C
01
0C
01
0C
01
0C
01
0C
0C
01
0C
0C
0C
01
01
0C
01
0C
01
01
01
01
01
01
01
01
01
01
01
01
01
01
0C
01
0C
0C
01
0C
0C
0C
0C
0C
0C
0C
0C
0C
0C
0C
0C
0C
0C
0C
0C
0C
0C
0C
0C
0C
0C
0C
0C
0C
01
01
01
01
0C
01
01
01
01
01
0C
01
0C
0C
0C
0C
0C
0C
0C
0C
0C
0C
0C
0C
0C
0C
0C
0C
01
07
0C
07
0C
01
0C
0C
01
0C
01
01
0C
0C
0C
01
0C
01
01
01
01
01
01
01
01
01
01
01
01
01
01
01
01
01
01
01
01
01
01
0A
01
01
01
01
01
01
01
01
01
01
01
01
01
01
01
01
01
01
01
01
01
01
01
01
01
01
01
01
01
01
01
01
01
01
01
01
01
01
01
01
01
01
01
01
01
01
01
01
01
07
0C
01
07
01
01
07
01
01
0001
0206
019D
0002
018C
00000052
0003
0001
00000017
2A
B40057
C7000E
2A
BB000E
59
B7000F
B50057
2A
B40057
B0
0000
0003
018D
0000000E
0003
0000
044F
0007
0450
0012
0451
018E
0000000C
0001
0000
0017
018F
0190
0000
0196
00000003
0001
12
0107
00000002
01F1
