0A
09
08
0A
0A
0B
0B
0A
0B
0A
07
0A
0A
12
0A
0B
0A
0B
08
0B
0B
12
0B
12
0B
12
0B
07
08
0B
0A
08
0A
08
0B
07
0A
0B
0A
12
0B
0B
07
07
07
01
01
07
01
01
01
01
01
01
01
01
01
01
01
01
01
01
01
01
01
07
07
07
01
07
07
01
01
01
01
01
01
01
01
01
01
01
01
01
01
01
01
01
01
01
01
01
01
01
01
01
01
01
01
01
01
01
01
01
01
01
01
01
01
01
01
01
01
01
01
03
01
0C
07
0C
01
0C
07
0C
0C
0C
0C
0C
0C
01
0C
07
0C
01
0F
10
0F
10
0C
0C
0C
0C
0C
01
07
0C
0F
0C
0C
10
0F
10
0C
07
0C
10
0F
10
0C
0C
01
01
07
0C
0C
01
07
0C
01
0C
01
0C
07
0C
0C
0F
10
0C
0C
0C
01
01
01
01
01
01
01
01
01
01
01
01
01
01
01
01
01
01
01
01
01
01
01
01
01
01
01
0A
01
01
01
01
01
01
01
01
01
01
01
01
01
01
0A
01
01
01
01
01
01
0A
01
01
01
01
01
01
01
01
01
01
07
01
01
01
01
0A
01
01
01
01
01
07
0C
0C
0C
07
01
0C
01
01
07
01
01
01
07
01
01
0002
004E
004F
0002
0034
00000083
0002
0003
0000001F
2B
121D
B9001E0200
4D
2C
C60013
2C
B6001F
1220
B60021
990007
04
A70004
03
AC
0000
0004
0035
0000000A
0002
0000
0095
0009
0096
0036
00000020
0003
0000
001F
0037
0038
0000
0000
001F
0050
0051
0001
0009
0016
0052
0053
0002
0054
0000000C
0001
0000
001F
0050
0055
0001
0041
0000000A
0002
FC
001D
07
002C
40
01
004C
00000002
0056
