0A
07
0C
01
01
01
0A
07
0C
01
01
01
0A
07
0C
01
01
01
09
07
0C
01
01
01
08
01
0A
07
0C
01
01
01
12
0C
01
01
09
0C
01
01
01
01
01
01
01
01
01
01
01
01
01
01
01
01
01
01
01
01
01
01
01
01
01
0F
0A
07
0C
01
01
08
01
01
07
01
07
01
01
0001
0005
0039
0004
002A
0000004D
0002
0003
0000000F
2A
B70001
2A
2B
B50013
2A
2C
B50025
B1
0000
0002
002B
00000006
0001
0000
0018
002C
00000020
0003
0000
000F
002D
002E
0000
0000
000F
0017
0018
0001
0000
000F
0027
0028
0002
0033
00000009
02
0017
0010
0027
0010
003A
00000011
0001
003B
0001
0001003C
5B
0002
73
0017
73
0027
0036
00000006
0001
0037
0000
