0A
0A
09
09
09
09
0A
09
07
0A
07
07
0A
0A
0A
0A
06
0B
09
09
0B
07
0A
0A
09
09
0A
09
09
0A
0B
09
0A
0A
0B
07
0B
0A
0A
0A
07
0A
0A
0A
07
01
01
01
01
01
01
01
01
01
01
01
01
01
01
01
01
01
01
01
01
01
01
01
01
01
01
01
01
01
01
01
07
01
01
01
01
01
01
01
01
07
01
07
01
01
01
01
01
01
01
01
01
01
01
01
01
01
01
01
01
01
01
01
01
01
01
01
07
01
01
01
01
01
01
01
01
01
01
0C
0C
0C
0C
0C
0C
07
0C
0C
01
0C
01
01
0C
07
0C
07
0C
0C
07
0C
07
0C
0C
07
0C
07
01
01
0C
0C
0C
0C
0C
0C
0C
0C
07
0C
0C
0C
0C
07
01
0C
0C
07
0C
0C
01
0C
07
0C
07
0C
01
01
07
01
01
01
01
01
01
01
01
01
01
01
01
01
01
01
01
01
01
01
01
01
01
01
01
01
01
01
01
01
01
01
01
01
01
01
01
01
01
01
01
01
01
01
01
01
01
01
01
01
01
01
01
01
01
01
01
0001
0077
0078
0001
0034
0000002F
0001
0001
00000005
2A
B40003
AC
0000
0002
0035
00000006
0001
0000
007D
0036
0000000C
0001
0000
0005
0037
0038
0000
