09
0A
09
09
09
0A
09
0B
0A
12
0B
12
0B
0B
0B
07
0A
0A
0A
0A
09
07
0A
07
0A
0A
0A
0A
07
0A
07
01
01
01
01
01
05
01
01
01
01
01
01
01
01
01
01
01
01
01
01
01
01
01
01
01
01
01
01
01
01
01
01
01
01
01
01
01
01
01
01
01
01
07
07
01
01
07
01
07
01
01
01
01
01
01
01
07
01
01
01
01
01
01
07
01
01
01
01
01
01
01
01
01
01
01
01
01
01
01
01
01
01
01
01
01
01
0C
0C
0C
0C
0C
0C
0C
07
0C
0C
01
0F
10
0F
10
0C
07
0C
10
0F
10
0C
0C
0C
0C
07
01
0C
07
0C
0C
0C
0C
01
0C
01
01
0C
0C
0C
0C
01
0C
01
01
01
01
01
01
01
01
01
0A
01
0A
01
01
01
01
01
01
01
01
01
01
01
01
01
01
01
01
01
01
01
01
01
01
01
07
0C
0C
01
01
07
01
01
07
01
01
0000
003E
0044
0002
0036
00000137
0002
0008
00000047
2A
B40003
1C
9F0006
1904
B0
1904
3A05
2A
B60009
3A06
1906
B9000E0100
990028
1906
B9000F0100
C00010
3A07
1907
B60011
2D
B80012
99000D
1907
B60013
3A05
A70006
A7FFD4
1905
B0
0000
0004
0037
0000002E
000B
0000
01D2
0008
01D3
000B
01D5
000F
01D6
0015
01D7
001F
01D8
002B
01D9
0037
01DA
003E
01DB
0041
01DD
0044
01DE
0038
00000052
0008
002B
0016
0045
0032
0007
0000
0047
0039
003A
0000
0000
0047
0040
0028
0001
0000
0047
0041
0028
0002
0000
0047
0029
002A
0003
0000
0047
0046
002A
0004
000F
0038
0047
002A
0005
0015
0032
0048
0049
0006
003B
0000003E
0006
002B
0016
0045
0033
0007
0000
0047
0039
003C
0000
0000
0047
0029
002C
0003
0000
0047
0046
002E
0004
000F
0038
0047
002E
0005
0015
0032
0048
004A
0006
0042
0000000E
0004
0B
FD
0009
07
004B
07
004C
2B
02
002B
00000002
004D
