0A
09
07
0A
0B
0A
0B
0A
0A
0A
0A
0B
0A
0B
0B
0B
07
0B
0B
0B
0A
0A
07
07
01
01
01
01
01
01
01
01
01
01
01
01
01
01
01
01
01
01
01
01
01
01
01
01
01
01
01
01
01
01
01
01
01
07
01
01
01
01
01
01
01
01
01
01
01
01
01
01
01
01
01
01
01
0C
0C
01
07
0C
07
0C
07
0C
0C
0C
07
0C
0C
07
0C
0C
07
0C
07
0C
0C
07
01
0C
0C
0C
0C
0C
01
01
01
01
01
01
01
01
01
01
01
01
01
01
01
01
01
01
01
01
01
01
01
01
01
01
01
01
01
01
01
01
01
1041
003C
0049
0002
001F
0000005A
0003
0003
0000000A
2A
2B
C00003
2C
B60016
B1
0000
0003
0020
00000006
0001
0000
0025
0021
00000020
0003
0000
000A
0022
0025
0000
0000
000A
0048
002D
0001
0000
000A
004A
0044
0002
0027
0000000C
0001
0000
000A
0022
0028
0000
0039
00000004
0001
003A
