07
0A
0A
12
0A
0A
12
09
09
0B
09
07
07
0A
0A
0A
09
0A
0A
0A
0B
0A
03
0A
0A
0A
07
09
09
09
09
0A
07
0A
0A
07
07
07
01
01
01
01
01
01
01
01
01
01
01
01
01
01
01
01
01
01
01
01
01
01
01
01
01
01
01
01
01
01
01
01
01
01
01
01
01
07
07
01
01
01
01
01
01
01
01
01
01
01
01
01
01
01
01
01
01
01
01
01
01
01
01
01
01
01
01
01
01
01
01
01
01
01
01
01
01
01
07
01
01
01
0C
0C
01
0F
10
0F
0C
0C
10
0F
10
0C
0C
0C
07
0C
0C
01
01
0C
0C
0C
0C
0C
0C
0C
07
0C
0C
0C
07
0C
0C
01
0C
0C
0C
0C
0C
01
0C
0C
01
01
01
01
0A
01
0A
01
01
01
0A
01
01
01
01
01
01
01
01
01
01
01
01
01
01
01
01
01
01
01
01
07
0C
0C
01
01
07
01
01
01
07
01
01
0001
0062
0063
0002
0035
00000098
0005
0004
00000019
03
3E
1D
2A
B40009
A20011
2A
03
1D
2B
2C
B70018
840301
A7FFED
B1
0000
0004
0036
00000012
0004
0000
0052
000A
0053
0012
0052
0018
0055
0037
0000002A
0004
0002
0016
0060
002C
0003
0000
0019
0038
0039
0000
0000
0019
0056
005F
0001
0000
0019
0058
0059
0002
0044
00000016
0002
0000
0019
0056
005B
0001
0000
0019
0058
005C
0002
004B
00000009
0002
FC
0002
01
FA
0015
0029
00000002
0064
