0A
0A
0B
12
0B
07
0A
08
0A
07
0A
07
0A
07
0A
07
0A
07
0A
07
0A
07
0A
07
0A
09
0A
0B
09
07
0A
09
0A
08
0A
0A
09
0A
0A
0A
0A
07
0A
0B
07
0B
07
0A
0A
0A
07
07
08
0A
08
07
08
08
0A
0B
0A
12
0B
0A
0B
07
0A
08
08
07
01
01
01
01
01
01
01
01
01
01
01
01
01
01
01
01
01
01
01
01
01
01
01
01
01
01
01
01
01
01
01
01
07
01
01
01
01
01
01
07
01
01
01
01
01
01
01
01
01
01
01
01
01
01
01
01
01
01
01
01
01
07
07
01
01
01
01
01
01
01
07
07
07
01
01
01
01
01
01
01
07
07
07
07
01
01
01
01
01
01
01
01
0C
0C
07
0C
01
0F
10
0F
10
0C
07
0C
01
07
0C
01
07
0C
01
01
01
01
0C
01
01
0C
01
0C
01
0C
0C
0C
0C
01
0C
0C
01
07
0C
0C
07
0C
07
0C
0C
0C
0C
01
0C
01
0C
01
0C
0C
0C
01
01
01
0C
01
01
01
01
0C
07
0C
07
0C
10
0F
10
0C
07
0C
07
0C
0C
01
07
0C
01
01
01
01
01
01
01
01
01
01
0A
01
0A
01
01
01
01
01
01
01
01
01
01
01
01
01
01
01
01
01
01
01
01
01
01
01
01
01
01
01
01
01
01
01
01
01
01
01
01
01
01
01
01
01
01
01
01
01
01
01
01
01
01
01
0B
01
01
01
01
01
01
01
01
01
01
01
01
01
01
07
0C
0C
01
01
07
01
01
01
07
01
01
0000
0064
0065
0002
0050
00000052
0002
0001
0000001B
1208
01
B80009
99000D
BB000A
59
B7000B
A7000A
BB000C
59
B7000D
B0
0000
0003
0051
00000006
0001
0000
0057
0052
0000000C
0001
0000
001B
0053
0054
0000
0066
00000007
0002
13
46
07
0067
004C
00000006
0001
0057
0000
