0A
0A
09
09
09
0A
07
09
08
0A
09
08
0A
07
06
0A
0A
07
0A
0A
07
0A
0A
0A
0A
0A
07
0A
0A
0A
0A
0A
07
01
01
01
01
01
01
01
01
01
01
01
01
01
01
01
01
01
01
07
01
01
01
01
01
01
01
01
01
01
01
01
01
01
01
01
07
07
01
07
01
01
01
01
01
01
01
01
01
01
01
01
01
01
01
01
01
01
01
01
01
01
01
01
01
01
01
01
01
01
01
01
01
0C
0C
0C
0C
0C
0C
01
07
0C
01
0C
0C
01
0C
01
0C
0C
01
0C
0C
01
0C
07
0C
0C
07
07
0C
01
0C
0C
0C
0C
01
01
01
01
01
01
01
01
01
01
01
01
01
01
01
01
01
01
01
01
01
01
01
01
01
01
01
0001
0065
0037
0001
002D
0000007B
0002
0002
00000037
BB001C
59
B7001D
4C
2B
2A
B60017
B6001E
1028
B6001F
57
2B
2A
B40004
B60020
102C
B6001F
2A
B40005
B60020
57
2B
1029
B6001F
57
2B
B60021
B0
0000
0002
002E
00000016
0005
0000
0095
0008
0096
0016
0097
002B
0098
0032
0099
002F
00000016
0002
0000
0037
0030
0031
0000
0008
002F
0066
0067
0001
