0A
07
0C
01
01
01
09
07
0C
01
01
01
09
0C
01
01
0B
07
0C
01
01
01
0B
0C
01
01
09
0C
01
05
09
0C
01
05
09
0C
01
05
09
0C
01
05
09
0C
01
05
09
0C
01
05
09
0C
01
05
09
0C
01
05
09
0C
01
05
09
0C
01
05
09
0C
01
05
09
0C
01
05
0A
0C
01
01
0B
07
0C
01
01
01
0B
0C
01
01
0B
07
0C
01
01
01
0B
07
0C
01
01
01
0A
0C
01
01
0B
0C
01
09
07
0C
01
01
08
01
0B
07
0C
01
01
01
08
01
08
01
08
01
08
01
08
01
08
01
08
01
08
01
08
01
08
01
08
01
08
01
0B
0C
01
01
08
01
0B
07
0C
01
01
07
01
0B
0C
01
01
0B
0C
01
01
01
01
01
05
01
01
01
01
01
01
01
01
01
01
01
01
01
01
01
01
01
01
01
01
01
01
01
01
01
01
01
01
01
01
01
01
01
01
01
01
01
01
01
01
01
01
01
01
01
01
01
01
01
01
01
01
01
01
01
01
01
01
01
01
01
01
01
01
01
01
01
01
01
01
01
01
01
01
07
01
07
01
07
01
07
01
01
01
01
0009
0094
00CE
0001
00C3
00000046
0005
0002
0000000E
2A
B2003E
140041
2B
B900170500
B1
0000
0002
00C4
0000000A
0002
0000
023B
000D
023C
00C5
00000016
0002
0000
000E
00CC
00CD
0000
0000
000E
00CF
00CD
0001
