07
01
07
01
07
01
01
01
01
01
01
09
0C
0A
0C
01
01
01
01
01
01
01
09
07
01
0C
01
01
01
01
09
0C
01
01
09
0C
01
01
0A
07
01
0C
01
01
01
01
01
01
01
0A
0C
01
01
01
01
01
0A
0C
01
01
01
01
01
09
0C
01
01
0A
0C
01
01
07
01
01
01
0A
0C
01
01
0A
0C
01
01
07
01
09
0C
01
0A
0C
01
01
01
01
01
01
09
0C
01
01
01
0A
0C
01
01
01
01
01
01
01
01
0C
01
01
01
07
01
01
0001
003E
003F
0001
000B
00000065
0004
0003
0000001C
1F
09
94
9C000D
2A
B4000C
B40040
A7000E
2A
B4000C
B4001F
1F
B60044
B0
0000
0003
0011
0000000E
0003
0000
061E
0017
061F
001B
061E
0012
00000016
0002
0000
001C
0013
0014
0000
0000
001C
0046
001C
0001
0047
00000007
0002
10
4A
07
0048
