0A
07
0A
09
09
07
08
0A
0A
0A
09
07
09
07
0A
08
0A
0A
0A
0A
08
07
09
08
0A
08
0A
07
0A
07
01
01
01
01
01
01
01
01
01
01
01
01
01
01
01
01
01
01
07
07
01
01
01
01
01
01
01
0C
01
0C
0C
01
01
0C
0C
0C
0C
01
07
0C
01
01
0C
0C
0C
07
0C
01
01
0C
01
0C
01
0C
01
0C
01
01
01
01
01
01
01
01
01
01
01
01
01
01
01
01
01
01
01
01
01
01
01
01
01
01
01
01
0009
0033
0034
0001
0023
0000006B
0004
0002
0000001E
2A
BE
04
A2000F
B20017
121A
B60014
02
B8001B
BB001C
59
2A
03
32
B7001D
4C
B1
0000
0003
0024
00000016
0005
0000
004C
0006
004D
000E
004E
0012
0051
001D
0052
0025
00000016
0002
0000
001E
0035
0036
0000
001D
0001
0037
002D
0001
0030
00000003
0001
12
