0A
0A
0A
09
09
09
07
08
08
0A
0A
0A
08
07
0A
07
0A
08
0A
0B
08
0A
08
0B
0A
08
08
08
0A
07
08
0A
08
0A
0A
0A
07
0A
07
0A
0A
0A
07
0A
0A
0A
08
08
08
0A
0A
07
0A
07
0A
0A
07
0A
0A
08
08
08
08
08
08
08
0A
0A
07
0A
07
0A
0A
07
0A
0A
08
08
08
08
0A
0A
07
0A
07
0A
0A
07
0A
0A
08
08
08
08
08
08
0A
0A
07
0A
07
0A
0A
07
0A
0A
08
08
08
08
0A
0A
07
0A
07
0A
0A
07
0A
0A
08
08
08
08
08
08
0A
0A
07
0A
07
0A
0A
07
0A
0A
08
08
08
0A
0A
07
0A
07
0A
0A
07
0A
0A
08
08
08
0A
0A
07
0A
07
0A
0A
07
0A
0A
08
08
08
0A
0A
07
0A
07
0A
0A
07
0A
0A
08
08
08
0A
0A
07
0A
07
0A
0A
07
0A
0A
07
07
01
01
01
01
01
01
01
01
01
01
01
01
01
01
01
01
01
01
01
01
01
01
01
01
01
01
01
01
01
01
01
01
01
01
01
01
01
01
01
01
01
01
01
01
01
01
01
01
01
01
01
01
01
01
01
01
01
01
01
01
01
07
07
07
07
07
01
01
01
01
01
01
01
01
01
01
01
01
01
01
01
01
01
01
01
01
01
01
07
01
01
01
01
01
01
01
01
01
01
01
01
01
01
01
01
01
01
01
01
01
01
01
01
01
01
01
01
01
01
01
01
01
01
01
01
01
01
01
07
01
01
01
01
01
01
01
01
01
01
01
01
01
01
01
01
01
01
01
01
01
01
01
01
01
07
01
01
01
01
01
01
01
01
01
01
01
01
01
01
07
01
01
01
01
01
01
01
01
01
01
01
01
01
01
07
01
01
01
01
01
01
01
01
01
01
01
01
01
01
07
01
01
01
01
01
01
01
01
01
01
01
01
01
01
07
01
01
01
01
01
01
01
01
01
01
01
01
07
0C
0C
0C
0C
0C
0C
01
01
01
0C
07
0C
0C
01
01
01
0C
0C
01
0C
01
0C
0C
01
01
01
0C
01
01
0C
01
0C
0C
07
0C
01
0C
01
0C
0C
0C
01
0C
01
01
01
0C
0C
01
0C
01
01
01
01
01
01
01
01
0C
0C
01
0C
01
01
01
01
01
01
0C
0C
01
0C
01
01
01
01
01
01
0C
0C
01
0C
01
01
01
01
01
01
0C
0C
01
0C
01
01
01
01
01
01
0C
0C
01
0C
01
01
01
01
01
0C
0C
01
0C
01
01
01
01
01
0C
0C
01
0C
01
01
01
01
01
0C
0C
01
0C
01
01
01
01
01
0C
0C
01
0C
01
01
01
01
01
01
01
01
01
01
01
01
01
01
01
01
01
01
01
01
01
01
01
01
01
01
01
01
01
01
01
01
01
01
01
01
01
01
01
01
01
01
01
01
0002
0196
0192
0002
00C8
000000B0
0006
0007
0000002C
2B
C7000D
BB001E
59
12B1
B70020
BF
2C
C7000D
BB001E
59
12B2
B70020
BF
2A
2B
2C
2D
1904
1905
B600B3
3A06
1906
B0
0000
0003
00C9
0000001A
0006
0000
0892
0004
0893
000E
0897
0012
0898
001C
089C
0029
089D
00CA
00000048
0007
0000
002C
00CB
00CC
0000
0000
002C
00DE
00C5
0001
0000
002C
00DF
00C5
0002
0000
002C
00E0
00C5
0003
0000
002C
0193
0194
0004
0000
002C
00E3
00E4
0005
0029
0003
0103
0104
0006
00FB
00000004
0002
0E
0D
0101
00000004
0001
001E
