09
07
0C
01
01
01
09
0C
01
09
0C
01
01
0A
07
0C
01
01
01
08
0A
07
0C
01
01
01
08
0A
0C
01
01
0B
07
0C
01
01
01
0A
07
0C
01
01
01
0A
07
0C
01
01
01
0A
0C
01
01
0A
0C
01
01
0A
0C
01
01
07
01
12
0C
01
01
0A
0C
01
0A
0C
01
01
0A
0C
01
01
0A
0C
01
07
01
0A
0A
0C
01
01
07
01
01
01
01
01
01
01
01
01
01
01
01
01
01
01
01
01
01
01
01
01
01
01
01
01
01
01
01
01
01
0F
0A
07
0C
01
01
08
01
01
07
01
07
01
01
0001
0012
0013
0001
005C
00000033
0001
0001
00000005
2A
B7000E
B1
0000
0002
005D
0000000A
0002
0000
0032
0004
0034
005E
0000000C
0001
0000
0005
005F
0060
0000
