0A
09
07
0A
09
09
09
0B
09
09
09
09
09
09
09
0A
07
0A
07
0A
07
0A
08
0A
08
0A
08
08
08
08
08
08
08
08
08
08
08
0A
08
0A
08
0A
01
01
01
08
01
01
01
01
01
08
01
01
01
08
01
01
01
08
01
01
01
08
01
01
01
08
01
01
08
01
01
01
08
01
01
08
01
01
01
08
01
01
01
01
01
01
01
01
01
01
01
01
01
01
01
01
01
01
01
01
01
01
01
01
01
01
01
07
01
01
01
01
01
01
01
01
01
01
01
01
01
01
01
01
01
01
01
01
01
01
01
01
03
01
01
01
01
01
01
01
01
01
01
01
01
01
01
01
01
01
01
01
01
01
01
01
01
01
01
01
01
01
01
01
01
01
01
01
01
01
01
01
01
01
01
01
01
01
01
01
07
01
01
01
01
01
01
01
01
01
01
01
01
01
0C
0C
01
0C
07
0C
0C
07
0C
0C
0C
0C
0C
0C
0C
0C
0C
01
07
0C
01
0C
01
01
0C
01
0C
01
01
01
01
01
01
01
01
01
01
01
0C
01
01
07
0C
07
01
01
01
01
01
01
01
01
01
01
01
01
01
01
01
01
01
0001
0039
005C
0002
0057
00000051
0002
0002
00000007
2A
2B
B50005
2A
B0
0000
0003
0058
0000000A
0002
0000
008F
0005
0090
0059
00000016
0002
0000
0007
005A
005B
0000
0000
0007
0039
0030
0001
005D
0000000C
0001
0000
0007
0039
003A
0001
0031
00000002
007D
