0A
07
0A
09
09
0A
0A
0A
0A
0A
0A
0A
0A
0A
0A
07
07
07
01
01
01
01
01
01
01
01
01
01
01
01
01
01
01
01
01
07
01
01
01
01
01
01
01
01
01
01
01
01
01
01
01
01
01
01
01
01
01
01
01
01
01
01
01
01
01
01
01
01
01
01
01
01
0C
01
0C
0C
07
0C
0C
0C
0C
0C
0C
0C
0C
0C
0C
0C
01
01
01
01
01
01
01
01
01
01
01
0001
0028
0029
0003
0017
00000041
0002
0002
00000009
2A
B40004
1B
B60008
B1
0000
0002
0018
0000000A
0002
0000
0030
0008
0031
0019
00000016
0002
0000
0009
001A
001B
0000
0000
0009
0021
002A
0001
0023
00000004
0001
0024
001E
00000005
01
0021
0000
