01
07
01
07
01
01
01
01
01
01
01
07
01
01
07
01
01
07
01
07
01
01
01
01
01
01
01
01
01
01
01
01
01
01
01
01
01
01
01
01
01
01
01
01
01
01
01
01
01
01
01
01
01
01
01
01
01
01
01
01
01
01
01
01
01
01
01
01
01
01
01
01
01
01
01
01
01
01
01
01
01
01
01
01
01
01
01
01
01
01
01
01
01
01
01
01
01
0C
0A
01
07
01
01
0C
0A
01
01
0C
0A
0C
09
06
01
01
0C
09
01
0C
0A
0C
09
03
0C
09
0C
09
0C
09
0C
09
0C
09
0C
09
0C
09
0C
09
01
07
01
07
01
01
0C
09
01
0C
0A
0C
09
0C
09
05
0C
09
05
0C
09
0C
09
06
0C
09
0C
09
06
0C
09
06
01
0C
09
0C
09
0C
09
0C
09
01
07
01
0C
09
0C
09
01
07
01
0C
09
0C
09
0C
09
0C
09
0C
09
06
0C
09
0C
09
06
0C
09
0C
09
06
0C
09
0C
09
0C
09
01
0C
09
0C
09
0C
09
0C
09
0C
09
0C
09
0C
09
0C
09
01
01
01
01
01
01
01
01
01
01
0C
09
01
01
0C
0A
06
01
01
0C
0A
01
01
01
01
01
05
01
01
01
01
01
01
0C
09
01
01
01
01
01
01
01
01
0C
09
01
01
01
01
01
0C
0A
01
07
01
01
0C
0A
01
01
01
01
01
07
01
01
01
01
01
01
01
01
01
01
01
01
01
01
01
01
0C
09
01
01
01
01
01
01
01
01
01
01
01
01
01
01
01
01
01
01
01
01
01
01
01
01
01
01
01
0C
09
01
01
01
01
01
01
01
01
01
01
01
01
01
01
0C
09
01
01
0C
09
01
07
01
01
0C
0A
01
07
01
01
01
07
01
01
0C
0A
01
01
01
01
01
01
01
01
01
01
01
05
01
01
01
01
01
01
01
01
01
01
01
01
01
01
01
01
01
0C
09
01
01
01
01
01
01
01
01
01
01
01
01
0C
09
01
01
01
01
01
01
01
01
0C
09
01
01
01
0C
09
01
01
01
0C
09
01
01
01
01
01
01
01
01
01
01
01
01
01
01
01
01
01
01
01
01
0C
09
01
01
01
01
01
01
01
01
0C
09
01
01
01
01
01
01
0C
09
01
01
01
01
0C
09
01
01
01
0C
09
01
01
01
01
01
01
01
01
01
01
01
01
01
01
01
01
0C
09
01
01
01
01
0C
09
01
01
01
01
01
01
01
01
01
01
01
01
01
01
01
01
01
01
0C
09
01
01
01
01
01
01
01
01
0C
0A
01
01
0C
0A
01
0C
0A
01
01
01
01
01
01
01
01
01
01
01
01
0001
00FB
00FC
0001
023B
00000061
0006
0001
00000026
2A
B400FE
C7001D
BB0014
59
2A
B4007A
B60102
140103
6F
6F
2A
B4007A
B60108
B70078
B0
2A
B400FE
B0
0000
0003
023C
0000000C
0001
0000
0026
00F3
00F4
0000
023D
0000000E
0003
0000
0086
0007
0087
0021
0089
023F
00000003
0001
21
