01
07
01
07
01
01
01
01
01
01
01
07
01
01
07
01
01
07
01
07
01
01
01
01
01
01
01
01
01
01
01
01
01
01
01
01
01
01
01
01
01
01
01
01
01
01
01
01
01
01
01
01
01
01
01
01
01
01
01
01
01
01
01
01
01
01
01
01
01
01
01
01
01
01
01
01
01
01
01
01
01
01
01
01
01
01
01
01
01
01
01
01
01
01
01
01
01
0C
0A
01
07
01
01
0C
0A
01
01
0C
0A
0C
09
06
01
01
0C
09
01
0C
0A
0C
09
03
0C
09
0C
09
0C
09
0C
09
0C
09
0C
09
0C
09
0C
09
01
07
01
07
01
01
0C
09
01
0C
0A
0C
09
0C
09
05
0C
09
05
0C
09
0C
09
06
0C
09
0C
09
06
0C
09
06
01
0C
09
0C
09
0C
09
0C
09
01
07
01
0C
09
0C
09
01
07
01
0C
09
0C
09
0C
09
0C
09
0C
09
06
0C
09
0C
09
06
0C
09
0C
09
06
0C
09
0C
09
0C
09
01
0C
09
0C
09
0C
09
0C
09
0C
09
0C
09
0C
09
0C
09
01
01
01
01
01
01
01
01
01
01
0C
09
01
01
0C
0A
06
01
01
0C
0A
01
01
01
01
01
05
01
01
01
01
01
01
0C
09
01
01
01
01
01
01
01
01
0C
09
01
01
01
01
01
0C
0A
01
07
01
01
0C
0A
01
01
01
01
01
07
01
01
01
01
01
01
01
01
01
01
01
01
01
01
01
01
0C
09
01
01
01
01
01
01
01
01
01
01
01
01
01
01
01
01
01
01
01
01
01
01
01
01
01
01
01
0C
09
01
01
01
01
01
01
01
01
01
01
01
01
01
01
0C
09
01
01
0C
09
01
07
01
01
0C
0A
01
07
01
01
01
07
01
01
0C
0A
01
01
01
01
01
01
01
01
01
01
01
05
01
01
01
01
01
01
01
01
01
01
01
01
01
01
01
01
01
0C
09
01
01
01
01
01
01
01
01
01
01
01
01
0C
09
01
01
01
01
01
01
01
01
0C
09
01
01
01
0C
09
01
01
01
0C
09
01
01
01
01
01
01
01
01
01
01
01
01
01
01
01
01
01
01
01
01
0C
09
01
01
01
01
01
01
01
01
0C
09
01
01
01
01
01
01
0C
09
01
01
01
01
0C
09
01
01
01
0C
09
01
01
01
01
01
01
01
01
01
01
01
01
01
01
01
01
0C
09
01
01
01
01
0C
09
01
01
01
01
01
01
01
01
01
01
01
01
01
01
01
01
01
01
0C
09
01
01
01
01
01
01
01
01
0C
0A
01
01
0C
0A
01
0C
0A
01
01
01
01
01
01
01
01
01
01
01
01
0001
01CE
010A
0002
023B
0000003F
0002
0002
00000007
2A
2B
B500D3
2A
B0
0000
0002
023C
00000016
0002
0000
0007
00F3
00F4
0000
0000
0007
004D
001B
0001
023D
0000000A
0002
0000
0273
0005
0274
023E
0000000B
0001
00F9
0001
00010007
73
01CF
