0A
09
0A
07
07
0A
0A
09
09
07
08
0A
09
07
08
0A
09
07
08
0A
09
07
08
0A
09
07
01
01
01
01
01
01
01
01
01
01
01
01
01
01
01
01
01
01
01
01
01
01
01
01
01
01
01
01
01
07
01
01
01
01
01
01
01
01
01
01
01
01
01
0C
0C
07
0C
07
01
0C
0C
0C
0C
01
0C
01
0C
01
0C
01
0C
01
01
01
01
01
01
01
0002
0030
0031
0002
0029
0000005C
0003
0005
00000012
2A
2B
1C
B70007
2A
1D
B50008
2A
1504
B50009
B1
0000
0002
002A
00000012
0004
0000
00A3
0006
00A4
000B
00A5
0011
00A6
002D
00000020
0003
0000
0012
0032
001E
0000
0000
0012
0022
0023
0003
0000
0012
0024
0023
0004
0033
00000002
0034
