0A
09
09
09
09
09
09
09
09
09
0B
07
07
0A
07
0A
0A
0A
0A
0A
0A
0B
0A
07
07
0A
08
0A
0A
0A
07
0A
0A
09
09
09
0A
0A
08
08
0A
07
08
0A
08
0A
0A
08
08
0A
08
08
0A
0A
0A
08
08
0A
0A
0A
0A
0A
0B
0B
0A
09
09
09
0A
0A
08
0A
08
07
07
07
01
01
07
01
01
01
01
01
01
01
01
01
01
01
01
01
01
01
01
01
01
01
01
01
01
01
01
01
01
01
01
01
01
01
01
01
01
01
01
01
01
07
01
01
01
01
01
01
01
01
01
01
07
01
01
01
01
01
01
01
07
07
01
01
01
01
01
01
01
01
01
01
01
01
01
01
01
01
01
01
01
01
01
01
01
07
07
01
01
01
01
01
01
01
01
01
01
01
01
01
01
01
01
01
01
01
07
07
01
01
01
01
01
01
01
01
01
01
01
01
01
01
0C
0C
0C
0C
0C
0C
0C
0C
0C
0C
07
0C
01
01
0C
01
07
0C
07
0C
0C
0C
0C
07
0C
07
0C
07
0C
01
01
01
0C
0C
0C
01
07
0C
0C
0C
0C
0C
01
01
0C
01
01
0C
0C
01
0C
01
01
0C
0C
0C
01
01
0C
0C
0C
07
0C
07
0C
0C
0C
0C
0C
0C
0C
0C
0C
01
01
01
01
01
01
01
01
01
01
01
01
01
01
01
01
01
01
01
01
01
01
01
01
01
01
01
01
01
01
01
01
01
01
01
01
01
01
01
01
01
01
01
01
01
01
0001
0079
007A
0001
006A
0000003E
0003
0003
00000006
2A
1F
B50009
B1
0000
0002
006B
0000000A
0002
0000
0066
0005
0067
006C
00000016
0002
0000
0006
006D
006E
0000
0000
0006
0063
0064
0001
