0A
08
08
09
09
09
09
09
09
09
09
09
09
09
09
09
09
09
09
09
09
09
09
09
09
09
09
09
09
09
09
09
09
09
09
09
09
09
09
09
09
07
07
07
0A
08
0A
0A
0A
08
0A
0A
0A
08
0A
08
08
08
08
08
08
08
08
08
08
08
08
08
08
08
08
08
08
08
08
08
08
08
08
08
08
08
08
08
08
08
08
07
0A
0A
08
07
0A
0A
08
0A
08
0A
0A
0A
0A
0A
0A
07
07
01
01
01
01
01
01
01
01
01
01
01
01
01
01
01
01
01
01
01
01
01
01
01
01
01
01
01
01
01
01
01
01
01
01
01
01
01
01
01
01
01
01
01
01
01
01
01
01
01
01
01
01
01
01
01
01
01
01
01
01
01
01
01
01
01
01
01
01
01
01
01
01
01
01
01
01
01
01
01
01
01
01
01
01
01
01
01
01
01
01
01
01
01
01
01
01
01
01
01
01
01
01
01
01
01
01
01
01
01
01
01
01
01
01
01
01
01
01
01
01
01
01
01
01
01
01
01
01
01
01
01
01
01
01
01
01
01
01
01
01
0C
01
01
0C
0C
0C
0C
0C
0C
0C
0C
0C
0C
0C
0C
0C
0C
0C
0C
0C
0C
0C
0C
0C
0C
0C
0C
0C
0C
0C
0C
0C
0C
0C
0C
0C
0C
0C
0C
0C
0C
01
01
01
01
0C
07
0C
07
0C
01
0C
0C
0C
0C
01
0C
0C
01
0C
07
0C
0C
0C
07
0C
07
0C
0C
0C
01
01
01
01
01
01
01
01
01
01
01
01
01
01
01
01
01
01
01
01
01
01
01
01
01
01
01
01
01
01
0001
00DF
00E0
0001
0094
0000003E
0002
0002
00000006
2A
2B
B50025
B1
0000
0002
0095
0000000A
0002
0000
0101
0005
0102
0096
00000016
0002
0000
0006
0097
0098
0000
0000
0006
00E1
008D
0001
