0A
09
09
07
09
0A
09
07
0B
0A
0A
0A
0A
07
0A
0A
0A
07
01
01
01
01
01
01
01
01
01
01
01
01
01
01
01
01
01
01
01
01
01
01
01
01
01
01
01
01
01
01
07
01
01
01
01
01
01
01
0C
0C
0C
01
0C
0C
0C
01
07
0C
07
0C
0C
0C
0C
01
0C
0C
01
01
01
01
01
01
01
01
01
01
01
01
01
01
01
01
0001
0019
001A
0001
001B
00000085
0007
0005
00000023
2A
1904
B70001
2A
2C
B50002
2A
2D
B50003
2A
BB0004
59
2A
B40005
2B
2C
2D
B70006
B50007
B1
0000
0002
001C
00000016
0005
0000
0034
0006
0035
000B
0036
0010
0037
0022
0038
001D
00000034
0005
0000
0023
001E
001F
0000
0000
0023
0020
0021
0001
0000
0023
0013
0014
0002
0000
0023
0015
0016
0003
0000
0023
0022
0023
0004
