0A
08
08
09
09
09
09
09
09
09
09
09
09
09
09
09
09
09
09
09
09
09
09
09
09
09
09
09
09
09
09
09
09
09
09
09
09
09
09
09
09
07
07
07
0A
08
0A
0A
0A
08
0A
0A
0A
08
0A
08
08
08
08
08
08
08
08
08
08
08
08
08
08
08
08
08
08
08
08
08
08
08
08
08
08
08
08
08
08
08
08
07
0A
0A
08
07
0A
0A
08
0A
08
0A
0A
0A
0A
0A
0A
07
07
01
01
01
01
01
01
01
01
01
01
01
01
01
01
01
01
01
01
01
01
01
01
01
01
01
01
01
01
01
01
01
01
01
01
01
01
01
01
01
01
01
01
01
01
01
01
01
01
01
01
01
01
01
01
01
01
01
01
01
01
01
01
01
01
01
01
01
01
01
01
01
01
01
01
01
01
01
01
01
01
01
01
01
01
01
01
01
01
01
01
01
01
01
01
01
01
01
01
01
01
01
01
01
01
01
01
01
01
01
01
01
01
01
01
01
01
01
01
01
01
01
01
01
01
01
01
01
01
01
01
01
01
01
01
01
01
01
01
01
01
0C
01
01
0C
0C
0C
0C
0C
0C
0C
0C
0C
0C
0C
0C
0C
0C
0C
0C
0C
0C
0C
0C
0C
0C
0C
0C
0C
0C
0C
0C
0C
0C
0C
0C
0C
0C
0C
0C
0C
0C
01
01
01
01
0C
07
0C
07
0C
01
0C
0C
0C
0C
01
0C
0C
01
0C
07
0C
0C
0C
07
0C
07
0C
0C
0C
01
01
01
01
01
01
01
01
01
01
01
01
01
01
01
01
01
01
01
01
01
01
01
01
01
01
01
01
01
01
0001
00A7
009D
0001
0094
0000003E
0002
0002
00000006
2A
2B
B50009
B1
0000
0002
0095
0000000A
0002
0000
0059
0005
005A
0096
00000016
0002
0000
0006
0097
0098
0000
0000
0006
00A8
006B
0001
