0A
09
0A
09
09
09
0A
0A
0A
07
08
0A
0A
07
07
01
01
01
01
01
01
01
01
01
01
01
01
01
01
01
01
01
01
01
01
01
01
01
01
07
07
07
01
01
01
01
01
01
0C
0C
0C
0C
0C
07
0C
07
0C
0C
0C
01
01
07
0C
0C
01
01
01
01
01
01
01
01
01
01
01
01
01
01
01
0001
001E
001F
0001
0017
00000061
0003
0002
00000018
2A
B40004
02
A00008
2A
1B
B50004
2A
59
B40005
04
60
B50005
B1
0000
0003
0018
00000012
0004
0000
007C
0008
007D
000D
007F
0017
0080
0019
00000016
0002
0000
0018
001A
001D
0000
0000
0018
0020
0011
0001
0021
00000003
0001
0D
