08
0A
07
0A
0A
0A
0A
08
07
0A
0A
07
07
0A
0A
0A
0A
08
07
0A
0A
0A
08
07
0A
07
07
0A
0A
0A
08
07
0A
0A
0A
08
07
0A
07
07
0A
0A
0A
08
07
0A
07
07
0A
0A
0A
0A
08
07
0A
0A
0A
0A
0A
0A
0A
0A
07
0A
09
07
07
07
07
01
01
01
01
01
01
01
01
01
01
01
01
01
01
01
01
01
01
01
01
01
01
01
01
01
01
07
07
07
07
01
01
01
01
01
07
07
01
01
01
07
01
01
01
07
01
01
01
07
01
01
01
07
01
01
01
01
01
01
01
01
07
01
01
01
01
01
01
01
01
01
01
01
01
01
01
01
0C
01
0C
0C
0C
0C
01
01
0C
0C
01
01
0C
01
01
01
01
01
01
01
01
01
01
01
01
01
01
01
01
0C
0C
01
01
0C
0C
0C
0C
0C
0C
0C
01
07
0C
0C
01
01
01
01
01
01
01
01
01
01
01
01
01
01
01
01
01
01
01
01
01
01
01
0001
0064
0086
0001
0050
00000046
0004
0003
00000008
2A
01
2B
2C
B60039
B1
0000
0002
0051
00000006
0001
0000
008D
0052
00000020
0003
0000
0008
0053
0054
0000
0000
0008
005B
005C
0001
0000
0008
0066
0067
0002
