07
0A
0A
0A
08
0A
0B
09
07
08
0A
0A
0A
07
08
0A
07
0A
0A
0A
0A
0A
07
0A
0A
07
0A
07
07
01
01
01
01
01
01
01
01
07
07
01
01
01
01
01
01
01
01
01
01
01
07
07
07
07
07
01
01
01
01
01
07
07
01
01
01
01
01
01
0C
0C
01
07
0C
07
0C
0C
01
01
0C
07
0C
0C
01
01
01
0C
0C
07
0C
07
0C
01
0C
0C
01
0C
01
01
01
01
01
01
01
01
01
01
01
01
01
01
01
01
01
01
01
01
01
01
01
0001
002E
0039
0005
0022
00000023
0004
0003
0000000B
2A
2B
01
C00011
2C
B60018
B0
0000
0001
0023
00000006
0001
0000
009B
0030
00000004
0001
0017
003A
00000002
003B
0031
00000006
0001
0038
0000
0028
0000000D
02
0001
0029
0000
0001
0029
0000
