07
07
07
01
01
01
08
01
08
01
08
01
08
01
08
01
08
01
08
01
08
01
08
01
08
01
08
01
08
01
08
01
08
01
08
01
08
01
08
01
08
01
08
01
08
01
08
01
08
01
08
01
08
01
08
01
08
01
08
01
08
01
08
01
08
01
08
01
08
01
08
01
08
01
08
01
08
01
08
01
08
01
08
01
08
01
08
01
08
01
08
01
08
01
08
01
08
01
08
01
01
01
01
01
01
01
01
01
01
01
01
01
01
01
01
01
01
01
01
01
01
01
01
01
01
01
01
01
01
01
01
01
01
01
01
01
01
01
01
01
01
01
01
01
01
01
01
01
01
01
01
01
01
01
01
01
01
01
01
01
01
01
01
01
01
01
01
01
01
01
01
01
01
0401
009E
0069
0000
