01
07
01
07
01
01
0C
0A
01
01
01
01
01
01
08
01
07
01
01
0C
0A
01
07
01
0C
0A
01
07
01
01
01
01
08
01
07
01
01
0C
0A
01
08
01
0C
0A
01
07
01
01
0A
01
0C
09
01
01
03
03
03
01
01
03
01
01
01
01
01
01
01
01
01
01
01
01
01
01
01
01
01
01
0011
001E
001F
0003
0047
00000059
0002
0003
00000019
2B
1221
B80015
2B
C00023
B60027
4D
2C
1229
B8002C
2C
C0002E
B0
0000
0002
0048
00000012
0004
0006
0011
000A
0012
000E
0011
0018
0012
0049
00000016
0002
0000
0019
0009
000A
0000
0000
0019
0020
002F
0001
004A
00000006
0001
000D
0000
004B
00000007
01
0001
000D
0000
