0A
0A
0A
07
08
0A
03
0A
07
0A
0A
07
07
0A
08
0A
0A
08
0A
0A
0A
0A
07
0A
0A
07
08
0A
09
0A
0A
0A
07
07
01
01
01
01
01
01
01
01
01
01
01
01
01
01
01
01
01
01
01
01
01
01
01
01
01
01
01
01
01
01
01
01
01
01
01
01
01
01
01
01
01
01
01
01
01
01
01
01
01
01
01
0C
0C
0C
01
01
0C
0C
01
0C
0C
01
01
01
0C
0C
01
0C
0C
0C
01
0C
0C
01
01
07
0C
0C
0C
0C
01
01
01
01
01
01
01
01
01
01
01
01
01
01
01
01
01
01
01
01
01
01
0001
0045
0046
0002
0025
00000031
0002
0001
00000007
2A
1207
B60008
B0
0000
0002
0026
00000006
0001
0000
0091
0027
0000000C
0001
0000
0007
0028
0029
0000
0032
00000004
0001
000C
