0A
09
09
09
09
0A
09
0A
09
0A
07
0A
07
0A
0A
0A
0A
0A
0A
07
0A
0A
0A
0A
0A
0A
07
0A
07
0A
0A
0A
07
0A
0A
0A
0A
09
0A
09
0A
0A
0A
09
0A
0A
0A
0A
0A
0A
0A
09
0A
0A
0A
0A
0B
0B
0B
0B
0B
0B
0A
0A
0A
0A
0A
0A
0A
09
0A
0A
0A
0A
0A
0A
0A
07
0A
07
07
01
01
01
07
01
01
01
01
05
01
01
03
01
01
01
01
03
01
01
01
01
01
01
01
01
01
01
07
01
01
01
01
01
01
01
01
01
01
01
01
07
01
01
01
01
01
01
01
01
07
01
01
01
01
01
01
01
01
01
01
01
01
01
07
01
01
07
07
07
07
07
07
07
07
01
01
07
01
01
01
07
01
01
01
01
01
01
07
01
07
01
01
01
01
01
01
01
01
07
01
01
01
01
01
01
01
01
01
01
01
01
01
01
01
01
01
01
01
01
01
01
01
01
01
01
01
01
01
01
01
01
01
01
01
01
01
07
07
01
01
01
01
01
01
01
01
01
01
01
01
07
01
01
07
01
01
01
01
07
01
01
01
01
01
01
01
01
01
01
01
01
01
01
01
01
01
01
0C
0C
0C
0C
0C
0C
0C
0C
0C
07
01
01
07
0C
07
0C
0C
0C
0C
01
0C
0C
0C
0C
0C
0C
01
0C
01
0C
0C
0C
01
0C
0C
0C
0C
0C
07
0C
0C
0C
0C
0C
0C
0C
0C
0C
0C
0C
0C
0C
07
0C
07
0C
0C
0C
0C
0C
0C
0C
0C
0C
0C
0C
0C
0C
0C
0C
0C
0C
0C
0C
0C
0C
01
01
01
01
01
01
01
01
01
01
01
01
07
01
01
01
01
07
01
07
01
01
01
01
01
01
01
01
01
01
01
01
01
01
01
01
01
01
01
01
01
01
01
01
01
01
01
01
01
01
01
01
01
01
01
01
01
01
01
01
01
01
01
01
01
01
01
01
01
01
01
01
01
01
01
01
01
01
01
01
01
1000
006D
00F2
0001
0070
00000044
0002
0003
00000006
2A
2B
B70006
B1
0000
0002
0071
00000006
0001
0000
3E17
0072
00000020
0003
0000
0006
0073
0068
0000
0000
0006
00F3
0075
0001
0000
0006
00F4
00F5
0002
