08
09
0A
09
09
09
09
07
09
0A
07
09
0A
0A
0A
07
01
01
01
01
01
01
01
01
01
01
01
01
01
01
07
07
01
01
01
01
07
01
01
01
01
01
01
01
01
01
01
07
0C
0C
0C
0C
0C
0C
01
07
0C
0C
01
0C
0C
0C
0C
07
01
01
01
07
01
01
01
01
01
01
01
01
07
01
01
01
01
01
01
01
01
01
07
01
01
01
01
01
01
0001
0013
0014
0001
0015
0000008B
0004
0002
00000022
2A
1201
2B
C70009
B20002
A70004
2B
B20002
B70003
2A
B20004
B50005
2A
1201
B50006
B1
0000
0003
0016
00000012
0004
0000
005D
0014
005A
001B
005E
0021
005F
0017
00000016
0002
0000
0022
0018
001B
0000
0000
0022
001C
001D
0001
001E
00000023
0002
FF
000D
0002
06
07
001F
0002
06
07
0020
FF
0000
0002
06
07
001F
0003
06
07
0020
07
001F
