07
07
07
07
01
01
01
01
01
03
01
01
03
01
01
03
01
01
01
01
01
01
03
01
01
03
01
01
03
01
01
03
01
01
01
01
01
01
03
01
03
01
03
01
01
03
01
03
01
01
03
01
03
01
03
01
03
03
01
03
03
01
03
01
01
03
01
03
01
03
01
03
01
01
03
03
01
01
03
01
03
01
03
03
01
03
01
03
03
01
03
03
01
01
03
01
01
03
01
03
03
01
01
03
01
01
03
01
03
03
01
03
03
01
03
03
01
03
03
01
03
03
01
01
03
01
03
01
01
03
01
01
03
01
01
01
01
03
01
01
01
01
01
01
01
01
01
0401
0083
0084
0002
0007
00000016
0002
0008
0001
00010009
49
0085
0011
0001
00010012
65
0013
0014
0021
0000000E
01
0001
0049
0001
00010009
65
0013
001B
