0A
07
07
0A
0A
0A
09
0A
0A
07
0B
0A
07
09
07
0A
08
0A
08
0A
0B
07
0A
09
08
0A
0A
07
0A
0A
07
0A
07
0A
07
0A
07
0A
07
0A
07
0A
07
0A
07
0A
07
07
01
01
01
01
01
01
01
01
01
01
01
01
01
01
01
01
01
01
01
07
01
01
01
01
01
01
01
01
01
01
01
01
01
01
01
01
01
01
01
01
01
01
01
07
0C
01
01
0C
0C
0C
0C
0C
0C
01
0C
0C
01
0C
01
01
0C
01
0C
07
0C
01
0C
01
0C
07
0C
01
0C
01
01
01
01
01
01
01
01
01
01
07
01
01
01
01
01
01
01
01
01
01
01
01
01
01
01
01
01
01
01
01
01
01
01
0008
0054
0055
0002
003A
0000004E
0003
0002
00000012
2A
B80001
B0
4C
BB0003
59
2B
B60004
B70005
BF
0001
0000
0005
0005
0002
0002
003B
00000006
0001
0000
0029
003C
00000016
0002
0000
0012
0056
0049
0000
0006
000C
0057
0058
0001
0037
00000000
