0A
07
0C
01
01
01
09
07
0C
01
01
01
09
07
0C
01
01
01
0A
07
0C
01
01
01
0A
07
0C
01
01
01
09
0C
01
01
0A
07
0C
01
01
01
07
01
09
0C
01
01
09
0C
01
09
0C
01
09
0C
01
0A
0C
01
01
0A
0C
01
01
0A
07
0C
01
01
01
0A
0C
01
0A
07
0C
01
01
0A
0C
01
01
0A
0C
01
07
01
0A
0C
01
01
07
01
0A
0C
01
0A
0C
01
01
0A
0C
01
01
0A
07
0C
01
01
01
07
01
08
01
0A
0C
01
0A
07
0C
01
01
09
0C
01
01
09
0C
01
0A
0C
01
01
09
09
09
0C
01
09
0C
01
09
0C
01
01
0A
07
0C
01
01
01
09
09
09
09
09
0C
01
0A
07
0C
01
01
01
0A
0C
01
01
01
01
01
01
01
01
01
01
01
01
01
01
01
01
07
01
01
01
01
01
01
01
01
01
01
01
01
01
01
01
01
01
01
01
01
01
01
01
01
01
01
01
01
01
01
01
01
01
0001
0062
00D3
0002
00AD
00000041
0001
0001
00000005
2A
B40007
B0
0000
0003
00AE
00000006
0001
0000
00DD
00AF
0000000C
0001
0000
0005
00B0
00B1
0000
00B3
0000000C
0001
0000
0005
00B0
00B4
0000
00A8
00000002
00D4
