01
07
01
07
01
01
01
01
01
01
01
01
01
01
01
01
01
01
01
01
01
01
01
01
01
01
01
01
01
01
01
01
01
01
01
01
01
0C
0A
01
07
0A
0C
09
01
07
0A
0C
09
01
07
0A
0C
09
01
01
01
01
0C
09
01
01
01
0C
09
01
01
0C
09
01
01
0C
09
01
01
0C
09
01
01
0C
09
01
01
0C
09
01
01
0C
09
01
01
01
0C
09
01
07
0A
01
0C
09
01
01
0C
09
01
01
0C
09
01
01
0C
09
01
01
0C
09
01
01
0C
09
01
01
0C
09
01
01
01
01
01
0C
09
01
07
0A
01
01
01
01
0C
09
01
07
0A
01
01
01
01
0C
09
01
07
0A
01
01
01
01
01
01
01
01
01
01
01
01
01
01
01
01
07
01
08
0C
0A
01
08
01
01
0C
0A
01
0C
0A
01
08
01
08
01
08
01
08
01
08
01
08
01
08
01
08
01
08
01
08
01
08
01
08
01
08
01
08
01
08
01
0C
0A
01
08
01
08
01
08
01
08
01
08
01
08
0C
0A
01
01
01
01
01
01
01
0001
00A1
00A2
0001
00E8
0000003E
0002
0002
00000006
2A
2B
B5002C
B1
0000
0002
00E9
0000000A
0002
0000
00D1
0005
00D2
00EA
00000016
0002
0000
0006
0037
0038
0000
0000
0006
001E
001F
0001
