0A
0A
0A
08
07
0A
0A
0A
0B
0B
0B
0B
07
08
0A
0A
0A
08
07
07
01
01
01
01
01
01
01
01
01
01
01
01
01
01
01
01
01
01
01
07
01
01
01
01
01
01
01
01
01
01
07
01
01
01
01
01
01
01
0C
0C
0C
01
01
01
01
0C
0C
0C
07
0C
07
0C
07
0C
0C
01
0C
07
0C
0C
01
01
01
01
01
01
01
01
01
01
01
01
01
01
01
01
01
01
01
01
01
01
01
01
01
1008
0034
0035
0001
0017
00000045
0003
0003
00000007
2A
2B
2C
B70001
B0
0000
0002
0018
00000006
0001
0000
0008
0019
00000020
0003
0000
0007
0036
001B
0000
0000
0007
0037
002E
0001
0000
0007
0038
0022
0002
