0A
09
09
09
09
09
09
07
08
0A
08
07
0A
07
0A
07
0A
09
0A
0A
0A
0A
0A
07
08
0A
09
08
0A
08
07
09
0A
0A
0A
06
0A
0A
09
07
06
09
01
01
01
05
01
01
01
01
01
01
01
01
01
01
01
01
01
01
01
01
01
01
01
01
01
01
01
01
01
01
01
01
01
01
01
01
07
07
07
01
07
01
01
01
01
01
01
01
01
07
01
01
01
01
01
01
01
01
01
01
01
01
01
01
01
01
01
01
01
01
07
01
01
01
01
01
01
01
0C
0C
0C
0C
0C
0C
0C
01
01
0C
01
01
0C
01
0C
01
0C
0C
0C
0C
0C
0C
01
01
01
07
0C
01
01
0C
0C
07
0C
0C
0C
01
0C
01
01
01
01
01
01
01
01
01
01
01
01
01
01
01
01
01
0009
0044
0057
0001
003D
000000F6
0006
0009
00000054
BB000E
59
B7000F
3A06
BB0010
59
B70011
3A07
03
3608
1508
2A
BE
A20026
2B
1508
31
29
97
9B0017
1906
2A
1508
2E
B60014
57
1907
2B
1508
31
B60015
57
840801
A7FFD9
BB000C
59
1C
1907
B60016
1906
B60017
1505
B7000D
B0
0000
0003
003E
00000022
0008
0000
0096
0009
0097
0012
009A
001C
009C
0025
009E
002F
009F
0039
009A
003F
00A3
003F
00000052
0008
0015
002A
0046
0037
0008
0000
0054
0034
0035
0000
0000
0054
0032
0033
0001
0000
0054
0042
0037
0002
0000
0054
004D
004A
0003
0000
0054
0043
0037
0005
0009
004B
004E
004F
0006
0012
0042
0050
0051
0007
0047
00000010
0003
FE
0015
07
0053
07
0054
01
23
FA
0005
