0A
09
07
07
07
0A
08
0A
0A
08
0A
0A
0A
0A
09
07
0A
07
0A
07
0A
09
0B
09
0B
0B
07
0A
07
0A
07
0A
07
0A
0A
0A
07
0B
08
08
0B
07
07
0A
0A
0A
0A
0A
0A
0A
07
07
07
01
01
01
01
01
05
01
01
03
01
01
01
01
01
01
01
01
01
01
01
01
01
01
01
01
01
01
01
01
01
01
01
01
01
01
01
01
01
01
01
01
01
01
01
01
01
01
01
01
01
01
01
01
01
01
01
01
01
01
01
01
01
01
01
01
01
01
01
01
01
01
01
01
01
01
01
01
01
01
01
01
01
01
01
01
01
01
01
01
01
01
01
01
01
01
01
01
01
01
01
01
01
01
01
01
01
01
01
01
01
01
01
01
01
01
01
01
01
01
01
01
01
01
01
01
01
01
01
01
01
01
01
01
01
01
01
01
01
01
01
01
01
01
01
01
01
01
01
01
01
01
01
01
0C
0C
01
01
01
01
0C
0C
01
0C
0C
07
0C
07
0C
07
0C
01
01
01
07
0C
07
0C
07
0C
07
0C
07
0C
01
01
01
0C
01
0C
07
0C
07
0C
01
01
01
07
0C
01
01
0C
0C
0C
0C
0C
0C
01
01
01
01
01
01
01
01
01
01
01
01
01
01
01
01
01
01
01
01
01
01
01
01
01
01
01
01
01
01
01
01
01
01
0001
008E
008F
0002
0042
0000005C
0001
0003
00000002
2B
B0
0000
0003
0043
00000006
0001
0000
00E7
0044
00000020
0003
0000
0002
0045
0046
0000
0000
0002
0090
0091
0001
0000
0002
0089
0092
0002
008B
00000016
0002
0000
0002
0090
0093
0001
0000
0002
0089
0094
0002
0060
00000002
0095
