09
0A
09
09
09
09
09
09
0A
09
09
07
0A
07
0A
0A
0B
07
0A
0B
0A
07
0A
0A
07
07
07
01
01
01
01
01
01
01
01
01
01
01
01
01
01
01
01
01
01
01
01
01
01
01
07
07
07
07
01
01
01
01
01
01
01
01
01
01
07
01
01
01
01
07
01
01
01
01
01
01
01
01
0C
0C
07
0C
0C
0C
0C
0C
0C
07
0C
0C
0C
01
01
0C
07
0C
01
07
0C
0C
01
0C
01
01
01
01
01
01
01
01
01
01
01
01
01
01
01
01
01
0001
0047
0048
0001
002A
00000042
0001
0001
0000000D
2A
B4000B
9B0007
04
A70004
03
AC
0000
0003
002B
00000006
0001
0000
05BE
002C
0000000C
0001
0000
000D
002D
0030
0000
0032
00000005
0002
0B
40
01
