0A
08
0A
07
09
0A
09
0A
07
0A
0A
0A
0A
0A
0A
08
0A
0A
08
0A
0A
0A
0A
0A
0A
0A
07
0A
0A
0A
07
07
01
01
01
01
01
01
01
01
01
01
01
01
01
01
01
01
01
01
01
01
01
01
01
01
01
01
01
01
01
01
01
01
01
01
01
01
01
01
01
01
01
01
01
01
01
01
01
01
01
01
01
01
01
01
01
01
01
01
01
01
01
01
01
01
01
01
01
01
01
01
01
01
01
01
01
01
01
01
01
01
01
01
01
0C
07
0C
01
0C
07
0C
0C
0C
01
0C
0C
0C
0C
07
0C
07
0C
0C
0C
0C
0C
0C
0C
0C
01
0C
0C
01
01
01
01
01
01
01
01
01
01
01
01
01
01
01
01
01
01
01
01
01
1041
0048
0066
0001
002B
00000030
0002
0002
00000006
2A
2B
B6001D
B0
0000
0002
002C
00000006
0001
0000
001B
002D
0000000C
0001
0000
0006
002E
002F
0000
