09
0A
0A
0A
0A
0A
07
0A
0A
09
09
09
0A
0B
0B
0B
0B
0B
0B
0B
07
0A
07
0A
0A
07
0A
0A
0A
07
08
07
0A
0A
0A
0A
0A
0A
0A
07
0A
0A
0A
0A
07
0A
0A
07
07
01
01
01
01
01
01
01
01
01
01
01
01
01
01
01
01
01
01
01
01
01
01
01
01
01
01
01
01
01
01
01
01
01
01
01
01
07
07
07
07
01
01
01
01
07
01
01
01
01
01
01
07
01
01
01
01
01
07
01
01
01
01
01
01
07
01
01
01
01
01
01
01
01
01
01
01
01
01
01
01
01
01
01
01
01
01
01
01
01
01
01
01
01
07
01
01
01
01
01
01
01
01
01
01
01
01
01
01
01
01
01
01
01
0C
0C
07
0C
0C
0C
0C
01
0C
0C
0C
0C
0C
07
0C
07
0C
07
0C
07
0C
0C
07
0C
01
01
0C
01
01
01
0C
07
0C
07
0C
01
01
0C
0C
0C
0C
0C
0C
01
0C
0C
0C
01
0C
01
01
01
01
01
01
01
01
01
01
01
01
01
01
01
01
01
01
01
01
01
01
01
01
01
01
01
01
01
01
01
01
01
01
01
01
0001
0077
0078
0002
0036
00000036
0003
0001
0000000C
BB0017
59
2A
B40001
B70018
B0
0000
0002
0037
00000006
0001
0000
03EE
0038
0000000C
0001
0000
000C
0039
003C
0000
0075
00000006
0001
0076
0000
