07
0A
09
0A
09
09
07
0A
0A
0A
08
0A
07
09
0A
08
07
09
07
0A
0B
07
0A
08
0A
0A
0A
07
07
01
01
01
01
01
01
01
01
01
01
01
01
01
01
01
01
01
01
01
01
01
01
01
01
01
01
01
01
01
01
01
01
01
07
07
01
01
01
01
01
01
01
01
01
01
01
01
07
01
0C
0C
0C
0C
0C
01
0C
0C
0C
07
0C
01
0C
0C
07
01
0C
01
07
0C
01
01
0C
0C
0C
01
01
01
01
01
01
01
01
01
01
01
01
01
01
01
01
01
01
01
01
01
1000
002A
0041
0001
002C
00000044
0002
0003
00000006
2A
2B
B70002
B1
0000
0002
002D
00000006
0001
0000
0053
002E
00000020
0003
0000
0006
002F
0031
0000
0000
0006
0042
0029
0001
0000
0006
0043
0044
0002
