0A
0A
0B
0A
07
0A
0A
0A
09
0A
0A
07
0A
0A
09
09
0B
0B
0B
07
0A
0A
0B
0B
07
0A
07
0A
0A
0A
08
07
0A
0A
08
0A
0A
0A
0A
0A
0A
0A
07
0A
0A
0A
0A
07
0A
0A
0A
0A
0A
0A
0A
0A
0A
0A
07
07
01
01
07
01
07
01
07
01
07
01
01
07
01
07
01
07
01
01
01
01
01
01
01
01
01
01
01
01
01
01
01
01
01
01
01
01
01
01
01
01
01
01
01
01
01
01
01
01
01
01
01
01
01
01
01
01
01
01
01
01
01
01
01
01
07
07
01
01
01
01
01
01
01
01
01
01
01
01
01
07
07
01
01
01
01
01
01
01
01
01
01
01
01
01
01
01
01
01
07
01
01
01
01
01
01
01
07
01
01
01
01
01
01
01
01
01
01
01
01
01
01
01
01
07
07
01
01
01
01
01
01
01
01
01
01
01
01
01
01
01
01
01
01
01
01
01
01
01
01
01
01
01
01
01
01
01
01
01
01
01
01
01
01
01
01
01
01
01
01
01
01
01
01
01
01
01
01
01
01
01
01
01
01
01
01
01
01
01
01
01
01
01
01
01
01
01
01
01
01
01
01
01
01
01
01
01
01
01
01
01
01
01
01
01
01
01
01
01
0C
0C
07
0C
01
0C
0C
0C
0C
0C
01
0C
0C
0C
07
0C
07
0C
07
0C
01
0C
07
0C
07
0C
0C
01
01
07
0C
0C
01
01
0C
01
0C
0C
0C
0C
0C
0C
0C
01
0C
0C
0C
01
0C
0C
0C
0C
0C
0C
0C
0C
0C
0C
01
01
01
01
01
01
01
01
01
01
01
07
01
01
01
01
01
01
01
01
01
01
01
01
01
01
01
01
01
01
01
01
01
01
01
01
01
01
01
01
01
01
01
01
01
01
0001
006A
006B
0001
0051
0000007E
0002
0003
00000016
2A
2B
B60008
3D
1C
9B000D
2A
B40009
1C
2F
B8000A
B0
01
B0
0000
0004
0052
00000012
0004
0000
0055
0006
0056
000A
0058
0014
005B
0053
00000020
0003
0000
0016
0054
0055
0000
0000
0016
0065
0066
0001
0006
0010
0069
005D
0002
0056
0000000C
0001
0000
0016
0054
0057
0000
005F
00000006
0001
FC
0014
01
