09
0A
0A
0A
0A
0A
07
0A
0A
09
09
0A
0B
0B
0B
0B
0B
0B
0B
07
0A
07
0A
0A
07
0A
0A
0A
07
08
07
0A
0A
0A
0A
0A
0A
07
0A
0A
0A
0A
07
0A
0A
07
07
01
01
01
01
01
01
01
01
01
01
01
01
01
01
01
01
01
01
01
01
01
01
01
01
01
01
01
01
01
01
01
01
01
01
01
01
07
07
07
01
01
01
01
07
01
01
01
01
01
01
07
01
01
01
01
01
07
01
01
01
01
01
01
07
01
01
01
01
01
01
01
01
01
01
01
01
01
01
01
01
01
01
01
01
01
01
07
01
01
01
01
01
01
01
07
01
01
01
01
01
01
01
01
01
01
01
01
01
01
01
01
01
01
01
0C
0C
07
0C
0C
0C
0C
01
0C
0C
0C
0C
07
0C
07
0C
07
0C
07
0C
0C
07
0C
01
01
0C
01
01
01
0C
07
0C
07
0C
01
01
0C
0C
0C
0C
0C
01
0C
0C
0C
01
0C
01
01
01
01
01
01
01
01
01
01
01
01
01
01
01
01
01
01
01
01
01
01
01
01
01
01
01
01
01
01
01
01
01
01
01
01
0001
008F
0040
0001
0034
00000040
0002
0002
0000000C
2A
2B
C00026
B60027
B60028
AC
0000
0002
0035
00000006
0001
0000
04D5
0036
00000016
0002
0000
000C
0037
003A
0000
0000
000C
0041
0042
0001
