0A
0A
0A
08
0A
07
09
0A
09
0A
09
07
0A
0A
0A
0A
09
0B
07
0A
0A
0B
0A
0A
0A
0A
07
0A
07
0A
07
07
01
01
01
01
01
01
01
01
01
01
01
01
01
01
01
01
01
01
01
01
01
01
01
01
01
01
01
01
01
01
01
01
01
01
01
01
01
01
01
01
01
01
01
01
01
07
07
01
01
01
01
01
01
07
01
01
01
01
01
01
01
01
01
01
01
01
01
01
01
01
01
01
0C
0C
0C
07
0C
01
0C
0C
0C
0C
0C
01
0C
0C
0C
0C
0C
07
0C
01
0C
0C
0C
0C
0C
0C
0C
01
0C
01
01
01
01
01
01
01
01
01
01
01
01
01
01
01
01
01
01
01
0002
002C
0034
0002
002E
00000068
0002
0003
0000001A
2A
B70003
2A
2C
B50007
2A
2A
B70008
B50009
2A
2A
B7000A
B5000B
B1
0000
0002
002F
00000016
0005
0000
0022
0004
0023
0009
0024
0011
0025
0019
0026
0030
00000020
0003
0000
001A
0031
0032
0000
0000
001A
0035
0032
0001
0000
001A
0025
0026
0002
0033
00000009
02
0035
0000
0025
0000
