0A
0A
0B
0A
07
0A
0A
0A
0A
09
07
0A
0A
0A
07
0A
0A
09
07
03
0A
0A
0B
0B
0B
07
0A
0A
0B
0B
07
0A
07
0A
0A
08
07
0A
0A
0A
0A
0A
0A
0A
0A
0A
07
0A
0A
0A
0A
07
0A
0A
0A
0A
0A
0A
0A
0A
0A
0A
07
07
01
01
07
01
07
01
07
01
07
01
01
07
01
07
01
07
01
01
01
01
01
01
01
01
01
01
01
01
01
01
01
01
01
01
01
01
01
01
01
01
01
01
01
01
01
01
01
01
01
01
01
01
01
01
01
01
01
01
01
01
01
01
01
01
07
07
01
01
01
01
01
01
01
01
01
01
07
07
01
01
01
01
01
01
01
01
01
01
01
01
01
01
07
01
01
01
01
07
01
01
01
01
01
01
01
01
01
01
01
01
01
01
01
01
07
01
01
01
01
01
01
01
01
01
01
01
01
01
01
01
01
01
01
01
01
01
01
01
01
01
01
01
01
01
01
01
01
01
01
01
01
01
01
01
01
01
01
01
01
01
01
01
01
01
01
01
01
01
01
01
01
01
01
01
01
01
01
01
0C
0C
07
0C
01
0C
0C
0C
0C
01
0C
0C
0C
01
0C
0C
01
0C
0C
07
0C
07
0C
07
0C
01
0C
07
0C
07
0C
0C
01
01
07
0C
01
01
0C
0C
0C
0C
0C
0C
0C
0C
01
0C
0C
0C
01
0C
0C
0C
0C
0C
0C
0C
0C
0C
0C
01
01
01
01
01
01
01
01
01
01
01
07
01
01
01
01
01
01
01
01
01
01
01
01
01
01
01
01
01
01
01
01
01
01
01
01
01
01
01
01
01
01
01
01
01
01
01
01
01
01
01
0001
00D2
00D3
0001
0055
00000050
0002
0006
00000008
BB002F
59
B70030
BF
0000
0002
0056
00000006
0001
0000
018E
0057
0000002A
0004
0000
0008
0058
0059
0000
0000
0008
0067
0068
0001
0000
0008
00D4
006A
0002
0000
0008
0063
006A
0004
