0A
09
09
08
0A
07
0A
07
0A
08
0A
0A
08
0A
0A
0A
0A
0A
0A
0A
07
0A
07
07
01
01
01
01
01
01
01
01
01
01
01
01
01
01
01
01
01
01
01
01
01
01
01
01
01
01
01
01
01
01
01
01
01
01
01
01
01
01
01
01
01
01
01
01
01
01
01
01
01
01
01
01
01
01
0C
0C
0C
07
0C
01
0C
01
0C
0C
0C
07
0C
07
0C
0C
0C
0C
0C
0C
01
01
07
01
01
01
01
01
01
01
01
01
01
01
01
01
01
01
01
01
01
0002
0034
0035
0001
0020
00000069
0002
0002
00000022
2A
B40002
2B
B40002
B60007
990015
2A
B40003
2B
B40003
B60007
990007
04
A70004
03
AC
0000
0003
0021
0000000E
0003
0000
0059
0016
005A
0021
0059
0022
00000016
0002
0000
0022
0023
0024
0000
0000
0022
0030
0024
0001
002C
00000005
0002
20
40
01
