0A
07
0C
01
01
01
0A
07
0C
01
01
01
0A
07
0C
01
01
09
0C
01
01
0A
07
0C
01
01
01
0A
0C
01
01
07
01
08
01
0A
0C
01
08
01
08
01
0A
07
0C
01
01
01
0A
07
0C
01
01
01
0A
0C
01
01
07
01
08
01
0A
0C
01
07
01
0A
07
01
0A
0B
07
0C
01
01
01
08
01
0A
0C
01
01
0A
0C
01
08
01
08
01
0A
0A
0C
01
01
0A
0C
01
01
08
01
08
01
07
01
0A
0C
01
08
01
07
01
0A
0C
01
01
08
01
08
01
0A
0C
01
01
0B
07
0C
01
01
01
08
01
08
01
08
01
08
01
08
01
08
01
08
01
08
01
08
01
08
01
08
01
08
01
08
01
08
01
08
01
08
01
08
01
08
01
08
01
08
01
07
01
0A
0A
0C
01
01
08
01
07
01
0A
07
01
0A
0C
01
08
01
0A
0C
01
01
08
01
08
01
01
01
01
01
01
01
01
01
01
01
01
01
01
01
01
01
01
01
01
01
01
01
01
01
01
01
01
01
01
01
01
01
01
01
01
01
01
01
01
01
01
01
01
01
01
01
01
01
01
01
01
01
01
01
01
01
01
01
01
0001
00B0
00F7
0002
00C6
000000FB
0013
0012
00000027
2A
2B
2C
2D
1904
1905
1906
1907
1908
1909
190A
190B
190C
190D
190E
190F
1910
1911
B80016
B600AE
B0
0000
0002
00C7
00000006
0001
0000
0167
00C8
000000B6
0012
0000
0027
00C9
00CA
0000
0000
0027
0078
00CF
0001
0000
0027
0084
00CF
0002
0000
0027
0086
00CF
0003
0000
0027
0088
00CF
0004
0000
0027
008A
00CF
0005
0000
0027
008C
00CF
0006
0000
0027
008E
00CF
0007
0000
0027
0090
00CF
0008
0000
0027
0092
00F1
0009
0000
0027
0094
00F1
000A
0000
0027
0096
00CF
000B
0000
0027
0098
00CF
000C
0000
0027
009A
00CF
000D
0000
0027
009C
00CF
000E
0000
0027
00F2
00CF
000F
0000
0027
00A0
00CF
0010
0000
0027
00A2
00CF
0011
00D0
00000004
0001
0020
