0A
09
07
0A
0B
0A
09
07
0A
0A
0A
0A
0B
0B
0B
07
0A
0B
0B
0A
0A
0A
0A
12
0B
0A
0A
0B
0B
0A
08
0A
0B
07
08
0A
07
07
01
01
01
01
01
01
01
01
01
01
01
01
01
01
01
01
01
01
01
01
01
01
01
01
01
01
07
07
01
01
01
01
01
01
01
07
01
01
01
01
07
01
01
01
01
01
01
01
01
01
01
01
01
01
01
0C
0C
01
07
0C
07
0C
0C
01
0C
0C
07
0C
07
0C
07
0C
0C
01
0C
07
0C
0C
0C
0C
0C
0C
01
0F
10
0F
10
0C
0C
0C
0C
0C
07
0C
0C
01
07
0C
0C
01
01
0C
01
01
01
01
01
01
01
01
01
01
01
01
01
01
01
01
01
01
01
01
01
01
01
01
01
01
01
01
0A
01
0A
01
01
01
01
01
01
01
01
01
01
01
01
01
01
01
01
01
01
07
0C
0C
01
01
07
01
01
01
07
01
01
1002
005A
0046
0002
002E
00000050
0004
0004
00000008
2A
2B
2C
2D
B7000B
B1
0000
0002
002F
00000006
0001
0000
0051
0030
0000002A
0004
0000
0008
0031
0032
0000
0000
0008
003C
0039
0001
0000
0008
0038
0039
0002
0000
0008
005B
0037
0003
0033
0000000D
03
003C
1010
0038
1010
005B
1000
