0A
09
08
0B
09
07
0A
07
0A
08
0A
0A
08
0A
09
07
0A
0A
08
0A
0A
0A
08
0A
08
08
08
08
08
08
08
08
09
08
0A
0A
07
0A
0A
0A
0A
08
0A
08
0A
09
08
0A
07
0A
0A
09
08
0A
07
0A
0A
07
08
0A
0A
0A
0A
0A
08
0A
08
0A
0A
0A
07
08
08
0A
09
09
09
09
09
09
09
09
07
0A
07
01
01
01
01
01
01
01
01
01
01
01
01
01
01
01
01
01
01
01
01
01
01
01
01
01
01
01
01
01
01
01
01
01
01
01
01
01
01
01
01
01
01
01
01
01
01
01
01
01
01
01
07
07
07
01
01
01
01
01
01
01
01
07
07
01
01
01
01
01
01
01
01
01
01
01
01
01
01
01
01
01
01
01
01
01
01
01
01
01
01
01
01
01
01
01
01
01
01
01
01
01
01
01
01
01
01
0C
0C
01
07
0C
0C
01
0C
01
0C
01
0C
0C
01
0C
0C
01
0C
0C
01
07
0C
0C
0C
01
0C
01
01
01
01
01
01
0C
0C
0C
01
0C
07
0C
0C
0C
0C
0C
0C
01
0C
0C
0C
01
0C
0C
0C
0C
0C
0C
0C
0C
0C
0C
01
01
01
0C
0C
0C
0C
0C
0C
0C
0C
0C
01
07
0C
01
01
01
01
01
01
01
01
01
01
01
01
01
01
01
01
01
01
01
01
01
01
01
01
01
01
01
01
01
01
01
01
01
01
01
01
01
07
01
01
01
01
01
07
01
01
01
01
01
01
07
01
01
0001
0080
0081
0001
0070
0000002C
0001
0001
00000002
03
AC
0000
0002
0071
00000006
0001
0000
0054
0072
0000000C
0001
0000
0002
0073
0074
0000
