0A
09
08
0B
09
07
0A
07
0A
08
0A
0A
08
0A
09
07
0A
0A
08
0A
0A
0A
08
0A
08
08
08
08
08
08
08
08
09
08
0A
0A
07
0A
0A
0A
0A
08
0A
08
0A
09
08
0A
07
0A
0A
09
08
0A
07
0A
0A
07
08
0A
0A
0A
0A
0A
08
0A
08
0A
0A
0A
07
08
08
0A
09
09
09
09
09
09
09
09
07
0A
07
01
01
01
01
01
01
01
01
01
01
01
01
01
01
01
01
01
01
01
01
01
01
01
01
01
01
01
01
01
01
01
01
01
01
01
01
01
01
01
01
01
01
01
01
01
01
01
01
01
01
01
07
07
07
01
01
01
01
01
01
01
01
07
07
01
01
01
01
01
01
01
01
01
01
01
01
01
01
01
01
01
01
01
01
01
01
01
01
01
01
01
01
01
01
01
01
01
01
01
01
01
01
01
01
01
01
0C
0C
01
07
0C
0C
01
0C
01
0C
01
0C
0C
01
0C
0C
01
0C
0C
01
07
0C
0C
0C
01
0C
01
01
01
01
01
01
0C
0C
0C
01
0C
07
0C
0C
0C
0C
0C
0C
01
0C
0C
0C
01
0C
0C
0C
0C
0C
0C
0C
0C
0C
0C
01
01
01
0C
0C
0C
0C
0C
0C
0C
0C
0C
01
07
0C
01
01
01
01
01
01
01
01
01
01
01
01
01
01
01
01
01
01
01
01
01
01
01
01
01
01
01
01
01
01
01
01
01
01
01
01
01
07
01
01
01
01
01
07
01
01
01
01
01
01
07
01
01
0001
00A0
00A1
0001
0070
0000003E
0002
0002
00000006
2A
2B
B5004E
B1
0000
0002
0071
0000000A
0002
0000
010D
0005
010E
0072
00000016
0002
0000
0006
0073
0074
0000
0000
0006
0066
0067
0001
