0A
0A
0A
0A
0A
0A
0A
0A
0A
09
0A
09
08
0A
0B
07
0A
0B
0A
07
0A
07
0A
0A
0A
0A
0A
09
07
0A
07
0A
08
0B
0B
0B
0B
0B
0B
07
0B
0B
0A
0B
0A
0B
0A
0B
0A
0B
0B
07
0A
0A
07
08
0A
0A
0A
08
08
08
09
09
0A
08
07
0A
07
0A
0A
0A
0A
0A
0A
07
0A
0B
0A
0A
07
07
01
01
01
01
01
01
01
01
01
01
01
01
01
01
01
01
01
01
01
01
01
01
01
01
01
01
01
01
01
07
01
01
01
01
01
01
01
01
01
01
01
01
01
01
01
01
07
01
01
01
01
01
01
01
01
01
07
01
01
01
01
01
01
01
01
07
07
07
01
01
01
01
01
07
01
01
01
01
01
07
01
01
01
01
01
01
01
01
01
01
01
01
01
01
01
01
01
01
01
01
01
01
01
01
01
01
01
01
01
01
01
01
01
01
07
01
01
01
01
01
01
01
01
01
01
01
01
01
01
01
01
01
01
01
01
01
01
01
01
01
01
07
01
01
01
01
01
01
01
07
01
01
01
01
01
01
01
01
01
01
01
01
01
01
01
01
01
0C
07
0C
0C
0C
0C
0C
0C
0C
0C
0C
0C
0C
07
0C
07
0C
01
0C
0C
07
0C
01
0C
01
0C
0C
0C
0C
01
01
0C
0C
0C
0C
07
0C
07
0C
0C
01
07
0C
0C
0C
0C
0C
0C
0C
0C
0C
0C
01
0C
01
01
0C
0C
0C
01
01
01
0C
0C
0C
01
0C
01
0C
0C
07
0C
01
0C
07
01
01
01
01
01
01
01
01
01
01
01
01
01
01
01
01
01
01
01
01
01
01
01
01
01
01
01
01
01
01
01
01
01
01
01
01
01
01
01
01
01
01
01
01
01
01
01
01
01
01
01
01
01
01
01
0001
00B4
00B5
0001
0063
00000057
0002
0002
00000011
2A
B4001C
1B
B9002E0200
C0001F
B6002F
B0
0000
0003
0064
00000006
0001
0000
0094
0065
00000016
0002
0000
0011
0066
0067
0000
0000
0011
008F
0090
0001
0068
0000000C
0001
0000
0011
0066
0069
0000
