0A
0A
0A
0A
0A
0A
0A
0A
0A
09
0A
09
08
0A
0B
07
0A
0B
0A
07
0A
07
0A
0A
0A
0A
0A
09
07
0A
07
0A
08
0B
0B
0B
0B
0B
0B
07
0B
0B
0A
0B
0A
0B
0A
0B
0A
0B
0B
07
0A
0A
07
08
0A
0A
0A
08
08
08
09
09
0A
08
07
0A
07
0A
0A
0A
0A
0A
0A
07
0A
0B
0A
0A
07
07
01
01
01
01
01
01
01
01
01
01
01
01
01
01
01
01
01
01
01
01
01
01
01
01
01
01
01
01
01
07
01
01
01
01
01
01
01
01
01
01
01
01
01
01
01
01
07
01
01
01
01
01
01
01
01
01
07
01
01
01
01
01
01
01
01
07
07
07
01
01
01
01
01
07
01
01
01
01
01
07
01
01
01
01
01
01
01
01
01
01
01
01
01
01
01
01
01
01
01
01
01
01
01
01
01
01
01
01
01
01
01
01
01
01
07
01
01
01
01
01
01
01
01
01
01
01
01
01
01
01
01
01
01
01
01
01
01
01
01
01
01
07
01
01
01
01
01
01
01
07
01
01
01
01
01
01
01
01
01
01
01
01
01
01
01
01
01
0C
07
0C
0C
0C
0C
0C
0C
0C
0C
0C
0C
0C
07
0C
07
0C
01
0C
0C
07
0C
01
0C
01
0C
0C
0C
0C
01
01
0C
0C
0C
0C
07
0C
07
0C
0C
01
07
0C
0C
0C
0C
0C
0C
0C
0C
0C
0C
01
0C
01
01
0C
0C
0C
01
01
01
0C
0C
0C
01
0C
01
0C
0C
07
0C
01
0C
07
01
01
01
01
01
01
01
01
01
01
01
01
01
01
01
01
01
01
01
01
01
01
01
01
01
01
01
01
01
01
01
01
01
01
01
01
01
01
01
01
01
01
01
01
01
01
01
01
01
01
01
01
01
01
01
0001
007B
0083
0002
0063
00000045
0003
0001
00000009
BB0016
59
2A
B70017
B0
0000
0003
0064
00000006
0001
0000
0046
0065
0000000C
0001
0000
0009
0066
0067
0000
0068
0000000C
0001
0000
0009
0066
0069
0000
005B
00000002
0084
