0A
0A
0A
0A
0A
0A
0A
0A
0A
09
0A
09
08
0A
0B
07
0A
0B
0A
07
0A
07
0A
0A
0A
0A
0A
09
07
0A
07
0A
08
0B
0B
0B
0B
0B
0B
07
0B
0B
0A
0B
0A
0B
0A
0B
0A
0B
0B
07
0A
0A
07
08
0A
0A
0A
08
08
08
09
09
0A
08
07
0A
07
0A
0A
0A
0A
0A
0A
07
0A
0B
0A
0A
07
07
01
01
01
01
01
01
01
01
01
01
01
01
01
01
01
01
01
01
01
01
01
01
01
01
01
01
01
01
01
07
01
01
01
01
01
01
01
01
01
01
01
01
01
01
01
01
07
01
01
01
01
01
01
01
01
01
07
01
01
01
01
01
01
01
01
07
07
07
01
01
01
01
01
07
01
01
01
01
01
07
01
01
01
01
01
01
01
01
01
01
01
01
01
01
01
01
01
01
01
01
01
01
01
01
01
01
01
01
01
01
01
01
01
01
07
01
01
01
01
01
01
01
01
01
01
01
01
01
01
01
01
01
01
01
01
01
01
01
01
01
01
07
01
01
01
01
01
01
01
07
01
01
01
01
01
01
01
01
01
01
01
01
01
01
01
01
01
0C
07
0C
0C
0C
0C
0C
0C
0C
0C
0C
0C
0C
07
0C
07
0C
01
0C
0C
07
0C
01
0C
01
0C
0C
0C
0C
01
01
0C
0C
0C
0C
07
0C
07
0C
0C
01
07
0C
0C
0C
0C
0C
0C
0C
0C
0C
0C
01
0C
01
01
0C
0C
0C
01
01
01
0C
0C
0C
01
0C
01
0C
0C
07
0C
01
0C
07
01
01
01
01
01
01
01
01
01
01
01
01
01
01
01
01
01
01
01
01
01
01
01
01
01
01
01
01
01
01
01
01
01
01
01
01
01
01
01
01
01
01
01
01
01
01
01
01
01
01
01
01
01
01
01
0001
007B
007C
0002
0063
0000005E
0005
0003
0000000E
2A
BB0014
59
2B
2C
B70015
B60003
B0
0000
0003
0064
00000006
0001
0000
0042
0065
00000020
0003
0000
000E
0066
0067
0000
0000
000E
007D
007E
0001
0000
000E
007F
007E
0002
0068
0000000C
0001
0000
000E
0066
0069
0000
005B
00000002
0080
