01
07
01
07
01
07
01
01
01
07
01
01
0C
01
01
01
01
01
01
01
01
01
0C
0A
0C
09
01
01
01
01
01
01
01
01
07
01
01
0C
0A
01
07
01
07
01
07
01
01
0C
0A
01
08
03
01
07
01
01
0C
0A
0F
01
01
0C
12
01
07
01
08
01
0C
0A
01
07
01
01
0C
0A
0C
12
01
01
01
01
01
01
0C
0A
01
01
01
01
01
01
0C
0A
01
01
0C
0A
0C
09
01
07
01
01
0C
0A
01
0C
0A
01
01
01
07
01
07
01
01
0C
0A
01
01
01
01
01
01
01
01
01
0001
0014
0015
0001
0078
00000050
0003
0005
00000014
2A
2B
2C
B70018
2D
3A04
1904
2A
5F
B5001A
1904
57
B1
0000
0001
0079
0000002A
0004
0000
0013
001B
001C
0000
0000
0013
001D
001E
0001
0000
0013
001F
001E
0002
0000
0013
000E
000F
0003
