07
0A
08
0A
09
0A
08
0A
07
0A
08
09
0A
0B
08
0A
0A
08
08
0A
07
0A
0A
07
0A
07
0A
0A
0A
07
0A
09
07
01
01
01
01
01
01
01
01
01
01
01
01
01
01
01
01
01
01
01
01
01
01
01
01
01
01
01
01
01
01
01
01
01
01
01
01
01
01
0C
01
0C
0C
0C
01
0C
01
01
0C
07
0C
07
0C
01
0C
07
0C
01
01
0C
01
0C
01
07
0C
01
0C
0C
01
07
0C
0C
01
01
01
01
01
01
01
01
01
01
01
01
01
01
01
01
01
01
01
01
01
01
01
01
01
01
01
01
0001
003E
003F
0001
0028
0000003E
0003
0003
0000000A
2A
B7001C
2A
1F
B50005
B1
0000
0002
002A
00000016
0002
0000
000A
002B
002C
0000
0000
000A
0024
0025
0001
0029
00000006
0001
0000
0023
