0A
0A
0A
07
08
0A
0A
0A
0A
07
0A
0A
0A
07
0A
0A
0A
0A
0A
0A
0A
09
07
0A
0A
0A
09
07
0A
09
09
09
09
07
0A
09
07
0A
09
0A
07
0A
09
0A
0A
09
07
0A
0A
0B
0B
07
08
08
08
0A
0A
0A
0B
0B
0B
07
0B
0A
0A
0A
09
0A
0A
0A
0A
0A
0A
0A
0A
0A
0A
0B
0A
09
0A
0A
09
0A
09
09
0A
09
0A
0A
0A
09
0A
09
09
08
0A
0A
0A
07
0A
07
0A
0A
0A
0A
07
0A
0A
07
07
07
01
01
07
01
07
01
01
01
01
01
05
01
01
01
08
01
08
01
08
01
01
01
01
01
01
01
01
01
01
01
01
01
01
01
01
01
01
01
01
01
01
01
01
01
01
01
01
01
01
01
07
07
01
01
01
07
01
01
01
01
01
01
01
01
01
01
01
01
01
01
01
01
01
01
01
01
01
01
01
01
01
01
01
01
01
01
01
01
01
01
01
01
01
01
07
07
07
01
01
01
01
01
01
01
01
01
01
01
01
01
01
01
01
01
01
01
01
01
01
01
01
01
01
01
01
07
01
01
01
01
01
01
01
01
01
01
01
01
01
01
01
01
01
01
07
01
01
07
01
01
01
01
01
07
01
01
01
01
01
01
07
01
01
01
01
01
01
01
01
01
01
01
01
01
01
01
01
01
01
01
01
01
01
01
01
01
01
01
01
01
01
01
01
01
01
01
07
07
07
07
07
01
01
01
01
01
01
0C
0C
0C
01
01
0C
0C
0C
0C
01
0C
0C
0C
01
0C
0C
0C
0C
0C
01
0C
07
0C
0C
01
0C
0C
0C
0C
01
0C
01
0C
0C
01
0C
0C
0C
0C
0C
01
0C
0C
07
0C
0C
01
01
01
01
07
0C
0C
0C
07
0C
07
0C
0C
07
01
0C
0C
0C
0C
0C
0C
0C
0C
0C
0C
0C
07
0C
0C
0C
0C
0C
0C
0C
0C
0C
0C
0C
0C
0C
0C
0C
0C
0C
01
0C
0C
0C
01
01
0C
07
0C
0C
0C
01
0C
01
01
01
01
01
01
01
01
01
01
01
01
01
01
01
01
01
01
01
01
01
01
01
01
01
01
01
01
01
01
01
01
01
01
01
01
01
01
01
01
01
01
01
01
01
01
01
01
01
01
01
01
01
01
01
01
01
01
01
01
01
01
01
01
01
01
01
01
01
01
01
01
01
01
01
01
01
01
01
01
0001
00FA
00F4
0001
0096
00000030
0002
0001
00000006
2A
03
B60057
B0
0000
0002
0097
00000006
0001
0000
02A1
0098
0000000C
0001
0000
0006
00B2
00B3
0000
