0A
09
09
07
08
0A
08
09
0A
09
09
0A
09
09
07
07
09
09
09
04
0A
0B
0A
0A
0B
0A
07
0A
08
0A
0A
08
08
0A
0A
0A
0A
09
05
05
0A
09
0A
0A
0A
0A
07
07
0A
05
0A
0A
0A
0A
0A
07
0A
09
07
0A
09
07
0A
09
07
0A
07
0A
0A
0A
07
07
07
0A
0A
07
0A
0A
07
0A
07
0A
07
0A
0A
0A
0A
0A
0A
0A
0A
0A
0A
0A
0A
0A
0A
07
07
07
07
07
01
01
01
07
01
01
07
01
07
01
01
07
01
01
01
01
01
05
01
01
03
01
01
01
01
01
01
01
01
01
01
01
01
01
01
01
01
07
01
01
01
01
01
01
01
01
01
01
01
01
01
01
01
01
01
01
01
01
01
01
01
07
01
01
01
01
01
01
01
01
01
01
01
01
01
01
01
01
01
01
01
01
01
01
01
01
01
01
01
01
01
01
01
01
01
07
01
01
01
01
01
01
01
01
01
01
01
01
01
01
01
01
01
01
01
01
01
01
01
01
01
01
01
01
01
01
01
01
01
01
01
01
01
01
01
01
01
01
01
01
01
01
01
01
01
01
01
01
01
01
01
01
01
01
01
01
01
01
01
01
01
01
01
07
01
01
01
01
01
01
01
01
01
01
01
01
01
07
01
01
01
01
01
01
01
01
01
07
07
01
07
01
01
01
07
07
01
01
01
01
01
01
01
01
01
01
01
01
01
0C
0C
0C
01
01
0C
01
0C
07
0C
0C
0C
0C
0C
0C
01
0C
0C
0C
0C
07
0C
0C
0C
07
0C
01
01
0C
0C
01
01
0C
0C
0C
0C
0C
0C
0C
0C
0C
0C
0C
01
01
0C
0C
0C
07
0C
07
0C
01
0C
01
0C
0C
01
0C
01
0C
01
07
0C
0C
0C
01
01
01
07
07
07
07
0C
01
07
0C
0C
0C
0C
07
0C
0C
0C
0C
0C
0C
0C
0C
0C
01
01
01
01
01
01
01
01
01
07
01
01
01
01
01
01
01
01
01
01
01
01
01
01
01
01
01
01
01
01
01
01
01
01
01
01
01
01
01
01
01
01
01
01
01
01
01
01
01
0001
0109
00EB
0003
009F
0000003E
0001
0001
00000002
04
AC
0000
0003
00A0
00000006
0001
0000
0432
00A1
0000000C
0001
0000
0002
00A2
00A3
0000
00A5
0000000C
0001
0000
0002
00A2
00A6
0000
00ED
00000000
00EE
00000006
0001
00EF
0000
