0A
09
09
09
09
09
0B
0B
0B
0B
07
0B
0B
0B
07
0A
0A
0A
0A
0B
07
0A
0A
0A
0A
0A
0A
0A
0A
07
0A
0A
0A
07
07
07
01
01
01
01
01
01
01
01
01
01
01
01
01
01
01
01
01
01
01
01
01
07
01
01
01
01
07
01
01
01
01
01
01
01
01
01
01
01
01
01
01
01
01
01
01
01
01
01
01
01
01
01
01
01
01
01
01
01
01
01
01
01
01
01
01
07
07
07
07
07
07
07
01
01
01
01
01
01
01
01
01
01
01
01
01
01
07
01
01
0C
0C
0C
0C
0C
0C
07
0C
0C
0C
07
0C
01
0C
0C
0C
0C
0C
0C
0C
07
0C
01
0C
0C
0C
07
0C
0C
0C
07
0C
0C
01
0C
0C
0C
01
01
01
01
01
01
01
01
01
01
01
01
01
01
01
01
01
01
01
01
01
01
01
01
01
01
01
01
01
01
01
01
01
01
01
01
01
01
01
01
01
01
0001
0077
0078
0001
002F
00000046
0009
0001
0000001C
BB001E
59
2A
B40002
2A
B40003
2A
B40004
2A
B40005
2A
B40006
B70020
B0
0000
0002
0030
00000006
0001
0000
00BA
0031
0000000C
0001
0000
001C
0032
0033
0000
