09
09
09
0A
09
09
0A
0A
09
07
07
08
0A
07
0A
07
08
0A
0A
08
0A
08
0A
08
0A
08
0A
08
0A
0A
09
0A
0B
0A
07
0A
07
0A
0A
0A
0B
07
0A
09
0A
07
0A
08
0A
08
0A
0A
09
08
0A
0A
07
0A
07
0A
0A
0A
0A
08
0A
0A
0A
0A
07
0A
07
0A
09
07
0A
0A
0A
08
0A
0A
08
0A
0A
0A
0A
0A
0A
0A
07
0A
07
0A
09
07
0A
0A
0A
0A
0A
0A
07
0A
07
0A
09
07
0A
0A
0A
0A
08
0A
07
0A
07
08
0A
08
07
0A
0A
08
0A
07
08
07
0A
0A
08
07
0A
0A
07
0A
0A
07
0A
0A
07
0A
0A
07
0A
0A
07
0A
0A
07
0A
08
08
07
0A
0A
08
07
0A
0A
08
08
07
0A
08
07
0A
0A
08
08
08
08
08
08
07
0A
0A
07
0A
07
01
01
01
01
01
01
01
01
01
01
01
01
08
01
01
01
08
01
01
01
01
01
01
01
01
01
01
01
01
01
01
01
01
01
01
01
01
01
01
01
01
01
01
01
01
01
01
01
07
01
01
07
01
01
01
01
01
01
01
01
01
01
01
01
01
01
01
01
01
01
01
01
01
01
01
01
01
01
01
01
01
01
01
01
01
01
01
01
01
01
01
01
01
01
01
07
01
01
01
01
01
01
01
01
07
07
01
01
01
01
01
01
01
01
01
01
01
01
01
01
01
01
01
01
01
01
01
01
01
01
01
01
01
01
01
01
01
01
01
01
07
01
01
01
01
01
01
01
01
01
01
01
01
01
01
01
01
01
01
01
01
01
01
01
01
01
01
01
01
01
01
01
01
01
01
01
01
01
01
01
01
01
01
01
01
01
01
01
01
01
01
01
01
01
01
01
01
01
07
0C
0C
0C
0C
0C
0C
0C
0C
07
0C
01
01
01
0C
01
0C
01
01
0C
0C
01
0C
01
0C
01
0C
01
0C
01
0C
0C
07
0C
0C
0C
0C
01
0C
07
01
01
0C
0C
0C
01
0C
0C
0C
01
01
0C
01
0C
0C
01
0C
0C
01
0C
01
01
0C
01
0C
01
0C
0C
01
0C
01
0C
0C
0C
01
0C
01
0C
0C
01
01
01
0C
01
01
0C
01
0C
01
01
0C
01
01
0C
01
0C
01
01
01
0C
0C
01
01
07
0C
01
0C
01
0C
01
0C
01
0C
01
0C
01
01
01
01
01
01
01
01
01
01
0C
01
01
01
01
01
01
01
0C
01
01
01
01
01
07
01
01
01
01
01
01
01
01
01
01
01
01
01
01
01
01
01
01
01
01
01
01
01
01
01
01
01
01
01
01
07
01
01
01
01
01
01
01
01
01
01
01
01
01
01
01
01
01
01
01
01
01
01
01
01
01
01
01
01
01
01
01
01
01
01
01
01
01
01
01
01
01
01
01
01
01
01
01
01
01
01
01
01
01
01
01
01
01
01
01
01
0004
00FC
00FD
0002
00CD
00000064
0004
0003
0000000A
BB0039
59
2A
2B
B7003A
B0
0000
0003
00CE
00000006
0001
0000
00E7
00CF
00000020
0003
0000
000A
00D0
00D1
0000
0000
000A
00FE
00FF
0001
0000
000A
00DC
00F6
0002
00D2
00000016
0002
0000
000A
00D0
00D3
0000
0000
000A
00FE
0100
0001
00C8
00000002
0101
