0A
07
08
0A
09
09
07
0A
08
0A
0A
0A
04
04
04
04
04
04
04
04
04
04
04
04
04
04
07
07
01
01
01
01
01
01
01
07
07
01
01
01
0C
01
01
0C
0C
0C
01
01
0C
0C
0C
01
01
01
01
01
01
01
01
01
01
01
0001
0027
0028
0001
0022
00000084
0004
0006
0000005D
23
2A
B40005
03
30
0D
6E
62
44
0B
45
0B
46
03
3604
2A
B40005
BE
3605
1504
1505
A20026
2A
B40005
1504
30
45
23
24
96
9D000E
2A
B40006
1504
30
46
A7000D
23
24
66
44
840401
A7FFD9
23
24
6E
44
121A
24
6E
25
6A
23
6A
3804
0C
1704
1704
23
6A
66
24
6A
66
AE
0000
0001
0023
00000015
0003
FF
0019
0006
07
0024
02
02
02
01
01
0000
1F
F9
0009
