0A
09
09
09
09
09
09
09
09
09
09
07
0A
07
08
0A
07
0A
06
0A
08
07
0A
09
0A
07
07
09
09
0A
0A
09
0A
0A
0A
0A
0A
0A
0A
0A
0A
06
0A
0A
0A
09
0A
07
0A
0A
0B
0B
09
09
09
08
0A
09
09
09
0A
0A
0A
09
09
09
09
0A
0A
0A
0A
0A
0A
08
0A
08
09
0A
08
0A
07
06
0A
0A
0A
0A
08
0A
0A
0A
0A
0A
07
03
03
0A
0A
0A
0A
0A
0A
0A
0A
0A
0A
0A
0A
0A
0A
0A
07
07
07
01
01
01
01
01
01
01
01
01
01
01
01
01
01
01
01
01
01
01
01
01
01
01
01
01
01
01
01
01
01
01
01
01
01
01
01
01
01
01
01
01
01
01
01
01
01
01
01
01
01
01
01
01
01
01
01
01
01
01
01
01
01
01
01
01
01
01
01
01
01
01
01
01
01
01
01
01
01
01
01
01
01
01
01
01
01
01
01
01
01
01
01
01
01
01
01
01
01
01
01
01
01
01
01
01
01
01
01
01
07
01
01
01
01
01
01
01
01
01
01
01
01
01
01
01
01
01
01
01
07
01
01
01
01
01
01
01
01
01
01
01
01
01
01
01
01
01
01
01
01
01
01
01
01
01
01
01
01
01
01
01
01
01
01
01
01
01
01
01
01
01
01
01
01
01
01
01
01
01
01
01
07
07
07
07
07
01
01
01
01
01
01
01
01
01
01
01
01
01
01
01
01
01
01
01
01
01
07
07
01
01
01
01
01
01
01
01
01
01
01
01
01
01
01
01
01
01
01
01
01
01
01
0C
0C
0C
0C
0C
0C
0C
0C
0C
0C
0C
01
0C
01
01
0C
01
0C
07
0C
01
01
07
0C
07
0C
01
01
0C
0C
0C
0C
0C
0C
0C
0C
0C
0C
0C
0C
0C
07
0C
0C
0C
0C
0C
0C
01
0C
0C
07
0C
07
0C
0C
0C
07
0C
01
07
0C
0C
0C
0C
0C
0C
0C
0C
0C
07
0C
0C
0C
01
01
0C
0C
01
0C
01
0C
0C
0C
0C
01
0C
0C
0C
0C
0C
01
0C
0C
0C
0C
0C
0C
0C
0C
0C
0C
0C
0C
0C
0C
01
01
01
01
01
01
01
01
01
01
01
01
01
01
01
01
01
01
01
01
01
01
01
01
01
01
01
01
01
01
01
01
01
01
01
01
01
01
01
01
01
01
01
01
01
01
01
01
01
01
01
01
01
01
01
01
01
01
1041
00A1
0158
0001
0085
00000030
0002
0002
00000006
2A
1B
B60071
B0
0000
0002
0086
00000006
0001
0000
001E
0087
0000000C
0001
0000
0006
0088
0077
0000
