0A
09
09
09
09
09
09
09
09
09
09
07
0A
07
08
0A
07
0A
06
0A
08
07
0A
09
0A
07
07
09
09
0A
0A
09
0A
0A
0A
0A
0A
0A
0A
0A
0A
06
0A
0A
0A
09
0A
07
0A
0A
0B
0B
09
09
09
08
0A
09
09
09
0A
0A
0A
09
09
09
09
0A
0A
0A
0A
0A
0A
08
0A
08
09
0A
08
0A
07
06
0A
0A
0A
0A
08
0A
0A
0A
0A
0A
07
03
03
0A
0A
0A
0A
0A
0A
0A
0A
0A
0A
0A
0A
0A
0A
0A
07
07
07
01
01
01
01
01
01
01
01
01
01
01
01
01
01
01
01
01
01
01
01
01
01
01
01
01
01
01
01
01
01
01
01
01
01
01
01
01
01
01
01
01
01
01
01
01
01
01
01
01
01
01
01
01
01
01
01
01
01
01
01
01
01
01
01
01
01
01
01
01
01
01
01
01
01
01
01
01
01
01
01
01
01
01
01
01
01
01
01
01
01
01
01
01
01
01
01
01
01
01
01
01
01
01
01
01
01
01
01
01
07
01
01
01
01
01
01
01
01
01
01
01
01
01
01
01
01
01
01
01
07
01
01
01
01
01
01
01
01
01
01
01
01
01
01
01
01
01
01
01
01
01
01
01
01
01
01
01
01
01
01
01
01
01
01
01
01
01
01
01
01
01
01
01
01
01
01
01
01
01
01
01
07
07
07
07
07
01
01
01
01
01
01
01
01
01
01
01
01
01
01
01
01
01
01
01
01
01
07
07
01
01
01
01
01
01
01
01
01
01
01
01
01
01
01
01
01
01
01
01
01
01
01
0C
0C
0C
0C
0C
0C
0C
0C
0C
0C
0C
01
0C
01
01
0C
01
0C
07
0C
01
01
07
0C
07
0C
01
01
0C
0C
0C
0C
0C
0C
0C
0C
0C
0C
0C
0C
0C
07
0C
0C
0C
0C
0C
0C
01
0C
0C
07
0C
07
0C
0C
0C
07
0C
01
07
0C
0C
0C
0C
0C
0C
0C
0C
0C
07
0C
0C
0C
01
01
0C
0C
01
0C
01
0C
0C
0C
0C
01
0C
0C
0C
0C
0C
01
0C
0C
0C
0C
0C
0C
0C
0C
0C
0C
0C
0C
0C
0C
01
01
01
01
01
01
01
01
01
01
01
01
01
01
01
01
01
01
01
01
01
01
01
01
01
01
01
01
01
01
01
01
01
01
01
01
01
01
01
01
01
01
01
01
01
01
01
01
01
01
01
01
01
01
01
01
01
01
0001
00E7
00E8
0001
0085
0000003C
0002
0002
00000008
2B
2A
B900360200
AC
0000
0002
0086
00000006
0001
0000
0268
0087
00000016
0002
0000
0008
0088
0077
0000
0000
0008
00C5
00E9
0001
