0A
07
0C
01
01
01
0A
07
0C
01
01
01
07
01
09
0C
01
01
0A
0C
01
0A
0C
01
09
07
0C
01
01
01
0A
07
0C
01
01
01
0A
0C
01
0A
0C
01
01
0A
0C
01
01
07
01
0A
07
01
0A
0A
0C
01
01
0A
0C
01
03
03
0A
0C
01
0A
0C
01
01
0A
0C
01
0A
07
0C
01
01
01
0A
07
0C
01
01
01
0A
07
0C
01
01
01
0A
07
0C
01
01
0A
0C
01
01
0A
0C
01
01
09
0C
01
01
0A
0C
01
01
0B
07
0C
01
01
01
0B
0C
01
07
01
08
01
0A
0C
01
08
01
0A
0C
01
01
08
01
0A
0C
01
08
01
0A
0C
01
07
01
07
01
0A
0C
01
0A
0C
01
0A
0C
01
07
01
07
01
0A
0C
01
0A
0C
01
0A
0C
07
01
0A
07
0C
01
01
09
0C
01
01
09
0C
01
0B
07
0C
01
01
0A
0C
01
01
0A
0C
01
01
0A
0C
01
0A
0C
01
01
0A
0C
01
01
0A
0C
01
0A
0C
01
07
01
08
01
0A
09
0C
01
01
07
01
08
07
01
0A
0C
01
09
0C
01
01
07
01
0A
07
01
0A
09
0C
01
01
09
0C
01
01
07
01
0A
0C
01
07
01
07
01
07
01
0A
0C
01
0A
0C
01
0B
07
0C
01
01
01
0A
07
0C
01
01
01
0A
0C
01
01
07
01
07
01
07
01
07
01
01
01
01
01
01
01
01
01
01
01
01
01
01
01
01
01
01
01
01
01
01
01
01
01
01
01
01
01
01
01
01
01
01
01
01
01
01
01
01
01
01
01
01
01
01
01
07
01
01
01
01
01
01
01
01
01
01
01
01
01
01
01
01
01
07
01
07
01
01
01
01
01
01
01
0001
00D1
0063
0002
0125
00000039
0001
0002
00000005
1B
B80060
B0
0000
0002
0126
00000006
0001
0000
00F0
0127
00000016
0002
0000
0005
0128
0129
0000
0000
0005
0139
0137
0001
0121
00000006
0001
0122
0000
