0A
08
09
0A
0A
0A
09
09
07
0A
0B
07
0A
0A
0A
0A
0A
0A
0A
0A
0A
0A
0A
0A
07
09
07
0A
0B
0A
0A
0A
07
0A
0B
0B
0B
07
0A
09
09
09
09
09
09
0A
09
0B
0B
0B
07
0A
09
09
09
09
09
09
09
09
09
09
09
09
0B
09
0A
07
07
0A
08
0A
0A
0A
0A
0A
0A
12
0B
0B
0A
0A
07
0B
0A
0A
0A
07
0B
0A
12
0B
0A
0B
07
07
0B
07
07
0A
12
0B
0A
07
0A
0A
08
0A
08
0A
08
0B
08
08
0B
07
0A
0A
0A
0A
07
0A
08
0A
07
0A
09
07
07
07
08
0A
08
0A
08
0A
0A
0A
0A
0A
0A
0A
09
09
09
09
0A
08
07
08
0A
08
0A
0A
08
0A
0A
07
0A
07
0A
0A
07
0A
0A
12
08
0A
08
0A
0A
0A
0A
0A
0A
0A
08
08
08
09
0A
0A
0A
0A
0B
0B
0B
0A
0A
0A
0A
0A
09
07
07
01
01
01
01
01
01
01
01
01
01
01
01
01
01
01
01
07
01
01
01
01
01
01
01
01
01
01
01
01
01
01
07
01
01
01
01
01
01
01
01
01
01
01
01
01
01
01
07
01
01
01
01
07
01
01
01
01
01
01
01
01
01
01
01
01
07
07
07
01
01
01
01
01
01
01
01
01
01
01
01
01
01
01
01
01
01
01
01
01
07
07
07
07
07
07
07
07
07
07
01
01
01
01
01
01
01
01
01
01
01
01
01
01
01
01
01
01
01
01
01
01
01
01
01
01
01
01
01
07
01
01
01
01
01
01
01
01
01
01
01
01
01
01
01
01
01
01
01
01
01
01
01
01
01
01
01
01
01
01
01
01
01
01
01
01
01
07
07
07
07
07
07
07
07
07
07
07
07
07
07
01
01
01
01
01
01
01
01
01
01
01
01
01
01
01
01
01
01
01
01
01
01
01
07
07
07
07
07
07
07
07
07
01
01
01
01
01
01
01
01
0C
01
0C
07
0C
0C
0C
0C
0C
01
07
0C
07
0C
01
0C
0C
0C
07
0C
0C
0C
0C
0C
07
0C
07
0C
0C
01
0C
01
0C
0C
0C
0C
01
0C
0C
0C
01
0C
0C
0C
0C
0C
07
0C
0C
01
0C
0C
0C
0C
0C
07
0C
01
01
01
0C
0C
0C
0C
0C
07
0C
01
0F
10
0F
10
0C
07
0C
0C
07
0C
0C
01
0C
07
0C
0C
01
0C
0C
10
0F
10
0C
0C
07
0C
0C
01
01
0C
01
10
0F
10
0C
0C
0C
01
07
0C
0C
01
0C
01
0C
01
0C
01
01
0C
01
0C
0C
0C
01
0C
01
0C
01
0C
0C
01
01
01
01
0C
01
0C
01
0C
0C
07
0C
0C
0C
07
0C
0C
0C
0C
01
01
01
07
0C
01
07
0C
07
0C
01
07
0C
07
0C
01
01
0C
01
0C
10
0F
10
0C
01
0C
01
0C
0C
0C
07
0C
0C
0C
01
01
01
07
0C
0C
07
0C
0C
07
0C
0C
0C
07
0C
07
0C
07
0C
0C
01
01
01
01
01
01
01
01
01
01
01
01
01
01
01
01
01
01
01
01
01
01
01
01
01
01
01
01
01
01
01
01
01
01
01
01
01
01
01
01
01
01
01
01
01
01
01
01
01
01
01
01
01
01
01
01
01
01
01
01
01
01
01
01
01
01
01
01
01
01
01
01
01
01
01
01
01
01
01
01
01
01
01
01
01
01
01
01
01
01
01
01
01
0A
0A
01
01
01
01
01
01
01
01
01
01
01
01
01
01
01
01
01
01
01
01
01
0A
01
01
01
01
01
01
01
01
01
01
01
01
01
0B
01
01
01
01
01
01
01
01
01
01
01
01
01
01
01
01
01
01
01
01
01
01
01
01
01
01
01
01
01
01
01
01
01
01
01
01
01
01
01
01
01
01
01
01
01
01
01
01
01
01
01
01
01
01
01
01
01
0A
01
01
01
01
01
01
01
01
01
01
01
01
01
01
01
01
01
01
01
01
01
01
01
01
01
01
01
01
01
01
01
01
01
01
01
07
0C
0C
07
07
0C
01
01
07
01
01
01
07
01
01
0001
00FD
00FE
0004
00D9
00000093
0003
0006
00000027
2A
B40008
B80016
4E
2D
2C
120C
B60017
C0000C
3A04
2A
2B
B60013
3A05
2A
B6000E
1905
1904
B60018
B1
0000
0002
00DA
00000016
0005
0000
00BB
0008
00BC
0014
00BE
001B
00BF
0026
00C0
00DB
0000003E
0006
0000
0027
00DC
00DD
0000
0000
0027
00F2
00C9
0001
0000
0027
00FF
0100
0002
0008
001F
0101
0102
0003
0014
0013
0103
0104
0004
001B
000C
00F6
00F7
0005
00E2
0000000A
0004
0105
0106
0107
00E3
00D1
00000016
0002
00E6
0001
000100E7
73
0108
00E9
0001
000100FA
65
00FB
00FC
0109
00000009
02
0000
0001
010A
0000
