01
07
01
07
01
07
01
01
01
01
01
0C
0A
01
01
0C
09
01
01
01
01
01
01
01
01
01
01
01
07
01
01
0C
0A
01
01
01
01
01
07
0C
0A
01
01
0C
0A
01
01
0C
09
01
07
01
0C
09
01
0C
09
0C
09
01
0C
09
0C
09
01
0C
09
0C
09
01
0C
09
0C
09
01
0C
09
01
01
01
07
01
0C
09
0C
09
0C
09
0C
09
0C
09
01
07
01
07
0A
01
08
01
01
0C
0A
01
0C
0A
0A
01
0C
0A
01
0C
0A
01
0C
0A
01
01
01
01
01
0C
09
01
07
0C
0A
01
01
0C
0A
01
01
01
01
0C
0A
01
0C
09
01
08
01
07
01
0C
0A
01
08
01
08
01
08
01
08
01
01
01
01
03
03
03
01
01
03
01
01
01
01
01
01
01
01
01
07
01
01
01
01
01
01
01
01
01
01
01
01
0019
0075
0076
0004
00B4
00000026
0002
0001
00000008
B2007B
2A
B6007F
B0
0000
0001
00B6
0000000C
0001
0000
0008
000E
0080
0000
00B7
00000006
0001
0077
0000
00B2
00000006
0001
0018
0000
00B9
00000007
01
0001
0018
0000
