0A
09
0B
0B
07
07
0A
08
0A
0A
08
0A
0A
0A
0B
07
0A
0B
0A
07
0B
0A
07
07
07
07
01
01
01
01
07
01
01
01
01
01
01
01
01
01
01
01
07
01
07
01
01
01
01
01
01
01
01
01
01
01
01
01
01
01
07
01
01
01
01
01
01
01
01
01
01
01
01
07
01
01
0C
0C
07
0C
07
0C
01
01
01
0C
0C
01
0C
0C
0C
0C
01
07
0C
0C
0C
01
01
0C
0C
01
01
01
07
01
01
07
01
01
07
01
07
01
01
01
01
01
01
01
01
01
01
01
01
01
01
01
01
01
01
01
01
01
01
01
01
01
01
01
01
01
01
01
01
01
01
0C
0A
01
0A
01
07
0C
0A
01
0001
008F
0090
0002
0025
00000038
0005
0002
0000002C
2A
2B
A60005
04
AC
2B
C70005
03
AC
2A
B60095
2B
B60095
A50005
03
AC
2A
B40002
2B
C00017
B40002
9F0005
03
AC
04
AC
0000
0000
009C
00000007
01
0001
0091
0000
