0A
08
09
0A
0A
0A
09
09
07
0A
0B
07
0A
0A
0A
0A
0A
0A
0A
0A
0A
0A
0A
0A
07
09
07
0A
0B
0A
0A
0A
07
0A
0B
0B
0B
07
0A
09
09
09
09
09
09
0A
09
0B
0B
0B
07
0A
09
09
09
09
09
09
09
09
09
09
09
09
0B
09
0A
07
07
0A
08
0A
0A
0A
0A
0A
0A
12
0B
0B
0A
0A
07
0B
0A
0A
0A
07
0B
0A
12
0B
0A
0B
07
07
0B
07
07
0A
12
0B
0A
07
0A
0A
08
0A
08
0A
08
0B
08
08
0B
07
0A
0A
0A
0A
07
0A
08
0A
07
0A
09
07
07
07
08
0A
08
0A
08
0A
0A
0A
0A
0A
0A
0A
09
09
09
09
0A
08
07
08
0A
08
0A
0A
08
0A
0A
07
0A
07
0A
0A
07
0A
0A
12
08
0A
08
0A
0A
0A
0A
0A
0A
0A
08
08
08
09
0A
0A
0A
0A
0B
0B
0B
0A
0A
0A
0A
0A
09
07
07
01
01
01
01
01
01
01
01
01
01
01
01
01
01
01
01
07
01
01
01
01
01
01
01
01
01
01
01
01
01
01
07
01
01
01
01
01
01
01
01
01
01
01
01
01
01
01
07
01
01
01
01
07
01
01
01
01
01
01
01
01
01
01
01
01
07
07
07
01
01
01
01
01
01
01
01
01
01
01
01
01
01
01
01
01
01
01
01
01
07
07
07
07
07
07
07
07
07
07
01
01
01
01
01
01
01
01
01
01
01
01
01
01
01
01
01
01
01
01
01
01
01
01
01
01
01
01
01
07
01
01
01
01
01
01
01
01
01
01
01
01
01
01
01
01
01
01
01
01
01
01
01
01
01
01
01
01
01
01
01
01
01
01
01
01
01
07
07
07
07
07
07
07
07
07
07
07
07
07
07
01
01
01
01
01
01
01
01
01
01
01
01
01
01
01
01
01
01
01
01
01
01
01
07
07
07
07
07
07
07
07
07
01
01
01
01
01
01
01
01
0C
01
0C
07
0C
0C
0C
0C
0C
01
07
0C
07
0C
01
0C
0C
0C
07
0C
0C
0C
0C
0C
07
0C
07
0C
0C
01
0C
01
0C
0C
0C
0C
01
0C
0C
0C
01
0C
0C
0C
0C
0C
07
0C
0C
01
0C
0C
0C
0C
0C
07
0C
01
01
01
0C
0C
0C
0C
0C
07
0C
01
0F
10
0F
10
0C
07
0C
0C
07
0C
0C
01
0C
07
0C
0C
01
0C
0C
10
0F
10
0C
0C
07
0C
0C
01
01
0C
01
10
0F
10
0C
0C
0C
01
07
0C
0C
01
0C
01
0C
01
0C
01
01
0C
01
0C
0C
0C
01
0C
01
0C
01
0C
0C
01
01
01
01
0C
01
0C
01
0C
0C
07
0C
0C
0C
07
0C
0C
0C
0C
01
01
01
07
0C
01
07
0C
07
0C
01
07
0C
07
0C
01
01
0C
01
0C
10
0F
10
0C
01
0C
01
0C
0C
0C
07
0C
0C
0C
01
01
01
07
0C
0C
07
0C
0C
07
0C
0C
0C
07
0C
07
0C
07
0C
0C
01
01
01
01
01
01
01
01
01
01
01
01
01
01
01
01
01
01
01
01
01
01
01
01
01
01
01
01
01
01
01
01
01
01
01
01
01
01
01
01
01
01
01
01
01
01
01
01
01
01
01
01
01
01
01
01
01
01
01
01
01
01
01
01
01
01
01
01
01
01
01
01
01
01
01
01
01
01
01
01
01
01
01
01
01
01
01
01
01
01
01
01
01
0A
0A
01
01
01
01
01
01
01
01
01
01
01
01
01
01
01
01
01
01
01
01
01
0A
01
01
01
01
01
01
01
01
01
01
01
01
01
0B
01
01
01
01
01
01
01
01
01
01
01
01
01
01
01
01
01
01
01
01
01
01
01
01
01
01
01
01
01
01
01
01
01
01
01
01
01
01
01
01
01
01
01
01
01
01
01
01
01
01
01
01
01
01
01
01
01
0A
01
01
01
01
01
01
01
01
01
01
01
01
01
01
01
01
01
01
01
01
01
01
01
01
01
01
01
01
01
01
01
01
01
01
01
07
0C
0C
07
07
0C
01
01
07
01
01
01
07
01
01
0001
00EE
00EB
0004
00D9
00000049
0003
0002
00000011
2A
B6000E
4C
2B
2A
B60010
B80011
B60012
B0
0000
0002
00DA
0000000A
0002
0000
0085
0005
0086
00DB
00000016
0002
0000
0011
00DC
00DD
0000
0005
000C
00E0
00E1
0001
00E2
00000004
0001
00E3
00EC
00000002
00EF
00D1
0000000F
0002
00E6
0001
000100E7
73
00E8
00E9
0000
