01
07
01
07
01
07
01
01
01
01
08
01
07
01
01
0C
0A
01
08
01
08
01
0C
0A
01
0C
09
01
0C
09
01
0C
09
01
01
01
01
01
01
01
01
01
01
01
07
01
01
0C
09
01
07
01
0C
0A
01
01
01
01
01
0C
0A
01
01
0C
0A
01
01
07
0A
01
08
01
01
0C
0A
01
0C
0A
01
08
01
08
01
0C
0A
0C
0A
01
01
07
0C
0A
01
07
0A
0A
01
01
01
01
01
01
01
0C
0A
01
01
01
01
03
03
03
01
01
03
01
01
01
01
01
01
01
01
01
01
01
01
01
01
01
01
01
01
0001
0007
0008
0002
007E
0000007E
0002
0004
00000026
2B
120B
B80011
2C
1213
B80011
2D
1215
B80011
2A
B70018
2A
2B
B5001B
2A
2C
B5001E
2A
2D
B50021
B1
0000
0002
007F
00000016
0005
0012
004C
0016
004D
001B
004E
0020
004F
0025
004C
0080
0000002A
0004
0000
0026
0022
0023
0000
0000
0026
000A
0019
0001
0000
0026
0012
001C
0002
0000
0026
0014
001F
0003
0081
00000013
03
0001
0009
0000
0001
0009
0000
0001
0009
0000
