0A
09
09
09
0A
0B
0A
0B
09
0A
0A
09
09
09
09
0A
08
0B
0A
0A
0A
0A
0A
0A
0A
0A
0A
0A
0A
0A
0A
0A
08
0A
08
07
0A
08
08
08
08
0A
08
0A
08
08
08
08
08
08
08
08
0A
08
0A
0A
07
07
0A
0B
0A
0A
07
0A
07
0A
07
0A
0A
0A
08
0A
07
08
0A
0A
08
07
0A
0A
0A
0A
08
0A
0A
0A
07
0A
07
0A
0A
08
07
0A
0A
0A
0A
0A
0A
0A
07
0A
08
08
08
08
08
08
08
08
08
08
0A
0A
0A
08
08
08
08
08
08
08
0A
08
08
08
08
0A
08
08
08
0A
0A
0A
08
08
08
0A
08
08
08
08
08
08
08
0A
0A
0A
08
08
08
08
08
08
08
08
0A
07
0A
07
08
08
0A
0A
08
08
08
08
08
0A
07
0A
0A
08
0A
0A
0A
08
08
08
08
08
08
08
08
08
08
08
0A
08
08
08
08
0A
08
08
0A
08
0A
08
08
08
08
08
08
08
08
0A
08
0A
08
0A
0A
08
08
08
08
08
08
08
08
0A
07
07
07
01
01
01
01
01
01
01
01
01
01
01
01
01
01
01
01
01
01
01
01
01
01
01
01
01
01
01
01
07
07
01
01
01
01
01
01
01
01
01
01
01
01
01
01
01
01
01
01
01
01
01
01
01
01
01
01
07
07
07
07
07
07
07
07
07
01
01
01
01
01
01
01
07
01
01
01
01
01
07
01
01
01
01
01
07
01
01
01
01
01
01
01
01
01
01
01
01
01
01
01
01
01
01
01
01
01
01
01
01
01
01
01
01
01
01
01
01
01
01
01
01
01
01
01
01
01
01
01
01
01
01
01
01
01
01
01
01
01
01
01
01
01
01
01
01
01
01
01
01
01
01
01
01
01
01
01
01
01
01
01
01
01
01
01
01
01
01
01
01
01
01
01
01
01
01
01
01
01
01
01
01
01
01
01
01
01
01
0C
0C
0C
0C
0C
07
0C
07
0C
07
0C
0C
07
0C
07
0C
0C
0C
0C
0C
0C
01
0C
0C
07
0C
0C
07
0C
0C
0C
0C
0C
0C
0C
0C
0C
01
0C
01
01
07
0C
01
01
01
01
0C
01
0C
01
01
01
01
01
01
01
01
0C
01
0C
0C
01
01
0C
0C
0C
0C
01
0C
01
0C
01
0C
0C
0C
01
0C
01
01
0C
0C
01
01
07
0C
0C
0C
0C
0C
0C
0C
01
0C
01
01
01
0C
0C
0C
0C
0C
0C
01
01
01
01
01
01
01
01
01
01
01
0C
0C
0C
01
01
01
01
01
01
01
0C
01
01
01
01
0C
01
01
01
0C
0C
0C
01
01
01
0C
01
01
01
01
01
01
01
0C
0C
0C
01
01
01
01
01
01
01
01
0C
01
0C
01
01
01
0C
0C
01
01
01
01
01
0C
01
0C
0C
01
07
0C
0C
01
01
01
01
01
01
01
01
01
01
01
0C
01
01
01
01
0C
01
01
0C
01
0C
01
01
01
01
01
01
01
01
0C
01
0C
01
0C
0C
01
01
01
01
01
01
01
01
0C
01
01
01
01
01
01
01
01
01
01
01
01
01
01
01
01
01
01
01
01
01
01
01
01
01
01
01
01
01
01
01
01
01
01
01
01
01
01
01
01
01
01
01
01
01
01
01
01
01
01
01
01
01
01
01
01
01
01
01
01
01
01
01
01
01
01
01
01
01
01
01
01
01
01
01
01
01
01
01
01
01
01
01
01
01
01
01
01
0002
018E
0132
0002
00F3
00000179
0006
0008
00000098
2C
4E
2C
B60017
3A04
2A
B4000D
1259
B60044
C00059
3A05
1905
2C
B6005A
1905
2B
C00057
B6005B
1905
12D7
125D
2C
01
03
B80025
C0005D
B6005E
B6005F
1905
B60060
3606
1506
990036
1904
12D8
B60022
1904
12D9
1224
2C
01
03
B80025
C00024
B60022
1904
12A2
B60022
1905
B60064
3607
1507
05
9F0006
A70006
A7FFD0
1905
B60066
08
A0000E
2A
B4000D
1905
B60058
04
AC
2A
B4000D
1905
B60058
03
AC
0000
0003
00F4
00000052
0014
0000
0441
0002
0442
0008
0444
0016
0445
001C
0446
0025
0448
003A
0449
0041
044A
0046
044C
004D
044D
005F
044E
0066
044F
006D
0450
0073
0451
0076
0452
0079
0454
0082
0455
008B
0456
008D
0458
0096
0459
00F5
00000052
0008
006D
0009
012C
0129
0007
0000
0098
00F6
00F7
0000
0000
0098
018C
0133
0001
0000
0098
0119
0107
0002
0002
0096
0106
0107
0003
0008
0090
0114
0115
0004
0016
0082
018F
012E
0005
0041
0057
0190
0129
0006
00FD
0000001F
0004
FF
0046
0007
07
011A
07
0136
07
011D
07
011D
07
0121
07
0130
01
0000
2F
02
13
0123
00000004
0001
0039
