0A
09
09
09
0A
0B
0A
0B
09
0A
0A
09
09
09
09
0A
08
0B
0A
0A
0A
0A
0A
0A
0A
0A
0A
0A
0A
0A
0A
0A
08
0A
08
07
0A
08
08
08
08
0A
08
0A
08
08
08
08
08
08
08
08
0A
08
0A
0A
07
07
0A
0B
0A
0A
07
0A
07
0A
07
0A
0A
0A
08
0A
07
08
0A
0A
08
07
0A
0A
0A
0A
08
0A
0A
0A
07
0A
07
0A
0A
08
07
0A
0A
0A
0A
0A
0A
0A
07
0A
08
08
08
08
08
08
08
08
08
08
0A
0A
0A
08
08
08
08
08
08
08
0A
08
08
08
08
0A
08
08
08
0A
0A
0A
08
08
08
0A
08
08
08
08
08
08
08
0A
0A
0A
08
08
08
08
08
08
08
08
0A
07
0A
07
08
08
0A
0A
08
08
08
08
08
0A
07
0A
0A
08
0A
0A
0A
08
08
08
08
08
08
08
08
08
08
08
0A
08
08
08
08
0A
08
08
0A
08
0A
08
08
08
08
08
08
08
08
0A
08
0A
08
0A
0A
08
08
08
08
08
08
08
08
0A
07
07
07
01
01
01
01
01
01
01
01
01
01
01
01
01
01
01
01
01
01
01
01
01
01
01
01
01
01
01
01
07
07
01
01
01
01
01
01
01
01
01
01
01
01
01
01
01
01
01
01
01
01
01
01
01
01
01
01
07
07
07
07
07
07
07
07
07
01
01
01
01
01
01
01
07
01
01
01
01
01
07
01
01
01
01
01
07
01
01
01
01
01
01
01
01
01
01
01
01
01
01
01
01
01
01
01
01
01
01
01
01
01
01
01
01
01
01
01
01
01
01
01
01
01
01
01
01
01
01
01
01
01
01
01
01
01
01
01
01
01
01
01
01
01
01
01
01
01
01
01
01
01
01
01
01
01
01
01
01
01
01
01
01
01
01
01
01
01
01
01
01
01
01
01
01
01
01
01
01
01
01
01
01
01
01
01
01
01
01
0C
0C
0C
0C
0C
07
0C
07
0C
07
0C
0C
07
0C
07
0C
0C
0C
0C
0C
0C
01
0C
0C
07
0C
0C
07
0C
0C
0C
0C
0C
0C
0C
0C
0C
01
0C
01
01
07
0C
01
01
01
01
0C
01
0C
01
01
01
01
01
01
01
01
0C
01
0C
0C
01
01
0C
0C
0C
0C
01
0C
01
0C
01
0C
0C
0C
01
0C
01
01
0C
0C
01
01
07
0C
0C
0C
0C
0C
0C
0C
01
0C
01
01
01
0C
0C
0C
0C
0C
0C
01
01
01
01
01
01
01
01
01
01
01
0C
0C
0C
01
01
01
01
01
01
01
0C
01
01
01
01
0C
01
01
01
0C
0C
0C
01
01
01
0C
01
01
01
01
01
01
01
0C
0C
0C
01
01
01
01
01
01
01
01
0C
01
0C
01
01
01
0C
0C
01
01
01
01
01
0C
01
0C
0C
01
07
0C
0C
01
01
01
01
01
01
01
01
01
01
01
0C
01
01
01
01
0C
01
01
0C
01
0C
01
01
01
01
01
01
01
01
0C
01
0C
01
0C
0C
01
01
01
01
01
01
01
01
0C
01
01
01
01
01
01
01
01
01
01
01
01
01
01
01
01
01
01
01
01
01
01
01
01
01
01
01
01
01
01
01
01
01
01
01
01
01
01
01
01
01
01
01
01
01
01
01
01
01
01
01
01
01
01
01
01
01
01
01
01
01
01
01
01
01
01
01
01
01
01
01
01
01
01
01
01
01
01
01
01
01
01
01
01
01
01
01
01
0002
0149
0125
0002
00F3
00000151
0006
0007
00000080
2B
4D
2B
B60017
4E
2A
B4000D
1259
B60044
C00059
3A04
1904
2B
B6005A
1904
01
B6005B
1904
127A
125D
2B
01
03
B80025
C0005D
B6005E
B6005F
1904
B60060
3605
1505
990022
2A
1904
2B
B7007B
990005
04
AC
1904
B60064
3606
1506
05
9F0006
A70006
A7FFE4
1904
B60066
08
A0000E
2A
B4000D
1904
B60058
04
AC
2A
B4000D
1904
B60058
03
AC
0000
0003
00F4
0000004E
0013
0000
01A1
0002
01A2
0007
01A4
0015
01A5
001B
01A6
0021
01A8
0036
01A9
003D
01AA
0042
01AC
004C
01AD
004E
01AE
0055
01AF
005B
01B0
005E
01B1
0061
01B3
006A
01B4
0073
01B5
0075
01B7
007E
01B8
00F5
00000048
0007
0055
0009
012C
0129
0006
0000
0080
00F6
00F7
0000
0000
0080
0119
0107
0001
0002
007E
0106
0107
0002
0007
0079
0114
0115
0003
0015
006B
014A
012E
0004
003D
0043
014B
0129
0005
00FD
0000001D
0005
FF
0042
0006
07
011A
07
011D
07
011D
07
0121
07
0130
01
0000
0B
0F
02
13
0123
00000004
0001
0039
