0A
09
09
09
0A
0B
0A
0B
09
0A
0A
09
09
09
09
0A
08
0B
0A
0A
0A
0A
0A
0A
0A
0A
0A
0A
0A
0A
0A
0A
08
0A
08
07
0A
08
08
08
08
0A
08
0A
08
08
08
08
08
08
08
08
0A
08
0A
0A
07
07
0A
0B
0A
0A
07
0A
07
0A
07
0A
0A
0A
08
0A
07
08
0A
0A
08
07
0A
0A
0A
0A
08
0A
0A
0A
07
0A
07
0A
0A
08
07
0A
0A
0A
0A
0A
0A
0A
07
0A
08
08
08
08
08
08
08
08
08
08
0A
0A
0A
08
08
08
08
08
08
08
0A
08
08
08
08
0A
08
08
08
0A
0A
0A
08
08
08
0A
08
08
08
08
08
08
08
0A
0A
0A
08
08
08
08
08
08
08
08
0A
07
0A
07
08
08
0A
0A
08
08
08
08
08
0A
07
0A
0A
08
0A
0A
0A
08
08
08
08
08
08
08
08
08
08
08
0A
08
08
08
08
0A
08
08
0A
08
0A
08
08
08
08
08
08
08
08
0A
08
0A
08
0A
0A
08
08
08
08
08
08
08
08
0A
07
07
07
01
01
01
01
01
01
01
01
01
01
01
01
01
01
01
01
01
01
01
01
01
01
01
01
01
01
01
01
07
07
01
01
01
01
01
01
01
01
01
01
01
01
01
01
01
01
01
01
01
01
01
01
01
01
01
01
07
07
07
07
07
07
07
07
07
01
01
01
01
01
01
01
07
01
01
01
01
01
07
01
01
01
01
01
07
01
01
01
01
01
01
01
01
01
01
01
01
01
01
01
01
01
01
01
01
01
01
01
01
01
01
01
01
01
01
01
01
01
01
01
01
01
01
01
01
01
01
01
01
01
01
01
01
01
01
01
01
01
01
01
01
01
01
01
01
01
01
01
01
01
01
01
01
01
01
01
01
01
01
01
01
01
01
01
01
01
01
01
01
01
01
01
01
01
01
01
01
01
01
01
01
01
01
01
01
01
01
0C
0C
0C
0C
0C
07
0C
07
0C
07
0C
0C
07
0C
07
0C
0C
0C
0C
0C
0C
01
0C
0C
07
0C
0C
07
0C
0C
0C
0C
0C
0C
0C
0C
0C
01
0C
01
01
07
0C
01
01
01
01
0C
01
0C
01
01
01
01
01
01
01
01
0C
01
0C
0C
01
01
0C
0C
0C
0C
01
0C
01
0C
01
0C
0C
0C
01
0C
01
01
0C
0C
01
01
07
0C
0C
0C
0C
0C
0C
0C
01
0C
01
01
01
0C
0C
0C
0C
0C
0C
01
01
01
01
01
01
01
01
01
01
01
0C
0C
0C
01
01
01
01
01
01
01
0C
01
01
01
01
0C
01
01
01
0C
0C
0C
01
01
01
0C
01
01
01
01
01
01
01
0C
0C
0C
01
01
01
01
01
01
01
01
0C
01
0C
01
01
01
0C
0C
01
01
01
01
01
0C
01
0C
0C
01
07
0C
0C
01
01
01
01
01
01
01
01
01
01
01
0C
01
01
01
01
0C
01
01
0C
01
0C
01
01
01
01
01
01
01
01
0C
01
0C
01
0C
0C
01
01
01
01
01
01
01
01
0C
01
01
01
01
01
01
01
01
01
01
01
01
01
01
01
01
01
01
01
01
01
01
01
01
01
01
01
01
01
01
01
01
01
01
01
01
01
01
01
01
01
01
01
01
01
01
01
01
01
01
01
01
01
01
01
01
01
01
01
01
01
01
01
01
01
01
01
01
01
01
01
01
01
01
01
01
01
01
01
01
01
01
01
01
01
01
01
01
0002
0140
0132
0002
00F3
00000139
0008
0007
0000007D
2C
4E
2C
B60017
3A04
2A
B4000C
1243
B60044
C00043
3A05
1905
2C
B60045
1905
2B
C00057
B60046
1905
1267
B60048
1905
BB0049
59
1274
2A
B6004B
2C
B6004C
1275
124E
B6004F
B70050
2C
B6004C
B60051
B60052
1905
1253
B60054
1905
B60055
3606
1905
B60056
08
A0000E
2A
B4000C
1905
B60058
04
AC
2A
B4000C
1905
B60058
03
AC
0000
0003
00F4
0000003A
000E
0000
015C
0002
015D
0008
015F
0016
0160
001C
0161
0025
0163
002C
0165
0050
0167
0057
0168
005E
0169
0067
016A
0070
016B
0072
016D
007B
016E
00F5
00000048
0007
0000
007D
00F6
00F7
0000
0000
007D
013E
0133
0001
0000
007D
0119
0107
0002
0002
007B
0106
0107
0003
0008
0075
0114
0115
0004
0016
0067
0141
0127
0005
005E
001F
0142
0129
0006
00FD
0000001C
0001
FF
0072
0007
07
011A
07
0136
07
011D
07
011D
07
0121
07
012A
01
0000
0123
00000004
0001
0039
