09
07
0C
01
01
01
0A
0C
01
01
09
0C
01
01
0A
0C
01
01
09
0C
01
01
0A
0C
01
01
0A
07
0C
01
01
01
07
01
0A
08
01
0A
0C
01
01
08
01
0A
0C
01
08
01
08
01
0A
0C
01
08
01
08
01
0A
0C
01
01
0A
07
0C
01
01
01
0A
07
0C
01
01
01
07
01
07
01
0A
0C
01
0A
0C
01
01
09
0C
01
01
07
01
0A
07
01
01
01
01
01
01
01
01
01
01
01
01
01
01
01
01
01
01
01
01
01
01
01
01
01
01
01
01
01
01
01
01
01
01
01
01
01
01
01
01
01
01
01
01
0009
0082
0083
0002
0060
0000001C
0001
0000
00000004
B20055
B0
0000
0001
0061
00000006
0001
0000
0097
005E
00000002
0084
