0A
07
0A
09
07
0A
09
07
0A
09
07
0A
09
07
0A
09
07
0A
07
0A
07
0A
09
07
0A
07
0A
07
0A
07
0A
07
0A
07
0A
07
07
07
01
01
01
01
01
01
01
01
01
01
01
01
01
01
01
01
01
01
01
01
01
01
01
01
01
01
01
01
01
01
01
01
01
01
01
01
01
01
01
01
01
01
01
01
01
01
01
01
01
01
01
01
01
01
01
01
01
0C
01
0C
01
0C
01
0C
01
0C
01
0C
01
01
0C
01
0C
01
01
0C
01
01
0C
01
0C
01
01
01
01
01
01
01
01
0001
0054
0055
0001
0035
0000003D
0003
0002
00000009
BB001E
59
2B
B7001F
B0
0000
0002
0036
00000006
0001
0000
009A
0037
00000016
0002
0000
0009
0038
0039
0000
0000
0009
0056
0057
0001
