0A
07
0A
09
07
0A
09
07
0A
09
07
0A
09
07
0A
09
07
0A
07
0A
07
0A
09
07
0A
07
0A
07
0A
07
0A
07
0A
07
0A
07
07
07
01
01
01
01
01
01
01
01
01
01
01
01
01
01
01
01
01
01
01
01
01
01
01
01
01
01
01
01
01
01
01
01
01
01
01
01
01
01
01
01
01
01
01
01
01
01
01
01
01
01
01
01
01
01
01
01
01
0C
01
0C
01
0C
01
0C
01
0C
01
0C
01
01
0C
01
0C
01
01
0C
01
01
0C
01
0C
01
01
01
01
01
01
01
01
0001
0042
0043
0001
0035
0000002F
0001
0001
00000005
2A
B40007
B0
0000
0002
0036
00000006
0001
0000
0060
0037
0000000C
0001
0000
0005
0038
0039
0000
