0A
0A
07
0A
09
0A
0A
0B
0B
0B
07
0A
0A
0A
0A
0A
0A
0A
0A
0A
0A
0B
07
0A
07
07
07
01
01
01
01
01
01
01
01
01
01
01
01
01
01
01
01
01
01
01
01
01
01
01
01
01
01
01
07
01
01
01
01
01
01
01
01
01
01
01
07
07
07
07
01
01
01
01
01
01
01
01
01
01
0C
0C
01
0C
0C
07
0C
0C
07
0C
07
0C
0C
01
0C
0C
0C
07
07
0C
07
0C
0C
0C
0C
0C
01
0C
01
01
01
01
01
01
01
01
01
01
01
01
01
01
01
01
01
01
01
01
01
01
01
01
01
01
01
01
01
01
01
01
01
0002
002C
0038
0001
0025
00000207
0004
000A
000000A0
2B
B6000D
3E
1D
1008
70
3604
1D
1008
6C
6C
1504
9A0007
03
A70004
04
60
3605
1505
BC08
3A06
2B
B6000E
3A07
2C
B6000F
3A08
1907
BE
1908
BE
9F0005
03
AC
1906
03
1504
9A0009
1906
BE
A70008
1906
BE
04
64
02
B80010
1504
990020
04
1504
78
04
64
3609
1509
1008
1504
64
78
3609
1906
1906
BE
04
64
1509
91
54
03
3609
1509
1906
BE
A20024
1907
1509
33
1906
1509
33
7E
1908
1509
33
1906
1509
33
7E
9F0005
03
AC
840901
A7FFDA
04
AC
0000
0003
0026
0000004A
0012
0000
0049
0005
004A
000B
004B
001C
004C
0022
004E
0028
004F
002E
0052
0037
0054
0039
0057
0050
0059
0055
005B
005D
005C
0067
005D
0072
0060
007D
0062
0096
0064
0098
0060
009E
0068
0027
00000070
000B
005D
0015
0039
003A
0009
0075
0029
003B
003A
0009
0000
00A0
0028
0029
0000
0000
00A0
0031
0032
0001
0000
00A0
002E
0035
0002
0005
009B
003C
003A
0003
000B
0095
003D
003A
0004
001C
0084
003E
003A
0005
0022
007E
003F
0040
0006
0028
0078
0041
0040
0007
002E
0072
0042
0040
0008
0036
0000008F
0009
FF
0018
0005
07
0043
07
0044
07
0045
01
01
0001
01
FF
0000
0005
07
0043
07
0044
07
0045
01
01
0002
01
01
FF
001F
0009
07
0043
07
0044
07
0045
01
01
01
07
0046
07
0046
07
0046
0000
FF
000D
0009
07
0043
07
0044
07
0045
01
01
01
07
0046
07
0046
07
0046
0002
07
0046
01
FF
0004
0009
07
0043
07
0044
07
0045
01
01
01
07
0046
07
0046
07
0046
0003
07
0046
01
01
25
FC
0002
01
22
FA
0005
