0A
0A
07
0A
0A
09
08
0A
0A
0A
07
08
0A
09
08
08
0A
08
0B
09
08
08
08
08
0A
0A
0A
0A
07
0A
08
0A
08
0A
08
08
07
07
01
01
01
01
01
01
01
01
01
01
01
01
01
01
01
01
01
01
01
01
01
01
01
01
01
01
01
01
01
01
01
01
01
01
01
01
01
01
0C
0C
01
07
0C
07
0C
0C
01
07
0C
07
0C
07
0C
01
07
0C
0C
01
0C
01
07
0C
01
01
01
0C
07
0C
07
0C
07
0C
01
07
0C
01
0C
01
0C
01
01
01
01
01
01
01
01
01
01
01
01
01
01
01
01
01
01
01
01
01
01
01
01
01
01
01
01
01
01
01
01
01
01
01
01
01
01
01
0004
0045
0046
0001
002D
00000086
0004
0004
00000032
2A
2C
2B
13001D
B60004
13000B
B6001E
121F
B60020
B50014
2A
2C
13000B
1221
B60022
B50006
2A
2C
13000B
1223
B60022
B5000E
B1
0000
0002
002E
00000012
0004
0000
004D
0017
004E
0024
004F
0031
0050
002F
0000002A
0004
0000
0032
0030
0031
0000
0000
0032
0039
003A
0001
0000
0032
003B
003C
0002
0000
0032
0047
0048
0003
