0A
07
0C
01
01
01
07
01
09
07
0C
01
01
01
09
0C
01
01
08
01
0A
07
0C
01
01
01
09
0C
01
01
09
0C
01
09
0C
01
01
09
0C
01
01
09
0C
01
09
0C
01
07
01
08
01
0A
0C
01
09
0C
01
09
0C
01
09
0C
01
09
0C
01
09
0C
01
0A
0C
01
01
0A
07
0C
01
01
01
0A
0C
01
01
07
01
08
01
0A
0A
0C
01
0B
07
0C
01
01
01
0B
07
0C
01
01
01
0B
07
0C
01
01
01
0B
0C
01
07
01
0B
0C
01
07
01
0A
0C
01
01
0B
0A
0C
01
01
0A
0C
01
01
0A
07
0C
01
01
0A
0C
01
0A
0C
01
0A
0C
01
01
08
01
0A
0C
01
01
0A
0C
01
01
0A
0C
01
0A
0C
01
01
0A
0C
01
01
0A
0C
01
01
08
01
0A
0C
01
01
03
03
03
0A
07
0C
01
01
01
0A
0C
01
0A
0C
01
0A
07
0C
01
01
01
0A
0C
01
01
0A
0C
01
0A
0C
01
01
07
01
0A
0C
0A
0C
01
0A
0C
01
0A
0C
01
01
07
01
0A
0A
07
0C
01
01
01
0A
07
01
0A
08
01
0A
0C
01
01
0A
0C
01
01
0A
0C
01
01
0A
0C
01
0A
0C
01
01
09
07
0C
01
01
01
0A
0C
01
0A
0C
01
0A
0C
01
07
01
0A
0A
0C
01
01
08
01
0A
0C
01
01
08
01
0A
0C
01
0A
09
0C
01
01
09
0C
01
09
0C
01
08
01
0A
09
0C
01
09
0C
01
09
0C
01
08
01
09
0C
01
09
0C
01
09
0C
01
08
01
0A
0A
0C
01
01
01
01
01
01
01
01
01
01
01
01
01
01
01
01
01
01
01
01
01
01
01
01
01
01
01
01
01
01
01
01
01
01
01
01
01
01
01
01
01
01
01
01
01
01
01
01
01
01
01
01
01
01
01
01
01
01
01
01
01
01
01
01
01
01
01
01
01
01
01
01
01
01
01
01
01
01
01
01
01
01
07
01
01
01
01
01
01
01
01
01
01
01
01
01
01
01
01
01
01
01
01
01
01
01
01
01
01
01
01
01
01
07
01
01
01
01
01
01
01
01
01
0001
01B5
01B2
0002
014C
0000005C
0003
0003
00000008
2A
1B
2C
B6007D
57
B1
0000
0003
014D
0000000A
0002
0000
0253
0007
0254
014E
00000020
0003
0000
0008
014F
0150
0000
0000
0008
01A1
0012
0001
0000
0008
0171
0172
0002
0173
0000000C
0001
0000
0008
0171
0174
0002
0175
00000002
01B3
