07
01
09
0C
01
01
09
0C
01
09
0C
01
09
0C
01
09
0C
01
09
0C
01
09
0C
01
09
0C
01
09
0C
01
09
0C
01
09
0C
01
09
0C
01
09
0C
01
09
0C
01
09
0C
01
09
0C
01
09
0C
01
09
0C
01
09
0C
01
09
0C
01
09
0C
01
09
0C
01
09
0C
01
09
0C
01
09
0C
01
09
0C
01
09
0C
01
09
0C
01
09
0C
01
09
0C
01
09
0C
01
09
0C
01
09
0C
01
09
0C
01
09
0C
01
09
0C
01
09
0C
01
09
0C
01
09
0C
01
01
0A
07
0C
01
01
0A
07
0C
01
01
01
0A
0C
01
01
09
0C
01
01
09
07
0C
01
01
01
0B
07
0C
01
01
01
08
06
0A
0C
01
08
06
08
06
08
06
08
06
08
06
08
06
08
06
08
06
08
06
08
06
08
06
08
06
08
06
08
06
08
06
08
06
08
06
08
06
08
06
08
06
08
06
08
06
08
06
08
06
08
06
08
06
08
06
08
06
08
06
08
06
08
06
08
06
08
06
08
06
08
06
08
06
08
06
0A
0C
01
01
07
01
01
01
01
01
01
01
01
01
01
01
01
01
01
01
01
01
01
01
01
01
01
01
01
01
01
01
0001
0122
0123
0001
0115
0000002E
0001
0001
00000004
B2008D
B0
0000
0002
0116
00000006
0001
0000
0A61
0118
0000000C
0001
0000
0004
011C
0006
0000
