07
01
09
0C
01
01
09
0C
01
01
0A
07
0C
01
01
0A
07
0C
01
01
01
0A
0C
01
01
09
0C
01
01
0A
07
0C
01
01
0A
0C
01
01
0A
0C
01
01
09
0C
01
01
0B
07
0C
01
01
07
01
0A
0C
01
09
0C
01
01
0A
07
0C
01
01
01
0A
0C
01
01
08
08
01
0A
0C
01
0A
0C
01
12
0C
01
01
01
01
01
01
01
01
01
01
01
01
01
01
01
01
01
01
01
07
01
01
01
01
01
01
01
01
01
01
01
07
01
01
10
0F
0A
0C
10
0F
0A
07
0C
01
01
01
01
01
07
01
01
07
01
07
01
01
0009
0025
0026
0001
0055
00000022
0001
0000
0000000A
B20007
B6000B
C0000C
B0
0000
0001
0056
00000006
0001
0000
003F
