07
01
09
0C
01
01
09
0C
01
01
0A
07
0C
01
01
0A
07
0C
01
01
01
0A
0C
01
01
09
0C
01
01
0A
07
0C
01
01
0A
0C
01
01
0A
0C
01
01
09
0C
01
01
0B
07
0C
01
01
07
01
0A
0C
01
09
0C
01
01
0A
07
0C
01
01
01
0A
0C
01
01
08
08
01
0A
0C
01
0A
0C
01
12
0C
01
01
01
01
01
01
01
01
01
01
01
01
01
01
01
01
01
01
01
07
01
01
01
01
01
01
01
01
01
01
01
07
01
01
10
0F
0A
0C
10
0F
0A
07
0C
01
01
01
01
01
07
01
01
07
01
07
01
01
100A
0067
0068
0001
0055
0000002C
0001
0001
00000002
04
AC
0000
0002
0056
00000006
0001
0000
0069
0057
0000000C
0001
0000
0002
0062
0063
0000
