0A
0B
0B
0A
0A
07
0A
0B
0B
0A
0B
07
0A
0A
0A
0B
0B
0A
0B
0A
0A
0A
0A
0B
0A
0A
0A
0A
0A
0A
0A
0A
0A
07
0A
0B
12
0B
0B
0A
12
0B
0B
0A
0B
0A
0A
0A
0A
09
0B
07
07
09
07
09
07
09
07
09
07
09
07
09
07
09
07
09
07
09
09
07
09
07
09
07
09
07
09
0B
0A
0A
07
0A
12
0A
0B
07
0A
12
0B
0A
07
01
01
01
01
01
01
01
01
01
01
01
01
01
01
01
01
01
01
01
01
01
01
01
01
01
01
01
01
01
01
01
01
01
07
01
01
01
01
01
01
01
01
01
01
01
01
01
01
01
01
01
01
01
01
01
01
01
01
01
01
01
01
01
01
01
01
01
01
01
01
01
01
01
01
01
01
01
01
01
01
01
01
07
01
01
01
01
01
01
01
01
01
01
01
01
01
01
01
01
01
01
01
01
01
01
01
01
01
01
01
01
01
01
01
01
01
01
01
01
01
01
01
01
01
01
01
01
07
01
01
01
01
01
01
01
01
01
01
01
01
01
01
01
01
01
01
01
01
01
01
01
01
01
01
01
07
01
01
01
01
01
01
01
01
01
01
01
01
01
01
07
01
01
01
01
01
01
01
01
01
01
01
0C
0C
0C
07
0C
0C
01
07
0C
07
0C
07
0C
0C
07
0C
01
07
0C
0C
0C
07
0C
07
0C
0C
07
0C
0C
0C
07
0C
0C
07
0C
0C
0C
0C
0C
0C
0C
0C
07
0C
0C
01
07
0C
07
0C
01
0F
10
0F
10
0C
0C
0C
0C
10
0F
10
0C
0C
07
0C
07
0C
0C
0C
0C
0C
07
0C
0C
07
0C
01
0C
01
0C
01
0C
01
0C
01
0C
01
0C
01
0C
01
0C
01
0C
0C
01
0C
01
0C
01
0C
01
0C
0C
07
0C
0C
01
10
0F
0C
0C
0C
01
0F
0C
07
0C
01
01
01
01
01
01
01
01
01
01
01
01
01
01
01
01
01
01
01
01
01
01
01
01
01
01
01
01
01
01
01
01
01
01
01
01
01
01
01
01
01
01
01
01
01
01
01
01
01
0A
0A
01
01
01
01
01
01
01
01
01
01
01
01
01
01
01
01
01
01
01
01
01
01
01
01
01
01
01
01
01
01
01
01
01
01
01
01
01
01
01
01
01
01
01
01
01
01
01
01
01
01
01
01
01
0B
01
0B
01
07
0C
0C
0C
01
01
07
01
01
01
01
07
01
01
0009
010D
0102
0004
0060
0000009F
0003
0002
0000002C
2A
C70005
01
B0
BB0053
59
B70054
4C
2A
2B
59
B60015
57
BA00550000
B80056
2B
B900570100
990007
01
A70004
2B
B0
0000
0004
0061
00000016
0005
0000
0212
0004
0213
0006
0215
000E
0216
001D
0217
0062
00000016
0002
0000
002C
0069
006A
0000
000E
001E
00A3
00F5
0001
006C
00000016
0002
0000
002C
0069
006D
0000
000E
001E
00A3
010E
0001
006E
0000000D
0003
06
FC
0023
07
00F9
40
07
00F9
006F
00000002
010F
008B
00000006
0001
0072
0000
0071
00000007
01
0001
0072
0000
