0A
07
0C
01
01
01
07
01
0A
0C
01
07
01
0A
0C
01
09
07
0C
01
01
01
0B
07
0C
01
01
01
07
01
0A
0C
01
01
0A
07
0C
01
01
01
07
01
0A
0C
01
07
01
0A
0A
0C
01
01
08
01
0A
07
0C
01
01
01
08
01
08
01
0B
07
0C
01
01
07
01
0A
07
0C
01
01
07
01
07
01
07
01
0A
0C
01
01
01
01
01
01
01
01
01
01
01
01
01
01
01
01
01
01
01
01
01
01
01
01
01
01
01
01
01
01
01
01
01
01
01
01
0009
0027
0068
0001
0056
0000003D
0002
0001
00000013
2A
B20011
B900170100
C0001D
B6001F
B80023
B0
0000
0002
0057
00000006
0001
0000
0041
0058
0000000C
0001
0000
0013
0063
005E
0000
