0A
07
0A
09
08
09
09
08
09
09
08
09
08
09
09
09
08
09
12
0A
08
09
09
08
08
0B
09
08
09
08
09
08
08
09
09
08
09
08
09
09
08
08
09
08
09
09
07
07
08
08
08
08
08
08
08
08
08
08
08
08
08
08
08
08
08
08
08
08
08
08
08
08
08
08
08
08
08
08
08
08
08
08
08
08
08
08
08
08
08
08
08
08
08
08
08
08
08
08
08
08
08
08
08
08
08
08
08
08
08
08
08
08
08
08
08
08
08
08
08
08
08
08
08
08
08
08
08
0A
0A
09
08
08
08
09
09
09
08
08
08
08
09
0B
08
08
08
08
08
08
08
08
08
08
08
08
08
08
09
09
07
07
08
08
0A
0A
0B
08
08
08
08
08
08
08
08
08
08
08
08
08
08
08
08
08
08
09
0A
08
08
08
08
08
08
08
08
08
08
08
08
09
08
08
08
08
0A
08
08
0A
09
08
0A
08
0A
0A
08
0B
08
09
0B
0B
0A
0A
0A
0A
0A
0A
0A
0A
0A
0A
09
09
0A
0A
0A
0A
0A
0A
09
0A
0A
0A
0A
09
0A
0A
0A
09
0A
08
0A
0A
09
08
09
0A
0A
08
12
08
0A
09
09
0A
09
08
08
08
09
07
08
08
0A
08
08
08
08
08
08
08
08
08
08
0A
08
0A
08
08
09
0A
08
08
0A
12
07
0A
08
0A
09
0A
0A
0A
0A
0A
08
0A
0A
0A
0A
12
09
0A
0A
0A
09
0A
07
12
0A
09
08
08
08
0A
0A
0A
08
0A
0B
09
0A
09
09
12
09
12
08
0B
08
0A
07
0A
0A
12
0A
0A
12
0A
0A
0A
0A
0A
0A
0A
0A
0A
12
08
08
08
0A
0A
12
12
09
09
09
09
09
0A
08
09
08
09
09
09
08
09
09
09
08
12
09
08
12
09
08
09
09
12
12
09
09
0A
09
12
09
09
09
09
09
09
09
09
09
09
09
09
09
09
09
09
08
08
0A
0A
0A
08
0B
07
08
0A
12
08
08
09
0A
0A
09
09
09
07
0A
0A
09
08
08
08
0A
0A
08
0A
0A
0A
08
12
12
09
09
09
0A
12
12
09
0A
09
09
12
0A
0A
0A
09
09
0A
09
09
09
0B
0A
0A
0B
0B
0B
07
07
0A
09
07
09
09
0B
08
08
08
08
0A
09
08
08
0A
09
08
0A
08
0A
0A
07
0A
08
08
09
07
09
09
09
0A
12
0A
0A
0B
12
08
0A
09
0A
08
08
0A
08
08
08
08
08
08
0A
0A
12
0A
0A
0A
0A
08
0A
0B
08
0B
07
07
08
0A
0A
0A
09
0A
08
0A
09
0A
08
07
09
0A
07
07
07
01
01
01
01
01
01
01
01
01
01
01
01
01
01
01
01
01
01
01
01
01
01
01
01
01
01
01
01
01
01
01
01
01
01
01
01
01
01
01
01
01
01
01
01
01
01
01
01
01
01
01
01
01
01
01
01
01
01
01
07
01
01
01
01
01
01
01
01
01
01
01
01
01
01
07
01
01
01
01
01
01
01
01
01
01
01
01
01
01
01
01
01
01
01
01
01
01
01
01
01
01
01
01
01
01
01
01
01
01
01
01
01
01
01
01
01
01
01
01
01
01
01
01
01
01
01
01
01
01
01
01
01
01
01
01
01
01
01
01
01
01
01
01
01
01
01
01
01
01
01
01
01
07
07
01
01
01
01
01
01
01
01
01
01
01
01
07
07
01
01
01
01
01
01
01
01
01
01
01
01
01
01
01
01
01
01
01
01
01
01
01
01
01
01
07
07
07
07
01
01
01
01
01
01
01
01
01
01
01
01
01
07
01
01
01
01
01
01
01
01
01
01
01
01
01
01
01
01
01
01
01
01
01
01
01
01
01
01
01
01
01
01
01
01
07
07
07
01
01
01
01
01
01
01
01
01
01
01
01
07
01
01
01
01
01
01
01
0C
01
07
0C
0C
01
0C
0C
01
0C
0C
01
0C
01
0C
0C
0C
01
0C
01
0F
10
0F
10
0C
0C
01
0C
0C
01
01
0C
0C
01
0C
01
0C
01
01
0C
0C
01
0C
0C
0C
01
01
0C
01
07
0C
0C
01
01
01
01
01
01
01
01
01
01
01
01
01
01
01
01
01
01
01
01
01
01
01
01
01
01
01
01
01
01
01
01
01
01
01
01
01
01
01
01
01
01
01
01
01
01
01
01
01
01
01
01
01
01
01
01
01
01
01
01
01
01
01
01
01
01
01
01
01
01
01
01
01
01
01
01
01
01
01
07
0C
0C
0C
01
01
01
0C
0C
0C
01
01
01
01
0C
0C
01
01
01
01
01
01
01
01
01
01
01
01
01
0C
0C
01
01
01
0C
0C
0C
01
01
01
01
01
01
01
01
01
01
01
0C
0C
01
01
01
01
01
01
01
0C
01
01
01
01
0C
01
0C
07
0C
01
0C
01
07
0C
07
0C
01
07
0C
01
0C
0C
0C
0C
0C
0C
0C
0C
0C
0C
0C
0C
0C
0C
0C
0C
0C
0C
0C
0C
07
0C
0C
0C
0C
07
0C
0C
0C
0C
0C
0C
0C
0C
01
0C
07
0C
0C
01
0C
0C
0C
01
0F
08
0C
01
0C
0C
0C
0C
0C
0C
01
01
01
01
01
01
01
01
01
01
01
01
01
0C
01
0C
01
01
0C
0C
01
01
0C
08
01
01
0C
0C
0C
0C
0C
0C
01
0C
0C
0C
0C
08
0C
0C
07
0C
0C
07
0C
0C
01
08
0C
0C
01
01
01
0C
0C
0C
01
0C
0C
0C
0C
0C
0C
08
0C
0C
08
01
0C
01
07
0C
01
0C
0C
08
0C
0C
08
0C
0C
0C
0C
0C
0C
0C
08
0C
01
01
01
0C
0C
08
08
0C
0C
0C
0C
0C
01
0C
01
0C
0C
0C
01
0C
0C
0C
01
08
0C
01
08
0C
01
0C
0C
08
08
0C
0C
0C
0C
08
0C
01
01
0C
0C
0C
01
0C
01
01
08
01
01
0C
0C
0C
0C
0C
0C
01
0C
0C
01
01
01
0C
0C
01
0C
01
08
08
0C
0C
0C
0C
08
08
0C
0C
0C
0C
08
0C
0C
0C
0C
0C
0C
0C
0C
0C
0C
0C
01
01
0C
01
0C
0C
0C
01
01
01
01
0C
01
01
0C
01
0C
01
0C
0C
01
0C
01
01
0C
01
0C
07
0C
0F
10
0C
0C
0C
08
01
0C
07
0C
0C
01
01
0C
01
01
01
01
01
01
07
0C
08
0C
07
0C
0C
0C
0C
01
07
0C
0C
01
0C
01
01
01
0C
07
0C
0C
0C
07
0C
01
0C
07
0C
0C
01
01
0C
0C
01
01
01
01
01
01
01
01
01
01
01
01
01
01
01
01
07
01
01
01
01
0A
01
0A
01
01
01
01
01
01
01
01
01
01
01
01
01
01
01
01
01
01
01
01
01
01
01
01
01
01
01
01
01
01
01
01
01
01
01
01
01
01
01
01
01
01
01
01
01
01
01
01
01
01
01
01
01
01
01
01
01
01
01
01
01
01
01
01
01
01
01
01
01
01
01
01
0A
01
01
01
01
01
01
01
01
01
01
01
01
01
01
01
01
01
01
01
01
01
01
01
01
01
01
01
01
01
01
01
01
01
01
01
01
01
01
01
01
01
01
01
01
01
01
01
01
01
01
01
01
01
01
01
01
01
01
01
01
01
01
01
01
01
01
01
01
01
01
01
01
01
01
01
01
01
01
01
01
01
01
01
01
01
01
01
01
01
01
01
01
01
01
01
01
01
01
01
01
01
01
01
01
01
01
01
01
01
01
01
01
01
01
01
01
01
01
01
01
01
01
01
01
01
01
01
01
01
01
01
01
01
01
0A
01
01
01
01
01
01
01
01
01
01
01
01
01
01
01
01
01
01
01
01
01
01
01
01
01
01
01
01
01
01
01
01
01
01
01
01
01
01
01
01
01
01
07
0C
0C
07
0C
0C
01
01
07
01
01
01
01
07
01
01
0001
027A
027B
0001
024F
0000003E
0002
0002
00000006
2A
2B
B50104
B1
0000
0002
0250
0000000A
0002
0000
0199
0005
019A
0251
00000016
0002
0000
0006
0252
0253
0000
0000
0006
0240
022E
0001
