09
0A
09
09
0A
0B
0A
07
0A
0A
09
09
0A
0A
0A
0A
0A
07
07
0A
08
0A
0A
0A
0A
0A
0A
0A
0A
07
08
0B
07
09
08
0A
09
08
0A
0A
08
0A
0A
08
0A
0A
08
0A
0A
0B
08
0A
07
07
07
07
01
01
01
01
01
01
01
01
01
01
01
01
01
01
01
01
01
01
01
01
01
01
01
01
01
01
01
01
07
01
01
01
01
01
01
01
0C
0C
07
0C
07
0C
0C
07
0C
07
0C
01
0C
0C
07
0C
0C
0C
07
0C
0C
07
0C
07
0C
01
01
01
0C
0C
0C
0C
0C
0C
0C
0C
01
01
0C
01
07
0C
01
07
0C
0C
01
0C
07
0C
01
0C
07
0C
01
0C
07
0C
01
0C
0C
0C
01
0C
01
01
01
01
01
01
01
01
01
01
01
01
01
01
01
01
01
01
01
01
01
01
01
01
01
01
01
01
01
01
01
01
01
01
01
01
01
01
01
01
01
01
01
01
01
01
01
01
01
01
01
01
01
01
01
01
01
01
01
01
01
01
01
01
01
01
01
01
01
01
01
01
01
01
01
01
01
01
01
0001
0046
0047
0001
003D
00000035
0000
0002
00000001
B1
0000
0002
003E
00000006
0001
0000
0234
003F
00000016
0002
0000
0001
0040
0043
0000
0000
0001
0048
0049
0001
