01
07
01
07
01
01
01
01
08
01
0C
0A
01
01
01
01
01
01
01
0A
01
0C
0A
01
01
01
01
01
01
01
07
01
01
0C
0B
01
01
01
01
01
01
01
07
01
0C
0B
01
01
01
01
01
01
0C
0A
01
07
01
01
0C
0A
01
01
01
0C
0A
01
01
01
01
07
0C
0A
0C
0A
01
01
01
07
01
01
0C
09
01
01
01
0C
0A
01
01
01
01
01
01
01
01
07
01
0C
0B
01
01
01
01
01
01
07
01
01
0C
0A
01
0C
0A
01
0C
0A
01
01
01
01
07
01
01
01
01
01
01
01
01
01
01
0001
005A
0044
0001
007A
0000002C
0001
0001
00000002
2A
B0
0000
0002
007B
00000006
0001
0000
0073
007C
0000000C
0001
0000
0002
000D
000E
0000
