01
07
01
01
07
01
07
01
07
01
01
01
01
08
01
07
01
01
0C
0A
01
0C
0A
01
0C
09
01
01
01
01
01
07
01
0C
0A
01
01
01
08
01
0C
0A
01
07
0C
0B
01
01
01
08
01
08
01
07
0C
0B
01
01
01
01
08
0C
0B
01
01
01
01
07
01
01
0C
09
01
01
0C
0A
01
01
01
01
08
01
07
01
01
0C
0A
01
07
0C
0A
01
01
01
01
01
01
01
0C
0A
01
01
03
03
01
01
03
01
01
01
01
01
01
01
01
01
01
01
01
01
01
01
01
01
01
01
0004
0041
0042
0001
0077
00000036
0001
0001
0000000C
B20048
57
2A
B4001A
B8004C
AC
0000
0002
0078
00000006
0001
0000
004C
0079
0000000C
0001
0000
000C
001B
001C
0000
