0A
09
0A
0A
0A
0A
0A
0A
0A
0A
0B
07
0A
08
0A
0A
0A
0A
07
07
01
01
01
01
01
01
01
01
01
01
01
01
01
01
01
01
01
01
01
01
01
01
01
01
01
01
01
01
01
01
01
01
01
01
07
01
01
01
01
01
01
01
07
01
01
01
01
01
01
0C
0C
07
0C
07
0C
07
0C
07
0C
07
0C
07
0C
07
0C
07
0C
0C
01
0C
01
0C
0C
0C
0C
07
01
01
01
07
01
01
01
01
01
01
01
01
01
01
01
01
01
01
01
01
01
01
01
01
01
01
01
01
01
01
01
01
0001
0036
0039
0004
001B
0000004E
0002
0002
00000008
2B
2A
B9000B0200
B0
0000
0003
001C
00000006
0001
0000
1711
001D
00000016
0002
0000
0008
001E
0021
0000
0000
0008
003A
003B
0001
003C
0000000C
0001
0000
0008
003A
003D
0001
003E
00000004
0001
003F
0040
00000002
0041
0017
00000006
0001
0018
0000
