0A
0A
07
07
0B
0A
07
07
01
01
01
01
01
01
01
01
01
01
01
01
01
01
01
01
01
01
01
01
01
01
01
01
01
01
01
01
01
01
01
07
0C
0C
0C
01
01
0C
0C
01
01
01
01
01
01
01
01
0004
001C
001D
0002
000B
00000076
0004
0003
00000018
2A
2B
B70002
4D
BB0003
59
2C
2B
C00004
B900050100
B70006
B0
0000
0003
000C
0000000A
0002
0000
00B9
0006
00BA
000D
00000020
0003
0000
0018
000E
0010
0000
0000
0018
001E
001F
0001
0006
0012
001C
0020
0002
001A
00000016
0002
0000
0018
001E
0021
0001
0006
0012
001C
0022
0002
0023
00000002
0024
