0A
0A
0A
09
0A
0B
09
0A
0A
09
09
0A
07
08
08
07
0A
0A
0A
0A
08
0A
0A
0A
08
0A
09
0A
09
0A
09
09
09
07
0A
09
09
0A
07
0A
07
0A
0A
07
07
0A
08
0A
0A
08
0A
0A
0A
0A
0A
0A
08
0A
09
08
08
08
0B
0B
0B
0B
0A
0A
0A
0A
08
07
07
07
01
01
01
01
01
01
01
01
01
01
01
01
01
01
01
01
01
01
01
07
01
01
01
07
01
01
01
01
01
01
01
01
01
01
01
01
07
07
07
07
01
01
01
01
01
01
01
01
07
01
01
01
01
01
01
01
07
07
07
01
01
01
01
01
01
01
01
01
01
01
01
01
01
01
01
01
01
01
01
01
01
01
01
01
01
01
01
01
01
01
01
01
01
01
01
01
01
01
01
01
01
01
01
01
01
01
01
01
01
0C
0C
07
0C
0C
07
0C
0C
0C
07
0C
0C
0C
07
0C
0C
01
01
01
01
0C
0C
0C
0C
01
0C
0C
0C
01
0C
0C
0C
0C
0C
0C
0C
0C
01
0C
0C
0C
07
0C
01
07
0C
01
0C
0C
01
01
0C
01
0C
0C
01
0C
0C
0C
0C
0C
0C
01
0C
0C
01
01
01
0C
0C
0C
0C
0C
07
0C
0C
0C
01
01
01
01
01
01
01
01
01
01
01
01
01
01
01
01
01
01
01
01
01
01
01
01
01
01
01
01
01
01
01
01
01
01
01
01
01
01
01
01
01
01
01
01
01
01
01
01
01
01
01
01
01
01
01
01
01
01
01
01
01
0001
0086
0078
0001
004F
00000035
0000
0002
00000001
B1
0000
0002
0050
00000006
0001
0000
00D8
0051
00000016
0002
0000
0001
0052
0053
0000
0000
0001
0087
005C
0001
