0A
05
0A
09
09
09
07
0A
0A
0A
0A
0A
0A
07
0A
08
0A
0A
08
0A
08
08
0A
07
01
01
01
01
01
01
01
01
01
01
01
01
01
01
01
01
01
01
01
01
01
01
01
01
01
01
01
01
01
01
01
01
01
01
01
01
01
07
07
01
01
01
01
01
01
01
01
01
01
01
01
01
01
01
01
01
01
01
01
0C
07
0C
0C
0C
0C
01
0C
0C
0C
0C
0C
0C
01
01
0C
0C
01
0C
01
01
0C
01
01
01
01
01
01
01
01
0001
0033
0034
0002
0022
0000003A
0002
0002
00000006
2A
2B
B50007
B1
0000
0002
0023
00000006
0001
0000
001E
0024
00000016
0002
0000
0006
0025
0026
0000
0000
0006
001E
001F
0001
0027
00000006
0001
0028
0000
