0A
09
08
0A
08
0A
08
08
0A
0A
0A
0A
0A
0A
0A
0A
07
0A
0A
0A
0A
0A
0A
07
0A
0A
0A
08
0A
0A
08
0A
09
07
07
07
01
01
01
01
01
01
01
01
01
01
01
01
01
01
01
01
01
01
01
01
01
01
01
01
01
01
01
01
01
01
01
01
01
01
01
01
01
01
01
01
01
01
01
01
01
01
01
01
01
01
01
01
01
01
01
01
01
01
01
01
01
01
01
01
01
01
01
01
01
03
0C
0C
01
07
0C
01
07
0C
01
01
07
0C
07
0C
0C
0C
0C
0C
0C
0C
01
0C
0C
0C
0C
0C
0C
01
0C
0C
01
0C
0C
01
0C
0C
01
01
01
01
01
01
01
01
01
01
01
01
01
01
01
01
01
01
01
01
01
01
01
01
01
07
01
01
01
01
07
01
01
01
01
01
01
01
01
01
01
01
01
01
01
07
01
01
1000
0046
0057
0001
002B
0000007E
0007
0008
0000000E
2A
2B
2C
2D
1504
1905
1906
B70001
B1
0000
0002
002C
00000006
0001
0000
0036
002D
00000052
0008
0000
000E
0048
0049
0000
0000
000E
0058
0028
0001
0000
000E
0059
0031
0002
0000
000E
005A
004B
0003
0000
000E
005B
003B
0004
0000
000E
005C
004D
0005
0000
000E
005D
004F
0006
0000
000E
005E
005F
0007
