0A
09
09
09
09
09
09
09
09
07
08
0A
0B
09
07
08
0A
0B
09
07
0A
08
0A
0A
0A
0A
0B
08
08
0A
0B
08
08
08
0B
08
08
0B
08
0B
0B
08
0B
0A
0B
08
0A
08
08
0A
08
0A
08
0B
08
0A
08
07
0A
07
07
01
01
01
01
01
01
01
01
01
01
01
01
01
01
01
01
01
01
01
01
01
01
01
01
01
01
01
01
01
01
01
07
01
01
01
01
01
01
01
07
07
07
07
01
01
01
01
01
01
01
0C
0C
0C
0C
0C
0C
0C
0C
0C
01
01
0C
07
0C
0C
01
01
0C
07
0C
0C
01
01
0C
0C
0C
0C
07
0C
01
01
0C
0C
01
01
01
0C
01
01
0C
01
0C
0C
01
0C
07
0C
0C
01
01
01
07
01
0C
01
0C
01
07
0C
01
01
07
0C
01
01
01
01
01
01
01
01
01
01
01
01
01
01
01
01
01
01
01
01
01
01
01
01
01
01
01
01
01
01
01
01
01
01
01
0004
006C
0059
0001
0051
00000039
0003
0001
0000000B
2A
59
B40005
04
60
B50005
B1
0000
0002
0052
0000000A
0002
0000
00BC
000A
00BD
0053
0000000C
0001
0000
000B
0054
0055
0000
