0A
09
0A
0A
09
0A
0A
0A
0A
0A
09
0A
07
08
0A
0A
08
0A
0A
08
0A
08
0A
08
0A
08
0A
08
0A
0A
08
0A
0A
08
07
08
0A
07
0A
0A
0A
07
05
09
0A
0A
05
0A
0A
05
0A
09
07
05
0A
07
07
07
01
01
07
01
07
01
07
01
01
01
01
05
01
01
01
01
01
01
01
01
01
01
01
01
01
01
01
01
01
01
01
01
01
01
01
01
01
01
01
01
07
01
01
01
01
01
01
01
07
01
01
01
01
01
01
01
01
01
01
01
01
01
01
01
01
01
01
01
01
01
01
01
01
01
01
01
01
01
01
01
01
01
01
01
01
01
01
01
01
0C
0C
07
0C
0C
0C
07
0C
0C
0C
0C
0C
0C
0C
01
01
0C
0C
01
0C
0C
01
01
0C
01
01
0C
01
0C
01
0C
07
0C
01
01
01
0C
01
0C
0C
0C
01
07
0C
0C
0C
0C
0C
0C
0C
01
0C
01
01
01
01
01
01
01
01
01
01
01
01
01
01
01
01
01
01
01
01
01
01
01
01
01
01
01
01
01
01
01
01
01
01
01
01
01
01
01
01
01
01
01
01
01
01
01
01
01
01
0001
0082
0083
0001
0052
00000041
0004
0002
00000009
2A
121F
2B
01
B60020
B1
0000
0002
0053
0000000A
0002
0000
023B
0008
023C
0054
00000016
0002
0000
0009
0055
0056
0000
0000
0009
0084
0085
0001
