0A
07
0A
08
0A
07
0A
07
0A
0A
07
0A
0A
0A
07
0A
07
0A
07
0A
0A
07
0A
0A
0A
09
09
09
09
09
07
0A
0A
07
0A
0A
0A
08
0A
04
08
04
08
0A
08
0A
08
06
08
06
08
0A
08
0A
08
0A
0A
0A
0A
08
0A
08
08
03
0A
08
0A
07
0A
07
0A
08
08
08
08
08
07
07
01
01
01
01
01
01
01
01
01
01
01
01
01
01
01
01
01
01
01
01
01
01
01
01
01
01
01
01
01
01
01
01
01
01
01
01
01
01
01
01
01
01
01
01
01
01
01
01
01
01
01
01
01
01
01
01
01
01
01
01
01
01
01
01
01
01
01
01
01
01
01
07
01
01
01
01
01
01
01
01
01
01
01
01
01
01
01
01
01
01
01
01
01
07
07
01
01
01
01
01
01
01
0C
01
0C
01
0C
01
0C
01
0C
0C
01
0C
0C
01
0C
01
0C
01
0C
0C
01
07
0C
0C
0C
0C
0C
0C
0C
01
07
0C
0C
01
07
0C
0C
01
0C
01
01
07
0C
01
0C
01
01
07
0C
01
0C
07
0C
0C
0C
0C
01
0C
01
01
0C
0C
01
01
01
01
01
01
01
01
01
01
01
01
01
01
01
01
01
01
01
01
01
01
01
01
01
01
01
01
01
01
01
01
01
01
01
01
01
01
01
01
01
01
01
01
01
01
01
0009
0071
0072
0001
005F
00000037
0004
0001
0000000D
BB0006
59
01
C00008
2A
B70009
B0
0000
0002
0060
00000006
0001
0000
0047
0061
0000000C
0001
0000
000D
0073
005A
0000
