0A
07
0A
08
0A
07
0A
07
0A
0A
07
0A
0A
0A
07
0A
07
0A
07
0A
0A
07
0A
0A
0A
09
09
09
09
09
07
0A
0A
07
0A
0A
0A
08
0A
04
08
04
08
0A
08
0A
08
06
08
06
08
0A
08
0A
08
0A
0A
0A
0A
08
0A
08
08
03
0A
08
0A
07
0A
07
0A
08
08
08
08
08
07
07
01
01
01
01
01
01
01
01
01
01
01
01
01
01
01
01
01
01
01
01
01
01
01
01
01
01
01
01
01
01
01
01
01
01
01
01
01
01
01
01
01
01
01
01
01
01
01
01
01
01
01
01
01
01
01
01
01
01
01
01
01
01
01
01
01
01
01
01
01
01
01
07
01
01
01
01
01
01
01
01
01
01
01
01
01
01
01
01
01
01
01
01
01
07
07
01
01
01
01
01
01
01
0C
01
0C
01
0C
01
0C
01
0C
0C
01
0C
0C
01
0C
01
0C
01
0C
0C
01
07
0C
0C
0C
0C
0C
0C
0C
01
07
0C
0C
01
07
0C
0C
01
0C
01
01
07
0C
01
0C
01
01
07
0C
01
0C
07
0C
0C
0C
0C
01
0C
01
01
0C
0C
01
01
01
01
01
01
01
01
01
01
01
01
01
01
01
01
01
01
01
01
01
01
01
01
01
01
01
01
01
01
01
01
01
01
01
01
01
01
01
01
01
01
01
01
01
01
01
0009
0093
00B0
0001
005F
0000004A
0005
0001
00000020
BB001F
59
1027
BB0022
59
B70023
1244
B60025
1A
B6003C
B60027
B80045
B70021
B0
0000
0002
0060
00000006
0001
0000
0116
0061
0000000C
0001
0000
0020
006C
00A7
0000
