0A
07
0A
09
07
0A
09
09
09
09
0A
09
0A
0A
0A
0A
0A
08
0A
0A
0A
0A
0A
0A
0A
0A
0A
0B
07
0A
0B
0A
0A
0A
0A
0A
0A
0A
08
0A
08
0A
0A
07
07
01
01
01
01
01
01
01
01
01
01
01
01
01
01
01
01
01
01
01
01
01
01
01
01
01
01
01
01
01
01
01
01
01
01
01
01
01
01
01
01
01
01
01
01
01
01
01
01
01
01
01
01
01
01
01
01
01
01
01
01
01
01
01
01
01
01
01
01
01
01
01
01
01
07
01
01
01
01
01
01
01
01
01
01
01
01
01
01
01
01
01
01
01
01
01
01
01
01
01
01
01
01
01
01
01
01
01
0C
01
0C
01
0C
0C
0C
0C
0C
07
0C
07
0C
0C
0C
0C
0C
01
0C
0C
0C
0C
0C
0C
0C
07
07
0C
01
0C
0C
07
0C
0C
07
0C
07
07
0C
0C
01
0C
01
0C
07
0C
01
01
01
01
01
01
01
01
01
01
01
01
01
01
01
01
01
01
01
01
01
01
01
01
01
01
01
01
01
01
01
01
01
01
01
01
01
01
01
01
0001
0050
003A
0001
003B
00000039
0002
0001
0000000B
2A
B40007
1212
B60013
57
B1
0000
0002
003C
0000000A
0002
0000
0298
000A
0299
003D
0000000C
0001
0000
000B
003E
0041
0000
