0A
0A
06
09
06
09
06
09
06
09
09
09
09
09
09
09
09
09
09
09
09
07
0A
09
09
0A
0A
0B
07
0A
0A
0B
0A
0B
0A
0A
0B
0B
0B
0B
07
0B
07
0A
0A
0A
07
0A
0A
0A
0B
0A
0A
0B
0A
06
07
0B
0A
07
0A
0B
07
08
0A
0A
0A
07
0A
07
0A
07
0A
0A
0B
07
0A
0A
0A
08
0A
07
08
0A
07
07
07
07
01
01
01
01
01
01
01
01
01
01
01
01
01
01
01
01
01
01
01
01
01
01
01
01
01
01
01
01
01
01
01
01
01
01
01
01
01
01
01
01
01
01
01
01
01
01
01
01
01
01
01
01
01
01
01
01
01
01
01
01
01
01
01
01
01
01
01
01
01
01
01
01
01
01
01
01
01
01
07
07
07
07
07
07
07
07
07
01
01
01
01
01
01
01
01
01
01
01
01
01
01
01
01
01
01
01
01
01
01
01
01
01
01
01
01
01
01
01
01
01
01
07
01
01
01
0C
0C
0C
0C
0C
0C
0C
0C
0C
0C
0C
0C
0C
0C
0C
0C
0C
01
0C
0C
07
0C
07
0C
07
0C
01
0C
07
0C
0C
0C
0C
0C
0C
07
0C
0C
01
0C
01
0C
0C
01
0C
0C
0C
0C
0C
0C
01
0C
01
07
0C
01
01
0C
0C
0C
01
01
01
0C
0C
0C
01
0C
0C
0C
01
0C
01
01
0C
01
01
01
01
01
01
01
01
01
01
01
01
01
01
01
01
01
01
01
01
01
01
01
01
01
01
01
01
01
01
01
01
01
01
01
01
01
01
01
01
01
01
01
01
01
01
01
01
01
01
01
01
01
01
01
01
01
01
01
01
01
01
01
0001
00C5
00BA
0001
007A
0000002F
0002
0001
00000005
2A
B4000E
AF
0000
0002
007B
00000006
0001
0000
0196
007C
0000000C
0001
0000
0005
007D
007E
0000
