01
07
01
01
07
01
07
01
01
01
01
01
01
01
01
0C
09
08
01
07
01
01
0C
0A
01
01
01
07
01
01
08
01
01
0C
0A
01
01
01
01
07
0C
0A
01
08
01
01
0C
09
01
07
01
01
0C
0A
01
01
0C
0A
01
08
01
0C
0A
01
07
01
01
0C
0A
01
01
01
01
07
01
01
0C
09
01
07
01
01
0C
0A
01
07
01
0C
0A
01
08
0A
01
01
03
03
01
03
03
01
01
01
01
01
01
01
01
01
01
01
01
01
01
01
01
01
01
01
0011
001D
0016
0003
006D
00000040
0002
0002
0000000C
2B
121F
B80023
2A
2B
B50011
B1
0000
0002
006F
00000006
0001
0006
000C
0070
00000016
0002
0000
000C
0019
001A
0000
0000
000C
001E
0009
0001
0072
00000007
01
0001
000F
0000
0073
00000005
01
001E
0000
