07
0A
0A
0A
07
09
08
0A
0A
08
0A
08
08
08
08
08
08
08
08
08
08
08
08
08
08
08
08
08
0B
09
0B
09
09
0B
05
07
0A
0A
0A
09
09
07
07
01
01
01
01
01
01
01
01
01
01
01
01
01
01
01
01
01
01
01
01
01
01
01
01
01
01
07
01
01
01
01
01
01
01
01
01
01
07
01
01
01
01
01
01
01
01
01
01
0C
0C
07
0C
01
0C
01
07
0C
07
0C
01
0C
01
01
01
01
01
01
01
01
01
01
01
01
01
01
01
01
01
07
0C
0C
0C
07
0C
0C
01
0C
0C
07
0C
0C
0C
01
01
01
01
01
01
01
01
01
01
01
01
01
07
01
01
01
01
01
01
01
01
01
01
01
01
01
01
01
01
01
01
01
01
01
0001
004C
004B
0001
0033
00000049
0002
0001
0000000D
2A
B40006
B20020
B9001F0200
AD
0000
0003
0034
00000006
0001
0000
0053
0035
0000000C
0001
0000
000D
0036
0037
0000
0038
0000000C
0001
0000
000D
0036
0039
0000
