0A
07
0A
09
09
09
09
07
12
08
0A
09
0A
0A
07
0A
0A
07
07
07
07
07
07
07
07
07
08
0A
07
07
0A
07
07
0A
07
0A
07
07
0A
07
0A
07
0A
07
0A
07
07
0A
07
07
0A
07
07
0A
07
07
0A
07
0A
07
0A
07
07
0A
07
0A
0A
07
0A
07
0A
07
0A
07
0A
0A
07
0A
0A
0A
0A
07
0A
07
07
07
0A
0A
09
08
0A
0A
07
0B
0A
0A
0A
0A
0B
0B
0B
07
0A
0A
0A
0A
05
0A
07
07
0A
08
0A
0A
0A
0A
0A
0A
0A
0A
09
07
07
07
07
01
01
01
01
01
01
01
01
01
01
01
01
01
01
01
01
01
01
01
01
01
01
01
01
01
01
01
01
01
01
01
07
07
01
01
01
01
01
01
01
01
01
01
01
01
01
01
07
01
01
01
01
01
01
01
01
01
01
01
01
01
01
01
01
01
01
01
01
01
01
01
01
01
01
01
01
01
01
01
01
01
01
01
01
01
01
01
01
01
01
07
07
07
07
07
07
01
01
01
01
07
01
01
01
01
01
01
01
01
01
01
01
01
01
01
07
01
01
01
01
01
01
01
01
01
07
07
07
01
01
01
01
0C
01
0C
0C
0C
0C
01
01
0F
10
0F
0C
01
0C
0C
0C
0C
01
0C
0C
01
01
01
01
01
01
01
01
01
01
0C
01
01
0C
01
01
01
0C
01
01
01
01
0C
01
01
01
0C
01
01
0C
01
01
0C
01
01
0C
01
0C
01
01
01
0C
0C
01
0C
01
0C
01
0C
01
0C
01
0C
0C
07
0C
01
01
01
01
0C
0C
01
0C
07
0C
01
07
0C
0C
0C
0C
0C
07
0C
07
0C
0C
01
0C
0C
0C
0C
0C
01
01
01
0C
0C
0C
0C
07
0C
07
0C
07
0C
07
0C
0C
01
01
01
01
01
01
01
01
01
01
01
01
0A
0A
01
01
01
01
01
01
01
01
01
01
01
01
01
01
01
01
01
01
01
01
01
01
01
01
01
01
01
01
01
01
01
01
01
01
01
01
01
01
01
01
01
01
01
01
01
01
01
01
01
01
01
01
01
01
01
01
01
01
01
01
01
01
01
01
01
01
01
01
01
01
01
07
0C
0C
01
01
01
0001
00BE
00BF
0002
008F
000000D3
0005
0004
00000023
2A
BB0032
59
2B
2C
B70033
B70011
C00034
B0
4E
2D
BF
4E
2D
BF
4E
BB001A
59
121B
2D
B7001C
BF
0005
0000
0010
0011
0013
0000
0010
0011
0014
0000
0010
0014
001D
0000
0010
0014
0015
0000
0010
0017
0019
0003
0090
0000001E
0007
0000
00D6
0011
00D7
0012
00D8
0014
00D9
0015
00DA
0017
00DB
0018
00DC
0091
0000003E
0006
0012
0002
0096
0097
0003
0015
0002
0096
0098
0003
0018
000B
0096
0097
0003
0000
0023
0092
0093
0000
0000
0023
009B
009C
0001
0000
0023
00C0
00A7
0002
009D
0000000E
0003
51
07
009E
42
07
009F
42
07
009E
00A0
00000008
0003
001D
0015
0014
