01
07
01
07
01
07
01
01
01
01
01
01
01
01
01
01
01
01
01
01
0C
0A
0C
09
0C
09
0C
09
0C
09
0C
09
0C
09
01
01
01
01
07
01
01
0C
0A
01
01
01
01
01
01
01
07
01
08
0C
0A
01
01
01
01
01
01
01
01
0C
0A
01
01
01
01
01
07
01
07
01
07
01
0C
0A
01
07
0A
01
08
01
01
0C
0A
01
08
01
0C
0A
01
0C
0A
0A
01
07
01
01
0C
0A
01
07
01
08
0A
01
01
01
01
01
01
01
07
01
07
0A
01
01
0C
0A
01
07
0C
09
01
08
01
01
0C
0A
01
01
0C
0A
08
01
01
0C
0A
01
08
01
0C
0A
0A
01
01
01
01
01
01
01
01
01
0C
0B
01
01
01
01
01
01
01
01
01
01
01
01
01
01
01
01
07
01
0C
0A
01
07
01
0C
0A
0A
01
01
01
01
01
01
01
01
01
0001
0039
0025
0001
00BD
0000003E
0003
0002
0000000A
BB0033
59
1235
B70037
BF
0000
0002
00BE
00000006
0001
0000
008C
00BF
00000016
0002
0000
000A
0023
0024
0000
0000
000A
003A
000E
0001
