0A
0B
0A
12
0B
0A
07
0A
0A
0A
09
07
0A
0A
07
0A
0A
0A
0A
0B
0A
0A
0B
07
0A
09
0A
0B
0A
0A
0B
0A
0B
0B
0B
07
0A
08
0A
0A
0B
07
07
07
01
01
01
01
01
01
01
01
01
01
01
01
01
01
01
01
01
01
01
01
01
01
01
01
01
01
01
01
01
01
01
01
01
01
01
01
01
01
01
01
07
07
07
07
07
07
01
01
01
01
01
07
01
01
0C
07
0C
0C
01
0F
10
0F
10
0C
07
0C
0C
01
07
0C
07
0C
07
0C
01
0C
07
0C
01
0C
0C
0C
0C
07
0C
0C
0C
0C
01
0C
0C
0C
0C
07
0C
0C
07
0C
0C
0C
07
0C
0C
01
01
0C
0C
01
01
01
01
01
01
01
01
01
01
0A
01
0A
01
01
01
01
01
01
01
01
01
01
01
01
01
01
01
01
01
01
01
01
01
01
01
01
01
01
01
01
01
01
01
01
01
01
01
01
01
01
01
01
01
01
01
01
01
01
01
01
01
01
01
01
01
01
01
01
07
0C
0C
01
01
07
01
01
07
01
01
0001
002F
0030
0001
0031
0000002F
0001
0001
00000005
2A
B70001
B1
0000
0002
0032
00000006
0001
0000
000E
0033
0000000C
0001
0000
0005
0034
0035
0000
