07
01
07
01
01
01
01
01
01
01
01
01
01
01
01
01
01
01
01
07
01
0A
0C
01
09
0C
01
01
0A
09
0C
09
0C
01
01
01
08
01
0A
07
01
0C
01
01
0A
07
01
0C
01
01
07
01
0A
0C
01
0B
07
01
0C
01
01
08
01
0B
0C
01
01
07
01
01
01
01
01
01
07
01
01
01
08
01
08
01
0A
07
01
0C
01
01
0A
0C
01
01
0A
07
01
0C
01
01
0A
0C
01
01
0A
07
01
0C
01
01
0A
0C
01
01
0A
0C
01
01
07
01
0A
0C
01
0A
0C
01
01
0A
0C
01
01
0A
0C
01
01
01
01
01
01
01
01
01
01
01
01
01
01
01
01
01
01
09
0C
0B
07
01
0C
01
01
08
01
0A
0C
01
01
08
01
0A
0C
01
01
0A
0C
01
0B
07
01
0C
01
01
0B
07
01
0C
01
01
07
01
0A
0C
01
01
0B
0C
01
01
0B
0C
01
01
01
01
01
01
01
07
01
0A
0C
01
01
0B
07
01
0A
0C
01
0A
0C
01
01
0A
0C
01
01
01
01
01
08
01
0A
07
01
0C
01
07
01
01
01
01
07
01
0A
08
01
0B
07
01
0A
07
01
0C
01
01
0B
0C
01
0A
07
01
0C
01
01
07
01
01
01
01
01
01
01
01
01
01
01
01
0B
07
01
0C
01
01
0B
0A
0C
01
01
01
01
01
01
09
0C
0B
0C
01
01
0A
0C
01
07
01
0A
08
01
0A
0C
01
01
01
0A
0C
01
01
0A
0C
01
01
0A
0C
01
01
0A
07
01
0C
01
01
0A
0C
01
01
0A
0C
0B
0C
01
01
01
01
01
01
0401
0065
0066
0000
