0A
09
0A
0A
0A
09
07
0A
07
0A
07
0A
07
07
07
0A
07
07
07
07
01
07
01
01
01
01
01
01
01
01
01
01
01
01
01
01
01
01
07
01
01
01
01
01
01
01
01
01
01
01
07
07
07
01
01
01
01
01
01
01
01
01
01
01
01
01
07
01
01
01
01
01
01
01
01
01
01
01
01
01
0C
0C
0C
0C
0C
0C
01
0C
01
07
0C
01
07
0C
01
01
01
01
01
01
01
01
01
01
01
01
01
01
01
01
01
0002
003C
003D
0002
001F
000000CA
0003
0003
00000026
2A
2B
B70003
4D
2A
B40006
2C
1209
B6000A
C00009
B0
4D
2C
B8000C
BF
4D
2C
B8000C
BF
4D
2C
B8000C
BF
0003
0000
0013
0014
000B
0000
0013
001A
000D
0000
0013
0020
000E
0003
0020
00000022
0008
0000
00F9
0006
00FA
0014
00FC
0015
00FE
001A
0100
001B
0102
0020
0104
0021
0106
0021
0000003E
0006
0006
000E
0030
0031
0002
0015
0005
002C
002D
0002
001B
0005
002C
002E
0002
0021
0005
002C
002F
0002
0000
0026
0022
0023
0000
0000
0026
003A
003B
0001
0032
0000000E
0003
54
07
0033
45
07
0034
45
07
0035
0036
00000002
003E
