08
0A
0A
08
09
08
09
08
09
0A
0A
0A
08
0B
0B
08
0B
09
0B
07
08
0A
0B
0A
09
07
07
01
01
01
01
01
01
01
01
01
01
01
01
01
01
01
01
01
01
01
01
01
01
01
01
01
07
01
07
01
01
01
01
01
01
01
01
01
01
01
01
01
01
01
01
01
01
01
0C
01
0C
0C
01
0C
0C
07
0C
0C
01
07
0C
0C
01
07
0C
0C
01
01
07
0C
07
0C
0C
0C
01
01
01
01
01
01
01
01
01
01
01
01
01
01
01
01
01
01
01
01
01
01
0001
0026
0027
0001
0028
00000035
0002
0001
00000007
2A
1201
B70002
B1
0000
0002
0029
0000000A
0002
0000
002D
0006
002E
002A
0000000C
0001
0000
0007
002B
002C
0000
