09
0A
0A
08
0A
07
09
08
07
09
0A
0A
0A
0A
0A
07
07
0A
0A
0A
07
07
01
01
01
01
01
01
01
01
01
01
01
01
01
01
01
01
01
01
01
01
01
01
01
01
01
01
01
01
07
07
07
07
01
01
01
01
01
01
01
07
0C
0C
0C
07
0C
01
0C
01
0C
07
0C
0C
07
0C
0C
0C
01
01
0C
0C
0C
01
01
01
01
01
01
01
01
01
01
01
01
01
01
01
01
01
01
01
01
01
0001
0037
0038
0002
001D
00000049
0001
0001
00000009
2A
B60013
2A
B40007
B0
0000
0003
001E
0000000A
0002
0000
003C
0004
003D
001F
0000000C
0001
0000
0009
0020
0021
0000
0022
0000000C
0001
0000
0009
0020
0023
0000
0025
00000002
0039
