0A
0A
09
0A
09
09
0A
0A
0A
09
09
09
07
07
07
01
01
01
01
01
01
01
01
01
01
01
01
01
01
01
01
01
01
01
01
01
01
01
01
01
01
01
01
01
01
01
01
01
01
01
0C
07
0C
0C
07
0C
0C
07
0C
0C
0C
0C
0C
0C
0C
01
01
01
01
01
01
01
01
01
01
01
01
01
01
01
01
01
01
01
01
01
0001
0014
0015
0002
0016
0000006A
0002
0002
00000018
2A
B70001
2A
2B
B60002
B50003
2A
2B
B60002
B80004
B50005
B1
0000
0003
0017
00000012
0004
0000
001F
0004
0020
000C
0021
0017
0022
0018
00000016
0002
0000
0018
0019
001A
0000
0000
0018
001B
001C
0001
001D
0000000C
0001
0000
0018
001B
001E
0001
001F
00000002
0020
