09
09
0A
09
0A
0A
0A
0A
09
0B
0B
0A
07
0B
0B
07
07
0A
08
0A
0B
08
0A
08
08
0A
0A
0A
07
0A
0A
0A
0A
0A
0A
07
07
0A
0A
0A
07
07
01
01
01
01
01
01
01
01
01
01
01
01
01
01
01
01
01
01
01
01
01
01
01
01
01
01
01
01
07
01
01
01
01
01
01
01
01
01
01
01
01
01
01
01
01
01
07
07
07
01
01
01
01
01
01
01
01
01
01
01
01
01
01
01
01
01
0C
0C
0C
0C
07
0C
07
0C
0C
0C
07
0C
0C
07
0C
0C
01
0C
07
0C
01
01
01
0C
07
0C
01
0C
01
01
0C
0C
07
0C
01
0C
0C
07
0C
0C
07
0C
0C
01
01
0C
0C
0C
01
01
01
01
01
01
01
01
01
01
01
01
01
01
01
01
01
01
01
01
01
01
01
01
01
01
01
01
01
01
01
01
01
01
01
01
01
01
01
01
01
01
01
0002
004B
004C
0002
0037
00000058
0002
0003
00000012
B20009
B9000A0100
4D
2C
2B
B9000B0200
2C
B0
0000
0002
0038
0000000E
0003
0000
0049
0009
004A
0010
004B
0039
00000020
0003
0000
0012
003A
003B
0000
0000
0012
004D
004E
0001
0009
0009
004F
0050
0002
0048
00000005
01
004D
0000
