0A
08
0A
0A
09
12
0B
09
07
0B
07
08
0B
0A
0A
07
08
0B
07
08
0B
08
0A
0A
0A
0A
0A
07
08
07
0A
07
07
01
01
01
01
01
01
01
01
01
01
01
01
01
01
07
01
01
01
01
01
01
01
01
01
01
01
01
01
01
07
01
01
01
01
01
01
01
01
01
07
01
01
01
01
01
01
0C
01
0C
07
0C
0C
01
0F
08
0C
07
0C
0C
01
0C
01
01
0C
0C
07
0C
01
01
0C
01
01
0C
01
0C
0C
0C
0C
0C
01
01
01
0C
01
01
01
01
01
01
01
01
0A
01
01
01
01
01
01
01
01
01
01
01
01
01
01
01
01
01
01
01
01
01
01
01
01
01
01
01
01
07
0C
01
07
01
01
01
07
01
01
0008
004B
004C
0001
0026
00000023
0002
0000
0000000B
121D
121E
B8001F
B30005
B1
0000
0001
0027
00000006
0001
0000
001F
