01
07
01
07
01
01
07
01
01
01
01
01
01
01
01
01
01
01
01
01
01
01
01
01
01
01
01
01
01
01
01
01
01
01
01
01
0C
0A
0C
09
0C
09
0C
09
0C
09
0C
09
0C
09
0C
09
0C
09
0C
09
0C
09
01
01
01
01
01
01
0C
09
01
07
01
01
0C
0A
0C
09
0C
09
0C
09
01
01
01
01
01
01
01
01
0C
09
01
01
0C
09
0C
09
0C
09
0C
09
01
01
01
01
01
0C
09
0C
09
01
0C
09
0C
09
01
0C
09
01
01
01
07
09
09
09
09
01
0C
0A
01
0C
0A
01
0C
0A
01
0C
0A
01
0C
0A
01
0C
0A
01
01
01
01
01
01
01
01
0001
001E
006C
0001
0090
0000005B
0002
0003
00000011
2A
04
B50038
2A
2B
B5006E
2A
2C
B50070
2A
B0
0000
0002
0091
00000012
0004
0000
008F
0005
0090
000A
0091
000F
0092
0092
00000020
0003
0000
0011
003B
003C
0000
0000
0011
0063
0014
0001
0000
0011
0064
0016
0002
