01
07
01
07
01
07
01
01
01
03
03
01
03
01
03
01
01
01
01
01
01
01
01
01
01
01
01
01
01
01
01
01
01
01
01
01
01
01
01
01
01
01
01
01
01
01
01
01
01
01
01
08
01
07
01
01
0C
0A
08
08
08
01
0C
0A
0C
09
0C
09
0C
09
0C
09
01
01
0C
0A
01
01
0C
0A
01
01
07
01
0C
0A
01
08
01
01
0C
0A
01
0C
0A
01
08
01
08
01
08
01
0C
0A
0C
0A
01
01
07
0C
0A
01
07
0A
01
07
0A
01
07
0A
01
01
01
01
01
01
0C
0A
01
01
0C
0A
01
07
01
0C
0A
01
07
01
01
01
01
01
01
01
01
0001
0031
0051
0002
008D
0000005E
0002
0001
00000040
BB0053
59
B70056
1258
B6005C
2A
B40042
B6005F
1261
B6005C
2A
B40044
B6005F
1263
B6005C
2A
B40046
B6005F
1265
B6005C
2A
B40048
B6005F
1029
B60068
B6006A
B0
0000
0001
008F
0000000C
0001
0000
0040
0049
0013
0000
008C
00000006
0001
0033
0000
