01
07
01
07
01
01
01
07
01
08
01
01
0C
0A
01
07
01
01
0C
0B
01
01
08
01
0C
0B
01
01
01
01
01
08
01
07
01
01
0C
0A
01
08
01
07
01
01
0C
0A
01
0C
0B
01
01
01
01
01
01
0C
0B
01
01
01
08
01
01
08
01
01
01
08
01
01
0C
0B
01
01
01
08
01
01
0C
0B
01
01
08
01
0C
0B
01
01
01
08
01
01
0C
0B
01
01
03
03
01
03
01
03
01
01
01
01
01
01
01
01
01
01
01
1009
003E
003B
0001
0069
00000042
0003
0005
00000020
1904
C6000D
BB0008
59
1240
B7000E
BF
1D
04
7E
990005
01
4C
2A
2B
2C
B900390300
B1
0000
0002
006A
00000004
0002
0F
07
006B
00000006
0001
0000
0027
