07
01
09
0C
01
01
09
0C
01
09
0C
01
09
0C
01
09
0C
01
09
0C
01
09
0C
01
09
0C
01
09
0C
01
09
0C
01
09
0C
01
09
0C
01
09
0C
01
09
0C
01
09
0C
01
09
0C
01
09
0C
01
09
0C
01
09
0C
01
09
0C
01
09
0C
01
09
0C
01
09
0C
01
09
0C
01
09
0C
01
09
0C
01
09
0C
01
09
0C
01
09
0C
01
09
0C
01
09
0C
01
09
0C
01
09
0C
01
09
0C
01
09
0C
01
09
0C
01
09
0C
01
09
0C
01
09
0C
01
09
0C
01
09
0C
01
09
0C
01
09
0C
01
09
0C
01
09
0C
01
09
0C
01
09
0C
01
09
0C
01
09
0C
01
09
0C
01
09
0C
01
09
0C
01
09
0C
01
09
0C
01
09
0C
01
09
0C
01
09
0C
01
09
0C
01
09
0C
01
09
0C
01
09
0C
01
09
0C
01
09
0C
01
09
0C
01
09
0C
01
09
0C
01
09
0C
01
09
0C
01
09
0C
01
09
0C
01
09
0C
01
09
0C
01
09
0C
01
09
0C
01
09
0C
01
09
0C
01
09
0C
01
09
0C
01
09
0C
01
09
0C
01
09
0C
01
09
0C
01
09
0C
01
09
0C
01
09
0C
01
09
0C
01
09
0C
01
09
0C
01
09
0C
01
09
0C
01
09
0C
01
09
0C
01
09
0C
01
09
0C
01
09
0C
01
09
0C
01
09
0C
01
09
0C
01
09
0C
01
09
0C
01
09
0C
01
09
0C
01
09
0C
01
09
0C
01
09
0C
01
09
0C
01
09
0C
01
09
0C
01
09
0C
01
09
0C
01
09
0C
01
09
0C
01
09
0C
01
09
0C
01
09
0C
01
09
0C
01
09
0C
01
09
0C
01
09
0C
01
09
0C
01
09
0C
01
09
0C
01
09
0C
01
09
0C
01
09
0C
01
09
0C
01
09
0C
01
09
0C
01
09
0C
01
09
0C
01
09
0C
01
09
0C
01
09
0C
01
09
0C
01
09
0C
01
09
0C
01
09
0C
01
09
0C
01
09
0C
01
09
0C
01
09
0C
01
09
0C
01
09
0C
01
09
0C
01
09
0C
01
09
0C
01
09
0C
01
09
0C
01
09
0C
01
09
0C
01
09
0C
01
09
0C
01
09
0C
01
09
0C
01
09
0C
01
09
0C
01
09
0C
01
09
0C
01
09
0C
01
09
0C
01
09
0C
01
09
0C
01
09
0C
01
09
0C
01
09
0C
01
09
0C
01
09
0C
01
09
0C
01
09
0C
01
09
0C
01
09
0C
01
09
0C
01
09
0C
01
09
0C
01
09
0C
01
09
0C
01
09
0C
01
09
0C
01
09
0C
01
09
0C
01
09
0C
01
09
0C
01
09
0C
01
09
0C
01
09
0C
01
09
0C
01
09
0C
01
09
0C
01
09
0C
01
09
0C
01
09
0C
01
09
0C
01
09
0C
01
09
0C
01
09
0C
01
09
0C
01
09
0C
01
09
0C
01
09
0C
01
09
0C
01
09
0C
01
09
0C
01
09
0C
01
09
0C
01
09
0C
01
09
0C
01
09
0C
01
09
0C
01
09
0C
01
09
0C
01
09
0C
01
09
0C
01
09
0C
01
09
0C
01
09
0C
01
09
0C
01
09
0C
01
09
0C
01
09
0C
01
09
0C
01
09
0C
01
09
0C
01
09
0C
01
09
0C
01
09
0C
01
09
0C
01
01
0A
07
0C
01
01
0A
07
0C
01
01
01
0A
0C
01
01
0A
07
0C
01
01
01
09
0C
01
01
09
0C
01
12
0C
01
01
08
08
01
0A
0C
01
08
08
01
08
08
01
08
08
01
08
08
01
08
08
01
08
08
01
08
08
01
08
08
01
08
08
01
08
08
01
08
08
01
08
08
01
08
08
01
08
08
01
08
08
01
08
08
01
08
08
01
08
08
01
08
08
01
08
08
01
08
08
01
08
08
01
08
08
01
08
08
01
08
08
01
08
08
01
08
08
01
08
08
01
08
08
01
08
08
01
08
08
01
08
08
01
08
08
01
08
08
01
08
08
08
01
08
08
01
08
08
01
08
08
01
08
08
01
08
08
01
08
08
01
08
08
01
08
08
01
08
08
01
08
08
01
08
08
01
08
08
01
08
08
01
08
08
01
08
08
01
08
08
01
08
08
01
08
08
01
08
08
01
08
08
01
08
08
01
08
08
01
08
08
01
08
08
01
08
08
01
08
08
01
08
08
01
08
08
01
08
08
01
08
08
01
08
08
01
08
08
01
08
08
01
08
08
01
08
08
01
08
08
01
08
08
01
08
08
01
08
08
01
08
08
01
08
08
01
08
08
01
08
08
01
08
08
01
08
08
01
08
08
01
08
08
01
08
08
01
08
08
01
08
08
01
08
08
01
08
08
01
08
08
01
08
08
01
08
08
01
08
08
01
08
08
01
08
08
01
08
08
01
08
08
01
08
08
01
08
08
01
08
08
01
08
08
01
08
08
01
08
08
01
08
08
01
08
08
01
08
08
01
08
08
01
08
08
01
08
08
01
08
08
01
08
08
01
08
08
01
08
08
01
08
08
01
08
08
01
08
08
01
08
08
01
08
08
01
08
08
01
08
08
01
08
08
01
08
08
01
08
08
01
08
08
01
08
08
01
08
08
01
08
08
01
08
08
01
08
08
01
08
08
01
08
08
01
08
08
01
08
08
01
08
08
01
08
08
01
08
08
01
08
08
01
08
08
01
08
08
01
08
08
01
08
08
01
08
08
01
08
08
01
08
08
01
08
08
01
08
08
01
08
08
01
08
08
01
08
08
01
08
08
01
08
08
01
08
08
01
08
08
01
08
08
01
08
08
01
08
08
01
08
08
01
08
08
01
08
08
01
08
08
01
08
08
01
08
08
01
08
08
01
08
08
01
08
08
01
08
08
01
08
08
01
08
08
01
08
08
01
08
08
01
08
08
01
08
08
01
08
08
01
08
08
01
08
08
01
08
08
01
08
08
01
08
08
01
08
08
01
08
08
01
08
08
01
08
08
01
08
08
01
08
08
01
08
08
01
08
08
01
08
08
01
08
08
01
08
08
01
08
08
01
08
08
01
08
08
01
08
08
01
08
08
01
08
08
01
08
08
01
08
08
01
08
08
01
08
08
01
08
08
01
08
08
01
08
08
01
08
08
01
08
08
01
08
08
01
08
08
01
08
08
01
08
08
01
08
08
01
08
08
01
08
08
01
08
08
01
08
08
01
08
08
01
08
08
01
08
08
01
08
08
01
08
08
01
08
08
01
08
08
01
08
08
01
08
08
01
08
08
01
08
08
01
08
08
01
0A
0C
01
01
07
01
01
01
01
01
01
01
01
01
01
01
01
01
01
01
01
01
01
07
01
01
08
01
0F
0A
07
0C
01
01
01
01
07
01
07
01
01
01
07
01
07
01
01
0002
02B8
02D0
0003
0576
00000053
0003
0004
00000013
2A
2B
1C
B702B6
2A
B802BA
B502C0
2A
2D
B502C4
B1
0000
0002
0577
00000012
0004
0000
0DD4
0006
0DD0
000D
0DD5
0012
0DD6
0579
00000016
0002
0000
0013
057C
0006
0000
0000
0013
02C6
02C3
0003
057B
0000000D
03
0000
1000
0000
1000
0000
0000
057D
00000002
057E
