01
07
01
07
01
01
01
01
01
08
01
07
01
01
0C
0A
01
08
01
08
01
0C
0A
01
0C
09
01
0C
09
01
0C
09
01
01
01
01
07
0A
0C
0A
01
01
01
01
01
01
01
01
01
01
01
01
01
01
01
0C
0A
01
01
08
01
07
01
01
0C
0A
0F
01
0C
12
01
01
01
07
0C
0A
0A
0A
01
01
01
01
01
01
01
0C
0A
01
01
01
01
01
01
01
0C
09
01
07
01
01
0C
0B
01
07
01
01
0C
0B
01
01
0C
0B
01
07
01
01
0C
09
01
01
01
01
01
07
01
01
07
01
0C
09
01
01
0C
0A
01
07
01
01
0C
0A
01
01
01
01
07
01
07
01
01
01
01
07
01
0C
0A
01
01
0C
09
01
07
01
07
01
07
01
0C
09
01
0C
0A
01
01
01
01
01
01
01
01
03
03
01
03
01
03
01
01
01
01
01
01
01
01
01
07
01
01
01
01
01
01
01
01
01
01
01
01
01
0011
0032
002F
0002
00C8
00000023
0001
0001
00000005
2A
B40020
B0
0000
0001
00CA
0000000C
0001
0000
0005
0021
0022
0000
00C6
00000006
0001
0008
0000
