09
12
12
0A
09
0A
07
0A
0B
0A
08
0A
09
07
08
0A
0A
09
07
09
0B
07
0B
07
12
0B
0A
0A
07
0B
0A
0B
07
07
0A
07
08
0A
12
07
01
01
01
01
01
01
01
01
01
01
01
01
01
01
01
01
01
01
01
01
01
01
01
01
01
01
01
01
01
01
01
01
01
01
01
01
01
01
01
01
01
01
01
01
01
01
01
01
01
01
01
01
01
01
01
01
01
01
01
01
01
01
01
01
01
01
01
01
01
01
01
01
0C
01
0F
10
0F
10
0C
10
0F
10
0C
0C
0C
0C
01
0C
07
0C
0C
07
0C
0C
01
01
0C
0C
0C
01
0C
07
0C
01
0C
10
0F
0C
0C
0C
0C
01
0C
0C
0C
01
01
07
0C
01
01
0F
0C
07
01
0A
01
0B
01
01
01
0A
01
01
01
01
01
01
01
01
01
01
01
01
01
01
01
01
01
01
01
01
01
0A
01
01
01
01
01
01
01
01
01
01
01
0A
01
07
0C
0C
0C
0C
0C
01
01
07
01
01
01
07
01
01
0009
003F
0040
0003
0035
00000020
0002
0000
00000008
BB0007
59
B70008
B0
0000
0001
0036
00000006
0001
0000
004E
002B
00000002
0041
002F
00000006
0001
0042
0000
