0B
07
0A
0B
0B
0B
0B
0A
12
0A
07
07
0A
12
12
12
12
0A
12
0A
0B
12
0A
08
0A
0B
0B
0B
0B
0B
0B
0B
0B
08
0B
12
08
0B
08
0B
0B
08
0B
07
08
0B
08
08
0B
08
12
12
0B
0B
08
12
12
0B
0B
12
0B
12
08
12
08
12
08
08
08
0B
07
0A
08
0A
0A
08
08
12
12
12
12
12
12
08
07
0A
0B
09
0B
12
0B
0B
12
0B
12
07
0A
08
12
12
12
12
0B
0B
12
0B
08
12
12
12
12
08
08
08
12
0B
12
0B
12
12
0B
0B
07
0A
07
0B
0B
0B
07
0B
07
0B
0B
0B
0A
0B
0B
0B
07
0B
0B
0B
07
07
07
07
07
01
01
07
01
07
01
07
01
07
01
01
01
01
01
01
01
01
01
01
01
01
01
01
01
01
01
01
01
01
01
01
01
01
01
01
01
01
01
01
01
01
01
01
01
01
01
01
01
01
01
01
01
01
01
01
01
01
01
01
01
01
01
01
01
01
01
01
01
01
01
01
01
01
01
01
01
01
01
01
01
01
01
01
01
01
01
01
01
01
01
01
01
01
01
01
01
01
01
01
01
01
01
01
01
01
01
01
01
01
01
01
01
01
01
01
01
01
01
01
01
01
01
01
01
01
01
01
01
01
01
01
01
01
01
01
01
01
01
01
01
01
01
01
01
01
01
01
01
01
01
01
01
01
01
01
01
01
01
01
01
01
01
01
01
01
01
01
01
01
01
01
01
01
01
01
01
01
01
01
01
01
01
01
01
01
01
01
01
01
01
01
01
01
01
01
01
01
01
01
01
01
01
01
01
01
01
01
01
01
01
01
01
01
01
01
01
01
01
01
01
01
01
01
01
01
01
01
01
01
01
01
01
01
01
01
01
01
01
01
01
01
01
01
01
01
01
01
01
01
01
01
01
01
01
01
01
01
01
01
01
01
01
01
01
01
01
01
01
01
01
01
01
01
01
01
01
01
01
01
01
01
01
01
01
01
01
01
01
01
01
01
01
01
01
01
01
01
01
01
01
01
01
01
01
01
01
01
01
01
01
01
01
01
01
01
01
01
01
01
01
01
01
01
01
01
01
01
01
01
01
01
01
01
01
01
01
01
01
01
01
01
01
01
01
01
01
01
01
01
01
01
01
01
01
01
01
01
01
01
01
01
01
01
01
01
01
01
01
01
01
01
01
01
01
01
01
01
01
01
01
01
01
01
01
01
01
01
01
01
01
01
01
01
01
01
01
01
01
01
01
01
01
01
01
01
01
01
01
01
01
01
01
01
01
01
01
01
01
01
01
01
01
01
01
01
01
01
01
01
01
01
01
01
07
01
01
01
01
01
07
01
01
01
01
01
01
07
07
01
01
01
01
01
01
01
01
01
01
01
07
01
01
01
01
01
01
01
01
01
01
01
01
01
01
01
01
01
01
01
01
01
01
01
01
01
01
01
01
01
01
01
01
01
01
01
01
01
01
01
01
01
01
01
01
01
01
01
01
01
01
01
01
01
01
01
01
01
01
01
01
01
01
01
01
01
01
01
01
01
01
01
01
01
01
01
01
01
01
01
01
01
01
01
01
01
01
01
01
01
01
01
01
01
0C
01
07
0C
07
0C
0C
0C
0C
07
0C
01
0F
10
0F
0C
0C
01
01
0C
0F
0C
0F
0C
0F
0F
0C
0C
0F
0C
0C
0C
0F
0C
0C
07
0C
0C
0C
0C
0C
0C
0C
0C
0C
0C
0F
0C
07
0C
0C
0C
0C
01
01
0C
07
0C
10
0F
0C
0F
0C
0C
0C
10
0F
0C
0F
0C
0C
0C
0F
0C
0C
10
0F
0C
0F
0C
0F
0C
07
0C
01
0C
07
0C
0C
0F
08
0C
10
0F
0C
0F
0C
0F
0C
0F
0F
0C
01
0C
0C
0C
0C
10
0F
0C
0C
0C
10
0F
0C
07
0C
0F
0C
01
0C
0F
0C
0F
0C
0F
0C
10
0F
10
0C
0C
0C
0F
0C
0C
0F
0F
0F
0F
0C
0F
0C
0C
10
0F
0C
0C
10
0F
0C
0F
0C
0C
0C
01
07
0C
01
0C
0C
0C
01
0C
01
0C
0C
07
0C
0C
07
0C
07
0C
07
0C
01
07
0C
07
0C
0C
01
07
01
01
01
01
01
01
01
01
07
01
01
01
01
01
01
01
01
01
01
01
01
01
01
01
01
01
0A
0B
01
01
01
01
0B
01
0B
01
0B
0B
01
01
0B
01
01
01
01
0B
01
01
01
01
01
0B
01
01
01
01
01
01
01
01
01
0B
01
0B
01
01
0B
01
0B
01
0B
01
01
0B
01
0B
01
01
01
01
01
01
01
01
01
01
0A
01
01
01
0B
01
01
0B
0B
0B
0B
01
01
01
0B
01
01
0B
01
01
0B
01
01
0B
0B
01
0B
0B
01
0B
0B
0B
0B
0B
0B
01
01
0B
01
0B
01
0B
01
01
01
01
01
01
01
01
01
01
01
01
01
01
01
01
01
01
01
01
01
01
01
01
01
01
01
01
07
0C
0C
0C
0C
0C
0C
0C
0C
0C
0C
0C
0C
0C
0C
0C
0C
07
0C
0C
0C
0C
0C
0C
0C
0C
0C
0C
0C
0C
0C
0C
0C
0C
0C
0C
0C
0C
0C
0C
01
01
07
01
01
01
01
07
01
01
0009
0153
0154
0003
00A5
0000006E
0002
0002
00000016
2A
1237
B80019
57
2B
1218
B80019
57
2B
2A
B9003A0200
B0
0000
0003
00A6
0000000E
0003
0000
0181
0007
0182
000E
0183
00A7
00000016
0002
0000
0016
014C
014D
0000
0000
0016
00F5
00AB
0001
00B1
00000016
0002
0000
0016
014C
014E
0000
0000
0016
00F5
00B2
0001
00B6
00000002
0155
00CE
0000000D
02
0001
00CF
0000
0001
00CF
0000
