0B
07
0A
0B
0B
0B
0B
0A
12
0A
07
07
0A
12
12
12
12
0A
12
0A
0B
12
0A
08
0A
0B
0B
0B
0B
0B
0B
0B
0B
08
0B
12
08
0B
08
0B
0B
08
0B
07
08
0B
08
08
0B
08
12
12
0B
0B
08
12
12
0B
0B
12
0B
12
08
12
08
12
08
08
08
0B
07
0A
08
0A
0A
08
08
12
12
12
12
12
12
08
07
0A
0B
09
0B
12
0B
0B
12
0B
12
07
0A
08
12
12
12
12
0B
0B
12
0B
08
12
12
12
12
08
08
08
12
0B
12
0B
12
12
0B
0B
07
0A
07
0B
0B
0B
07
0B
07
0B
0B
0B
0A
0B
0B
0B
07
0B
0B
0B
07
07
07
07
07
01
01
07
01
07
01
07
01
07
01
01
01
01
01
01
01
01
01
01
01
01
01
01
01
01
01
01
01
01
01
01
01
01
01
01
01
01
01
01
01
01
01
01
01
01
01
01
01
01
01
01
01
01
01
01
01
01
01
01
01
01
01
01
01
01
01
01
01
01
01
01
01
01
01
01
01
01
01
01
01
01
01
01
01
01
01
01
01
01
01
01
01
01
01
01
01
01
01
01
01
01
01
01
01
01
01
01
01
01
01
01
01
01
01
01
01
01
01
01
01
01
01
01
01
01
01
01
01
01
01
01
01
01
01
01
01
01
01
01
01
01
01
01
01
01
01
01
01
01
01
01
01
01
01
01
01
01
01
01
01
01
01
01
01
01
01
01
01
01
01
01
01
01
01
01
01
01
01
01
01
01
01
01
01
01
01
01
01
01
01
01
01
01
01
01
01
01
01
01
01
01
01
01
01
01
01
01
01
01
01
01
01
01
01
01
01
01
01
01
01
01
01
01
01
01
01
01
01
01
01
01
01
01
01
01
01
01
01
01
01
01
01
01
01
01
01
01
01
01
01
01
01
01
01
01
01
01
01
01
01
01
01
01
01
01
01
01
01
01
01
01
01
01
01
01
01
01
01
01
01
01
01
01
01
01
01
01
01
01
01
01
01
01
01
01
01
01
01
01
01
01
01
01
01
01
01
01
01
01
01
01
01
01
01
01
01
01
01
01
01
01
01
01
01
01
01
01
01
01
01
01
01
01
01
01
01
01
01
01
01
01
01
01
01
01
01
01
01
01
01
01
01
01
01
01
01
01
01
01
01
01
01
01
01
01
01
01
01
01
01
01
01
01
01
01
01
01
01
01
01
01
01
01
01
01
01
01
01
01
01
01
01
01
01
01
01
01
01
01
01
01
01
01
01
01
01
01
01
01
01
01
01
01
01
01
01
01
01
01
01
01
01
01
01
01
01
01
01
01
01
01
01
01
07
01
01
01
01
01
07
01
01
01
01
01
01
07
07
01
01
01
01
01
01
01
01
01
01
01
07
01
01
01
01
01
01
01
01
01
01
01
01
01
01
01
01
01
01
01
01
01
01
01
01
01
01
01
01
01
01
01
01
01
01
01
01
01
01
01
01
01
01
01
01
01
01
01
01
01
01
01
01
01
01
01
01
01
01
01
01
01
01
01
01
01
01
01
01
01
01
01
01
01
01
01
01
01
01
01
01
01
01
01
01
01
01
01
01
01
01
01
01
01
0C
01
07
0C
07
0C
0C
0C
0C
07
0C
01
0F
10
0F
0C
0C
01
01
0C
0F
0C
0F
0C
0F
0F
0C
0C
0F
0C
0C
0C
0F
0C
0C
07
0C
0C
0C
0C
0C
0C
0C
0C
0C
0C
0F
0C
07
0C
0C
0C
0C
01
01
0C
07
0C
10
0F
0C
0F
0C
0C
0C
10
0F
0C
0F
0C
0C
0C
0F
0C
0C
10
0F
0C
0F
0C
0F
0C
07
0C
01
0C
07
0C
0C
0F
08
0C
10
0F
0C
0F
0C
0F
0C
0F
0F
0C
01
0C
0C
0C
0C
10
0F
0C
0C
0C
10
0F
0C
07
0C
0F
0C
01
0C
0F
0C
0F
0C
0F
0C
10
0F
10
0C
0C
0C
0F
0C
0C
0F
0F
0F
0F
0C
0F
0C
0C
10
0F
0C
0C
10
0F
0C
0F
0C
0C
0C
01
07
0C
01
0C
0C
0C
01
0C
01
0C
0C
07
0C
0C
07
0C
07
0C
07
0C
01
07
0C
07
0C
0C
01
07
01
01
01
01
01
01
01
01
07
01
01
01
01
01
01
01
01
01
01
01
01
01
01
01
01
01
0A
0B
01
01
01
01
0B
01
0B
01
0B
0B
01
01
0B
01
01
01
01
0B
01
01
01
01
01
0B
01
01
01
01
01
01
01
01
01
0B
01
0B
01
01
0B
01
0B
01
0B
01
01
0B
01
0B
01
01
01
01
01
01
01
01
01
01
0A
01
01
01
0B
01
01
0B
0B
0B
0B
01
01
01
0B
01
01
0B
01
01
0B
01
01
0B
0B
01
0B
0B
01
0B
0B
0B
0B
0B
0B
01
01
0B
01
0B
01
0B
01
01
01
01
01
01
01
01
01
01
01
01
01
01
01
01
01
01
01
01
01
01
01
01
01
01
01
01
07
0C
0C
0C
0C
0C
0C
0C
0C
0C
0C
0C
0C
0C
0C
0C
0C
07
0C
0C
0C
0C
0C
0C
0C
0C
0C
0C
0C
0C
0C
0C
0C
0C
0C
0C
0C
0C
0C
0C
01
01
07
01
01
01
01
07
01
01
0009
0192
019B
0004
00A5
0000011C
0006
0009
0000004C
2D
124D
B80019
57
1904
1244
B80019
57
1905
124C
B80019
57
2D
2A
2B
1C
B900460400
C00047
3A08
1908
C60023
1904
1905
05
BD000C
59
03
1906
53
59
04
1907
53
B8004B
1908
BA004E0000
B80048
BF
2A
B0
0000
0004
00A6
0000001E
0007
0000
02C5
0007
02C6
000F
02C7
0017
02C8
0025
02C9
002A
02CA
004A
02CC
00A7
0000005C
0009
0000
004C
00AC
00AD
0000
0000
004C
00AE
00AD
0001
0000
004C
00AF
00B0
0002
0000
004C
0194
0178
0003
0000
004C
0175
0176
0004
0000
004C
0181
00A1
0005
0000
004C
00D1
00AD
0006
0000
004C
00D5
00AD
0007
0025
0027
0195
00A1
0008
00B1
0000002A
0004
0000
004C
00AC
00B3
0000
0000
004C
00AE
00B4
0001
0000
004C
0194
017B
0003
0000
004C
0175
017A
0004
00B5
00000008
0001
FC
004A
07
0047
00B9
00000004
0001
0002
00B6
00000002
019C
00CE
00000025
08
0000
0000
0000
0001
00CF
0000
0001
00CF
0000
0001
00CF
0000
0001
00D3
0000
0001
00D3
0000
