09
0A
07
07
0A
09
07
08
0A
09
0A
09
09
09
09
0A
0A
0A
0B
07
0A
0A
07
0A
08
0A
09
0A
08
0A
08
08
08
07
0A
0A
07
07
07
01
01
01
01
01
01
01
01
01
01
01
03
01
03
01
03
01
07
01
01
01
01
01
01
01
01
01
01
01
01
01
01
01
01
01
01
01
01
01
01
01
01
01
01
01
01
01
01
01
01
01
01
01
01
01
01
01
01
01
01
01
01
01
01
01
0C
07
0C
01
0C
0C
01
01
0C
0C
0C
0C
0C
0C
0C
0C
0C
0C
07
0C
07
01
0C
07
0C
01
0C
01
0C
0C
0C
0C
01
0C
0C
01
01
07
01
07
01
01
01
01
01
01
01
01
01
01
01
01
01
01
01
01
01
01
01
01
01
0009
0046
005E
0001
0044
0000006D
0003
0001
00000029
2A
B60018
B80010
A5000D
BB0007
59
1219
B70009
BF
2A
B6001A
02
A00007
B20006
B0
B2001B
2A
B6001A
32
B0
0000
0003
0045
00000016
0005
0000
1543
000A
1544
0014
1547
001C
1548
0020
154A
0048
0000000C
0001
0000
0029
005F
0060
0000
004E
00000004
0002
14
0B
