0A
09
09
09
0A
0B
0A
0B
09
0A
0A
09
09
09
09
09
09
0A
08
0B
0A
0A
0A
0A
0A
08
0A
08
07
0A
08
0A
08
0A
0A
08
08
0A
08
08
08
08
0A
08
08
08
08
08
08
08
08
08
08
0A
08
08
08
08
08
08
08
08
0A
08
0A
08
08
08
08
08
08
07
07
0A
0B
0A
0A
07
0A
07
0A
07
0A
0A
0A
08
07
0A
0A
0A
0A
08
07
0A
0A
08
07
0A
0A
0A
08
0A
0A
0A
07
0A
07
0A
08
07
0A
0A
0A
08
0A
07
0A
0A
08
0A
07
08
0A
0A
08
0A
0A
0A
0A
0A
08
08
08
08
08
08
08
08
0A
0A
0A
0A
0A
08
08
08
0A
0A
08
0A
08
08
08
08
08
08
08
08
08
08
07
0A
0A
08
0A
08
08
0A
0A
0A
0A
08
0A
08
08
08
08
0A
08
0A
0A
08
08
08
08
0A
07
07
07
01
01
01
01
01
01
01
01
01
01
01
01
01
01
01
01
01
01
01
01
01
01
01
01
01
01
01
01
01
01
07
07
01
01
01
01
01
01
01
01
01
01
01
01
01
01
01
01
01
01
01
01
01
01
01
01
01
01
01
01
07
07
07
07
07
07
07
07
07
01
01
01
01
01
01
01
07
01
01
01
01
01
01
01
01
07
01
01
01
01
01
01
07
07
01
01
01
01
01
01
01
01
01
01
07
07
01
01
01
01
01
01
01
01
01
07
01
01
01
01
01
01
01
01
01
01
01
01
01
01
01
01
01
01
01
0C
0C
0C
0C
0C
07
0C
07
0C
07
0C
0C
07
0C
07
0C
0C
0C
0C
0C
0C
0C
0C
01
07
0C
0C
07
0C
0C
01
07
0C
01
01
07
0C
01
0C
01
0C
0C
01
01
0C
01
01
01
01
0C
01
01
01
01
01
01
01
01
01
01
0C
01
01
01
01
01
01
01
01
0C
01
0C
01
01
01
01
01
01
01
01
0C
0C
0C
0C
01
0C
01
0C
01
0C
0C
0C
01
01
0C
0C
0C
0C
01
01
01
01
0C
0C
01
0C
0C
01
01
01
01
0C
01
0C
01
01
0C
01
01
0C
0C
01
07
0C
0C
0C
0C
01
01
01
01
01
01
01
01
0C
0C
0C
01
01
01
0C
0C
01
0C
01
01
01
01
01
01
01
01
01
01
01
01
01
01
0C
01
0C
01
01
01
01
0C
01
0C
0C
01
01
01
01
0C
01
01
01
01
01
01
01
01
01
01
01
01
01
01
01
01
01
01
01
01
01
01
01
01
01
01
01
01
01
01
01
01
01
01
01
01
01
01
01
01
01
01
01
01
01
01
01
01
01
01
01
01
01
01
01
01
01
01
01
01
01
01
01
01
01
01
01
01
01
01
01
01
01
01
01
01
01
01
01
01
01
01
01
0002
0114
0115
0002
00D1
00000110
0006
0007
0000005C
2C
4E
2C
B60019
3A04
2A
B4000E
130069
B60053
C00069
3A05
1905
2C
B6006A
1905
2B
C0006B
B6006C
1905
126D
13006E
2C
01
03
B8001E
B6006F
1905
B60070
3606
1905
B60071
08
A0000E
2A
B4000E
1905
B6005B
04
AC
2A
B4000E
1905
B6005B
03
AC
0000
0003
00D2
00000032
000C
0000
0101
0002
0102
0008
0104
0017
0105
001D
0106
0026
0108
0036
0109
003D
010A
0046
010B
004F
010C
0051
010E
005A
010F
00D3
00000048
0007
0000
005C
00D4
00D5
0000
0000
005C
0110
0116
0001
0000
005C
00F9
00ED
0002
0002
005A
00EC
00ED
0003
0008
0054
00F4
00F5
0004
0017
0045
0117
0118
0005
003D
001F
0119
0109
0006
00DB
0000001C
0001
FF
0051
0007
07
00FA
07
011A
07
00FD
07
00FD
07
0101
07
011B
01
0000
0103
00000004
0001
0048
