0A
07
08
0A
07
08
0A
0A
09
09
0A
09
07
0A
0A
0A
0A
0A
09
0A
0B
07
08
0A
08
08
0A
0A
0A
0A
0A
08
0A
0A
07
09
0B
07
08
0A
08
0A
08
08
0A
07
0A
07
01
01
01
05
01
01
01
01
01
01
01
01
01
01
01
01
01
01
01
01
01
01
01
01
01
01
01
01
07
01
01
01
01
01
01
01
01
01
01
01
01
01
01
01
01
01
01
01
01
01
01
01
01
01
01
07
07
07
07
07
01
01
01
01
01
01
01
01
01
01
0C
01
01
0C
01
01
0C
0C
07
0C
0C
07
0C
0C
01
0C
0C
0C
0C
0C
0C
07
0C
01
01
0C
01
01
07
0C
07
0C
0C
0C
0C
01
0C
0C
01
0C
07
0C
01
01
01
0C
01
01
0C
01
07
0C
01
01
01
01
01
01
01
01
01
01
01
01
01
01
01
01
01
01
01
01
01
01
01
01
01
01
01
01
01
01
01
01
01
01
01
01
0001
0043
004A
0001
0045
00000047
0002
0002
0000000B
2A
B70001
2A
2B
B60004
57
B1
0000
0002
0046
0000000E
0003
0000
0043
0004
0044
000A
0045
0047
00000016
0002
0000
000B
0048
0049
0000
0000
000B
003E
0037
0001
