09
0A
08
0A
08
08
0A
0A
12
0A
07
12
0A
08
08
12
07
08
08
08
12
12
12
08
12
07
12
07
12
08
12
0A
12
07
12
0A
0A
12
0B
12
12
12
12
12
0A
07
0A
0A
0A
07
07
07
01
01
01
01
01
01
01
01
01
01
01
01
01
01
01
01
01
01
01
01
01
01
01
01
01
01
01
01
01
01
01
01
01
01
01
01
01
01
01
01
01
01
01
01
01
01
01
01
01
01
01
01
01
01
01
01
01
01
01
01
01
01
01
01
01
01
0C
0C
01
07
0C
01
01
0C
07
0C
01
0F
10
0F
10
0C
07
0C
01
10
0F
10
0C
0C
01
01
0F
10
01
01
01
01
0F
0F
0F
01
0F
10
01
0F
01
0F
01
10
0F
10
0C
0C
0F
0F
10
0C
0C
10
0F
10
0C
07
0C
0F
0F
0F
0F
0F
0C
01
0C
0C
0C
01
01
01
01
01
01
01
01
01
01
01
01
0A
01
0B
01
01
07
01
01
01
01
01
01
0B
01
07
01
01
01
0B
01
0B
0B
0B
0B
01
0B
0B
01
0B
01
07
01
01
01
0B
0B
01
01
01
01
01
01
01
0A
01
01
01
01
01
01
0B
0B
0B
0B
0B
01
01
01
01
07
0C
07
0C
01
0C
01
0C
0C
0C
0C
0C
0C
0C
0C
01
0C
0C
07
0C
0C
0C
0C
0C
0C
01
01
07
01
01
01
01
01
01
01
01
01
01
01
01
01
01
01
01
01
01
01
01
01
01
01
01
01
01
07
01
01
0081
0040
0041
0002
003A
00000071
0004
0003
00000027
2B
1203
B80004
2C
1205
B80004
2C
1206
B80007
2A
B40001
B60008
BA00090000
2B
2C
B6000A
C0000B
B0
0000
0002
003B
00000012
0004
0000
0036
0006
0037
000C
0038
0012
003A
003C
00000020
0003
0000
0027
003D
003E
0000
0000
0027
0042
0043
0001
0000
0027
0044
0045
0002
003F
00000009
02
0042
0000
0044
0000
