0A
07
0A
07
0A
07
0A
0A
09
0A
0A
0A
0A
07
07
0B
09
0A
0A
0B
0A
0A
0B
0B
0B
0B
07
0B
07
0B
0A
0A
0A
07
07
07
01
01
01
01
01
01
01
01
01
01
01
01
01
01
01
01
01
01
01
01
01
01
01
01
01
01
01
01
01
01
01
01
01
01
01
01
01
01
01
01
07
07
01
01
01
01
01
01
01
01
0C
01
0C
01
01
0C
0C
0C
07
0C
0C
07
01
01
0C
0C
07
0C
0C
07
0C
0C
0C
0C
07
0C
07
0C
0C
01
0C
01
0C
0C
0C
0C
01
01
01
01
01
01
01
01
01
01
01
01
01
01
01
01
01
01
01
01
01
01
01
01
01
01
01
01
01
01
01
01
01
01
01
01
01
1041
003D
0051
0001
0027
00000030
0002
0002
00000006
2A
2B
B60020
B0
0000
0002
0028
00000006
0001
0000
001A
0029
0000000C
0001
0000
0006
002A
002B
0000
