08
0A
07
0A
09
09
0B
0B
0B
0B
0B
07
0A
07
07
08
08
08
08
0A
0A
0A
0A
0A
0A
07
07
01
01
01
01
01
01
01
01
01
01
01
01
01
01
01
01
01
01
01
01
01
01
01
01
01
07
01
01
01
01
01
01
01
01
07
01
01
01
01
01
01
01
0C
01
0C
0C
0C
07
0C
0C
0C
07
0C
0C
01
0C
01
01
01
01
01
01
0C
0C
0C
0C
0C
0C
01
01
01
01
01
01
01
01
01
01
01
01
01
01
01
01
01
01
01
0001
002B
002C
0001
0024
0000005E
0002
0002
00000019
2A
B40005
2B
B900070200
9A000E
2A
B40005
2B
B900080200
57
B1
0000
0003
0025
0000000E
0003
0000
0026
000D
0027
0018
0029
0026
00000016
0002
0000
0019
0027
0028
0000
0000
0019
002D
002E
0001
002F
00000003
0001
18
