0A
0A
07
0A
09
0B
08
07
0A
0B
05
05
0A
0A
0B
0A
0A
08
0B
0B
0B
0B
07
09
0A
07
0A
01
01
01
01
01
01
01
03
01
01
01
01
01
01
01
01
01
01
01
01
01
01
07
01
01
01
01
01
01
01
01
01
01
01
01
01
07
01
01
01
01
01
01
01
01
07
01
01
01
01
01
0C
0C
01
0C
0C
07
0C
01
01
07
0C
0C
07
0C
07
0C
0C
0C
07
0C
01
0C
07
0C
07
0C
0C
01
0C
0C
01
07
0C
01
01
01
01
01
01
01
01
01
01
01
01
01
01
01
01
01
01
01
01
01
01
01
01
01
01
01
01
01
01
01
01
01
01
0009
002D
002E
0002
0028
0000003B
0004
0002
00000007
2A
2B
09
B80002
AC
0000
0002
0029
00000006
0001
0000
0025
002A
00000016
0002
0000
0007
002F
0030
0000
0000
0007
0031
0032
0001
0033
00000004
0001
0034
