0A
09
09
07
0B
12
0B
07
0A
0A
0A
0A
0A
07
0A
08
0A
0A
08
08
0A
07
0A
0B
0A
0A
12
07
0A
0A
07
07
01
01
01
01
01
01
01
01
01
01
01
01
01
01
01
01
01
01
01
01
01
01
01
01
01
01
01
01
01
01
01
01
01
01
01
01
01
01
01
01
01
07
07
01
01
01
01
01
01
01
01
01
01
01
01
01
01
01
01
01
01
01
01
01
01
01
01
01
01
01
0C
0C
0C
01
07
0C
01
0F
10
0F
10
0C
07
0C
01
0C
0C
0C
0C
0C
01
01
0C
0C
01
01
0C
01
07
0C
0C
07
0C
07
0C
0F
10
0C
01
0C
07
0C
01
01
01
01
01
0A
01
0A
01
01
01
01
01
01
01
01
01
01
01
01
01
01
01
01
01
01
0A
01
01
01
01
01
01
07
0C
0C
0C
01
01
07
01
01
01
07
01
01
1002
0056
0057
0002
0029
000000A1
0003
0005
00000025
2C
1216
B80017
4E
2B
2D
B900180100
B80019
B8001A
3A04
2D
2A
1904
BA001B0000
B900070200
B1
0000
0003
002A
0000001E
0007
0000
0023
0003
0024
0007
0025
0009
0027
0011
0026
0016
0028
0024
002D
002B
00000034
0005
0000
0025
002C
002D
0000
0000
0025
0058
0059
0001
0000
0025
005A
0043
0002
0007
001E
005B
0034
0003
0016
000F
005C
005D
0004
002E
0000000C
0001
0007
001E
005B
005E
0003
002F
00000009
02
0058
1000
005A
1000
