0A
09
09
07
0B
12
0B
07
0A
0A
0A
0A
0A
07
0A
08
0A
0A
08
08
0A
07
0A
0B
0A
0A
12
07
0A
0A
07
07
01
01
01
01
01
01
01
01
01
01
01
01
01
01
01
01
01
01
01
01
01
01
01
01
01
01
01
01
01
01
01
01
01
01
01
01
01
01
01
01
01
07
07
01
01
01
01
01
01
01
01
01
01
01
01
01
01
01
01
01
01
01
01
01
01
01
01
01
01
01
0C
0C
0C
01
07
0C
01
0F
10
0F
10
0C
07
0C
01
0C
0C
0C
0C
0C
01
01
0C
0C
01
01
0C
01
07
0C
0C
07
0C
07
0C
0F
10
0C
01
0C
07
0C
01
01
01
01
01
0A
01
0A
01
01
01
01
01
01
01
01
01
01
01
01
01
01
01
01
01
01
0A
01
01
01
01
01
01
07
0C
0C
0C
01
01
07
01
01
01
07
01
01
0001
0038
0039
0002
0029
0000003E
0002
0002
00000006
2A
2B
B50003
B1
0000
0002
002A
0000000A
0002
0000
0032
0005
0033
002B
00000016
0002
0000
0006
002C
002D
0000
0000
0006
0021
0022
0001
002F
00000005
01
0021
0000
