0A
07
0A
09
07
07
0A
0A
07
0A
0A
0B
0A
0B
12
0A
07
12
07
07
0A
08
0A
0A
0A
0A
07
0A
07
0A
08
0A
0A
0A
0A
0A
07
01
01
01
03
01
03
01
01
01
01
01
01
01
01
01
01
01
01
01
01
01
01
01
01
01
07
01
01
01
01
01
01
07
01
01
01
01
01
01
01
01
01
01
01
01
01
01
01
01
01
01
0C
01
0C
0C
01
01
0C
0C
01
07
0C
0C
07
0C
07
0C
07
0C
01
0F
10
0F
10
0C
0C
01
0F
10
01
01
01
0C
0C
0C
0C
01
07
0C
01
07
0C
01
0C
0C
0C
0C
01
01
01
01
01
01
01
01
01
01
01
01
01
01
01
01
01
01
0A
01
0A
01
01
07
01
01
01
01
01
0A
01
01
01
01
01
01
01
01
01
01
01
01
01
01
01
01
07
0C
01
0C
01
01
07
01
01
07
01
01
100A
0051
0052
0001
0032
00000032
0002
0001
00000008
BB0009
59
B70024
B0
0000
0002
0033
00000006
0001
0000
0034
0034
0000000C
0001
0000
0008
0053
0027
0000
