0A
09
09
09
09
09
09
09
09
09
0A
07
0A
07
0A
07
0A
08
0A
08
0A
08
08
08
08
08
08
08
08
08
08
0A
08
0A
08
0A
09
0A
07
08
0A
0A
0A
0A
0B
0B
0B
07
09
0B
0A
08
0A
0A
07
0A
08
08
0A
08
0A
08
08
08
08
08
08
08
08
08
08
08
08
08
08
0A
0A
0A
07
0A
0A
08
07
01
01
01
01
01
01
01
01
01
01
01
01
01
01
01
01
01
01
01
01
01
01
01
01
01
01
01
01
01
01
01
01
01
01
01
01
01
01
01
01
01
01
01
01
01
01
03
01
01
01
01
01
01
01
01
01
01
01
01
01
01
01
01
01
01
01
01
01
01
01
01
01
01
01
01
01
01
01
01
01
01
01
01
01
01
01
01
01
01
01
01
01
01
01
01
01
01
01
01
01
01
01
01
01
01
01
01
01
01
01
01
07
07
01
07
01
01
01
01
01
01
0C
0C
0C
0C
0C
0C
0C
0C
0C
0C
0C
01
07
0C
01
0C
01
01
0C
01
0C
01
01
01
01
01
01
01
01
01
01
0C
01
01
0C
0C
0C
01
01
0C
0C
07
0C
0C
0C
0C
07
01
0C
0C
0C
01
01
0C
01
07
0C
01
01
01
01
01
01
01
01
07
0C
07
0C
0C
01
0C
01
01
01
01
01
01
01
01
01
01
01
01
01
01
01
01
01
01
01
01
01
01
01
01
01
01
01
01
01
01
01
01
01
01
01
01
01
01
01
0001
008D
0085
0001
0075
0000003E
0002
0002
00000006
2A
2B
B50004
B1
0000
0002
0076
0000000A
0002
0000
009C
0005
009D
0077
00000016
0002
0000
0006
0078
0079
0000
0000
0006
0060
0057
0001
