0A
09
07
08
0A
0A
09
0B
0A
09
0A
09
07
07
0A
08
0A
0A
0A
0A
09
0A
09
0A
08
0A
0A
09
08
08
07
0A
07
01
01
01
01
01
01
01
01
01
01
01
01
01
01
01
01
01
01
01
01
01
01
01
01
01
01
07
01
01
01
01
01
0C
0C
01
01
0C
07
0C
0C
07
0C
0C
0C
0C
0C
01
01
01
0C
0C
0C
0C
07
0C
07
0C
07
0C
07
0C
01
0C
0C
0C
01
01
01
01
01
01
01
01
01
01
01
01
01
01
01
01
01
01
01
01
01
01
01
01
01
01
01
01
01
01
01
01
01
01
01
01
01
0009
0031
0032
0001
002D
0000001C
0001
0000
00000004
B20002
B0
0000
0001
002E
00000006
0001
0000
0028
