0A
0A
09
0A
0A
0B
07
0A
0B
07
0A
07
0A
07
0A
07
07
07
07
01
01
01
01
01
01
01
01
07
01
01
01
01
01
07
01
01
01
01
01
01
01
01
07
01
07
01
01
01
01
01
07
01
01
01
01
01
07
01
01
01
01
07
01
01
01
01
01
01
0C
0C
0C
0C
07
0C
07
0C
07
01
01
0C
07
0C
07
01
0C
01
0C
01
0C
01
01
01
01
01
01
01
01
01
01
01
01
01
01
01
01
01
01
01
01
01
01
01
01
01
01
01
01
01
01
01
01
0001
002C
0030
0002
0018
0000006B
0005
0003
00000021
2A
B40003
B80004
B60005
04
B900060200
C00007
2B
2C
B8000B
B900090500
C0000C
B0
0000
0002
0019
00000012
0004
0000
428D
0004
428E
0015
4291
0018
428D
001A
00000020
0003
0000
0021
001B
0020
0000
0000
0021
0026
0027
0001
0000
0021
0028
0031
0002
002A
00000004
0001
002B
