0B
07
0A
0B
0B
0B
0B
0A
12
0A
07
07
0A
12
12
12
12
0A
12
0A
0B
12
0A
08
0A
0B
0B
0B
0B
0B
0B
0B
0B
08
0B
12
08
0B
08
0B
0B
08
0B
07
08
0B
08
12
12
0B
0B
08
12
12
0B
0B
12
12
08
12
08
12
08
08
08
0B
07
0A
08
0A
0A
08
08
12
12
12
12
12
12
08
07
0A
0B
09
0B
12
0B
0B
12
0B
12
07
0A
08
12
12
12
12
0B
0B
12
0B
08
12
12
12
12
12
12
12
08
08
08
12
0B
12
0B
12
12
07
0B
0B
0B
0B
07
0A
0B
0B
0B
07
0B
07
0B
0B
0B
0B
0B
07
07
0B
07
07
07
07
01
01
01
01
01
01
01
01
01
01
01
01
01
01
01
01
01
01
01
01
01
01
01
01
01
01
01
01
01
01
01
01
01
01
01
01
01
01
01
01
01
01
01
01
01
01
01
01
01
01
01
01
01
01
01
01
01
01
01
01
01
01
01
01
01
01
01
01
01
01
01
01
01
01
01
01
01
01
01
01
01
01
01
01
01
01
01
01
01
01
01
01
01
01
01
01
01
01
01
01
01
01
01
01
01
01
01
01
01
01
01
01
01
01
01
01
01
01
01
01
01
01
01
01
01
01
01
01
01
01
01
01
01
01
01
01
01
01
01
01
01
01
01
01
01
01
01
01
01
01
01
01
01
01
01
01
01
01
01
01
01
01
01
01
01
01
01
01
01
01
01
01
01
01
01
01
01
01
01
01
01
01
01
01
01
01
01
01
01
01
01
01
01
01
01
01
01
01
01
01
01
01
01
01
01
01
01
01
01
01
01
01
01
01
01
01
01
01
01
01
01
01
01
01
01
01
01
01
01
01
01
01
01
01
01
01
01
01
01
01
01
01
01
01
01
01
01
01
01
01
01
01
01
01
01
01
01
01
01
01
01
01
01
01
01
01
01
01
01
01
01
01
01
01
01
01
01
01
01
01
01
01
01
01
01
01
01
01
01
01
01
01
01
01
01
01
01
01
01
01
01
01
01
01
01
01
01
01
01
01
01
01
01
01
01
01
07
01
01
01
01
01
01
01
01
07
07
01
01
01
01
01
01
01
01
01
01
07
01
01
01
01
01
01
01
01
01
01
01
01
01
01
01
01
01
01
01
01
01
01
01
01
01
01
01
01
01
01
01
01
01
01
01
01
01
01
01
01
01
01
01
01
01
01
01
01
01
01
01
01
01
01
01
01
01
01
01
01
01
01
01
01
01
01
01
01
01
01
01
01
01
01
01
01
01
01
01
01
01
01
01
01
01
01
01
01
01
01
01
01
0C
01
07
0C
07
0C
0C
0C
0C
07
0C
01
0F
10
0F
0C
0C
01
01
0C
0F
0C
0F
0C
0F
0F
0C
0C
0F
0C
0C
0C
0F
0C
0C
07
0C
0C
0C
0C
0C
0C
0C
0C
0C
0C
0F
0C
07
0C
0C
0C
07
0C
01
01
0C
10
0F
0C
0F
0C
0C
0C
0F
0F
0C
0C
0F
0C
10
0F
0C
0F
0C
0F
0C
07
0C
01
0C
07
0C
0C
0F
08
0C
10
0F
0C
0F
0C
0F
0C
0F
0F
01
0C
0C
0C
0C
0F
0C
0C
0C
0F
0C
07
0C
0F
0C
01
0C
0F
0C
0F
0C
0F
10
0F
10
0C
0C
0C
0F
0C
0C
0F
0F
0F
0F
0C
0F
0F
0F
0F
0C
0C
10
0F
0C
0C
10
0F
0C
0F
0C
01
0C
0C
0C
0C
01
07
0C
0C
0C
0C
01
0C
01
0C
0C
0C
07
0C
07
0C
01
01
0C
07
01
01
01
01
07
01
01
01
01
01
01
01
01
01
01
01
01
01
01
01
0A
0B
01
01
01
01
0B
01
0B
01
0B
0B
01
01
0B
01
01
01
01
01
0B
01
01
01
01
01
0B
01
01
01
01
01
01
0B
01
0B
01
0B
0B
0B
01
01
0B
01
0B
01
01
01
01
01
01
01
01
01
01
0A
01
01
01
0B
01
01
0B
0B
0B
0B
01
01
01
0B
0B
01
01
0B
01
01
0B
0B
01
0B
01
0B
01
0B
0B
0B
0B
0B
0B
0B
0B
0B
01
01
0B
01
01
0B
01
0B
01
01
01
01
01
01
01
01
01
01
01
01
01
01
01
01
01
01
01
01
01
07
0C
0C
0C
0C
0C
0C
0C
0C
0C
0C
0C
0C
0C
0C
0C
0C
07
0C
0C
0C
0C
0C
0C
0C
0C
0C
0C
0C
0C
0C
0C
0C
0C
0C
0C
0C
0C
0C
0C
0C
0C
0C
01
01
07
01
01
01
01
07
01
01
100A
0217
0098
0002
0099
00000040
0001
0003
00000002
1C
AC
0000
0002
009A
00000006
0001
0000
032E
009B
00000020
0003
0000
0002
014F
00A1
0000
0000
0002
0213
00A1
0001
0000
0002
0214
00A1
0002
00A6
00000004
0001
0002
