0A
07
0C
01
01
01
09
07
0C
01
01
01
09
0C
01
01
09
0C
01
09
0C
01
01
09
0C
01
01
09
0C
01
01
09
0C
01
09
0C
01
01
0A
0C
01
01
0A
0C
01
01
0A
0C
01
01
0A
0C
01
0A
0C
01
01
0A
0C
01
01
0A
0C
01
0A
0C
01
01
0A
0C
01
01
0A
0C
01
0A
0C
01
01
12
0C
01
01
01
01
01
01
01
01
01
01
01
01
01
01
01
01
01
01
01
01
01
01
01
01
01
01
01
01
01
01
01
01
01
01
01
01
01
01
01
01
01
01
01
01
01
01
01
01
01
01
01
01
01
0F
0A
07
0C
01
01
08
01
01
07
01
07
01
01
0001
0005
0006
0001
0054
0000002F
0001
0001
00000005
2A
B70001
B1
0000
0002
0055
00000006
0001
0000
0009
0056
0000000C
0001
0000
0005
0057
0058
0000
