0A
09
12
12
0A
0B
09
07
0B
0B
07
08
07
0A
0A
0A
07
07
07
01
01
01
01
01
01
01
01
01
01
01
01
01
01
01
01
01
01
01
01
01
01
01
01
01
01
01
01
01
01
01
01
07
01
01
01
01
01
01
01
01
01
01
07
01
01
01
01
01
01
0C
0C
01
0F
10
0F
10
0C
10
0F
10
0C
0C
0C
0C
07
01
0C
07
0C
01
01
01
07
0C
07
0C
07
0C
01
07
01
01
07
01
01
01
0A
01
0A
01
01
01
01
0A
01
01
01
01
01
01
01
01
01
01
01
01
01
01
01
01
01
01
01
01
01
01
07
0C
0C
0C
01
01
07
01
01
07
01
01
0001
002B
002C
0003
001C
0000007C
0007
0005
00000018
2A
2B
28
1504
BA00030000
2A
2B
28
1504
BA00040000
B60005
B0
0000
0003
001D
00000006
0001
0000
005C
001E
0000002A
0004
0000
0018
001F
0021
0000
0000
0018
002D
002E
0001
0000
0018
002F
0030
0002
0000
0018
0031
0032
0004
0026
00000016
0002
0000
0018
001F
0027
0000
0000
0018
002D
0033
0001
0016
00000002
0036
0037
00000006
0001
0038
0000
