09
12
0A
09
0A
07
0A
0B
0A
08
0A
09
07
08
0A
0A
12
0A
0A
12
0A
09
07
09
0B
07
0B
07
12
0B
0A
0A
07
0B
0A
0B
07
07
0A
0A
07
08
0A
12
07
01
01
01
01
01
01
01
01
01
01
01
01
01
01
01
01
01
01
01
01
01
01
01
01
01
01
01
01
01
01
01
01
01
01
01
01
01
01
01
01
01
01
01
01
01
07
01
01
01
01
01
01
01
01
01
01
01
01
01
01
01
01
01
01
01
01
01
01
01
01
01
01
01
01
01
01
01
01
01
01
01
01
01
01
01
01
01
01
01
01
01
01
0C
01
0F
10
0F
10
0C
0C
0C
0C
01
0C
07
0C
0C
07
0C
0C
01
01
0C
0C
10
0F
0C
0C
0C
0F
0C
0C
01
0C
07
0C
01
0C
10
0F
0C
0C
0C
0C
01
0C
0C
0C
01
01
07
0C
07
0C
01
01
0F
0C
07
01
07
01
0A
0A
01
01
01
01
01
01
01
01
01
01
01
01
01
0A
01
01
01
01
01
01
0A
01
01
01
01
01
01
01
01
01
01
0A
01
01
01
01
01
01
01
01
01
01
01
01
01
0A
01
01
07
0C
0C
0C
0C
0C
0C
01
01
07
01
01
07
01
01
0001
0038
0039
0003
003A
0000006A
0003
0002
00000012
2A
B20001
BA00020000
B70003
2A
2B
B50004
B1
0000
0003
003B
0000000E
0003
0000
0041
000C
0043
0011
0044
003C
00000016
0002
0000
0012
003D
003E
0000
0000
0012
002E
002F
0001
003F
00000016
0002
0000
0012
003D
0040
0000
0000
0012
002E
0031
0001
0030
00000002
0041
0042
00000007
01
0001
0035
0000
