08
0B
0A
0B
0A
0B
0A
0B
0A
0B
0A
0B
0A
0B
09
0A
0B
0A
0A
0A
0A
0A
08
0B
0B
0B
0B
07
0B
07
07
0A
0A
0A
09
0B
0A
0A
0A
07
0A
12
12
09
12
09
12
09
12
09
12
09
12
09
12
09
12
09
12
09
12
09
07
0A
09
07
07
01
01
07
01
07
01
07
01
07
01
01
01
01
01
01
01
01
01
01
01
01
01
01
01
01
01
01
01
01
01
01
01
01
01
01
01
01
01
01
01
01
01
01
01
01
01
01
01
01
01
01
01
01
01
01
01
01
01
01
01
01
01
01
01
01
01
01
01
01
01
01
01
01
01
01
01
01
01
01
01
01
01
01
01
01
01
01
01
01
01
01
01
01
01
01
01
01
01
01
01
01
01
01
01
01
01
01
01
01
01
01
01
01
01
01
01
01
01
01
01
01
01
01
01
01
01
01
01
01
01
01
01
01
01
01
01
01
01
01
01
01
01
01
01
01
01
01
07
01
01
01
07
01
01
01
01
01
01
01
01
01
01
01
01
01
01
07
01
01
01
01
01
01
01
01
01
01
0C
07
0C
0C
07
0C
0C
07
0C
0C
07
0C
0C
07
0C
0C
07
0C
0C
0C
0C
0C
07
0C
0C
07
0C
07
0C
07
0C
01
07
0C
0C
0C
0C
01
0C
01
01
0C
07
0C
0C
0C
0C
0C
07
0C
0C
01
0C
01
0F
10
0F
0C
0F
10
0C
0F
10
0C
0F
10
0C
0F
10
0C
0F
10
0C
0F
0C
0F
10
0C
0F
10
0C
0F
10
0C
10
0F
0C
0C
01
0C
0C
01
01
01
01
01
01
01
01
01
01
01
01
01
01
01
01
01
01
01
01
01
01
01
01
01
01
01
01
01
01
01
01
01
01
01
01
01
01
01
01
01
01
01
01
01
01
01
01
01
01
01
01
01
01
01
01
01
01
01
01
0A
0B
01
0B
0B
0B
0B
0B
0B
0B
0B
0B
0B
01
07
0C
0C
0C
0C
0C
0C
0C
0C
0C
0C
0C
0C
01
01
07
01
01
07
01
01
0401
006C
0099
0001
006E
00000005
01
0082
0000
