0A
09
07
08
0A
08
09
0A
09
09
0A
09
09
09
04
0A
0B
0A
0A
0B
0A
0A
0B
0B
0A
0A
0A
0A
0A
0A
0A
0B
0A
0B
09
0A
0A
0A
07
0A
07
0A
0A
0A
07
07
07
0A
0A
07
0A
07
0A
0A
0A
0A
0A
0A
07
07
07
07
07
01
01
01
01
01
01
05
01
01
03
01
01
01
01
01
01
01
01
01
01
01
01
07
01
01
01
01
01
01
01
01
01
01
01
07
07
01
01
01
01
01
01
01
01
01
01
01
01
01
01
01
01
01
07
01
01
01
01
01
01
01
01
01
01
01
01
01
01
01
01
01
01
01
01
01
01
01
01
01
01
01
01
01
01
01
01
01
01
01
01
01
01
01
01
01
01
07
01
01
01
01
01
01
01
01
01
07
01
01
01
01
01
01
01
07
01
01
01
07
07
01
01
01
01
01
0C
0C
01
01
0C
01
0C
07
0C
0C
0C
0C
0C
0C
0C
0C
07
0C
0C
0C
07
0C
0C
07
0C
0C
0C
0C
07
0C
0C
07
0C
0C
0C
0C
0C
0C
0C
0C
0C
07
0C
01
0C
01
07
0C
0C
07
0C
01
01
01
07
07
0C
07
0C
0C
07
0C
0C
0C
01
01
01
01
01
07
01
01
01
01
01
01
01
01
01
01
01
01
01
01
01
01
01
01
01
01
01
01
01
01
01
01
01
01
01
01
01
01
01
01
01
01
01
01
01
01
01
01
01
0001
005A
0065
0001
005C
0000004B
0004
0003
00000009
2A
1B
120F
2C
B70010
B1
0000
0002
005D
0000000A
0002
0000
006C
0008
006D
005E
00000020
0003
0000
0009
005F
0060
0000
0000
0009
0061
0052
0001
0000
0009
0056
0059
0002
