0A
0A
09
09
09
0A
0A
09
0A
07
0A
0A
0B
0B
0B
0B
12
0A
0A
07
07
07
07
07
01
01
01
05
01
01
01
01
01
01
01
01
01
01
01
01
01
01
01
01
01
01
01
01
01
01
01
01
01
01
01
01
01
01
01
01
01
01
01
01
01
01
07
01
01
01
01
07
01
01
01
01
01
07
01
01
01
01
01
01
01
01
07
01
01
07
01
01
01
01
01
01
01
01
01
01
01
01
01
01
0C
0C
0C
0C
0C
07
0C
07
0C
0C
0C
01
07
0C
07
0C
07
0C
0C
07
0C
0C
01
0F
08
0C
0C
0C
01
01
01
01
01
01
01
07
01
01
01
01
01
01
01
01
01
01
01
01
01
01
01
01
01
01
01
01
01
01
0A
01
01
01
01
07
0C
01
07
01
01
07
01
01
0001
003F
0040
0005
0025
0000005F
0003
0002
0000001F
2B
2A
B40003
B9000D0300
2B
2A
B40004
B9000E0200
2B
2A
B40005
B9000D0300
B1
0000
0002
0026
00000012
0004
0000
006D
000A
006E
0014
006F
001E
0070
0027
00000016
0002
0000
001F
0028
0029
0000
0000
001F
0041
0042
0001
0043
00000004
0001
0044
002A
00000005
01
0041
0010
003C
00000009
0001
16
00
00
003D
0000
003E
00000007
01
0001
003D
0000
