0A
09
07
08
0A
08
09
0A
09
09
0A
09
09
09
04
0A
0B
0A
0A
0B
0A
0A
0B
0B
0A
0A
0A
0A
0A
0A
0A
0B
0A
0B
09
0A
0A
0A
07
0A
07
0A
0A
0A
07
07
07
0A
0A
07
0A
07
0A
0A
0A
0A
0A
0A
07
07
07
07
07
01
01
01
01
01
01
05
01
01
03
01
01
01
01
01
01
01
01
01
01
01
01
07
01
01
01
01
01
01
01
01
01
01
01
07
07
01
01
01
01
01
01
01
01
01
01
01
01
01
01
01
01
01
07
01
01
01
01
01
01
01
01
01
01
01
01
01
01
01
01
01
01
01
01
01
01
01
01
01
01
01
01
01
01
01
01
01
01
01
01
01
01
01
01
01
01
07
01
01
01
01
01
01
01
01
01
07
01
01
01
01
01
01
01
07
01
01
01
07
07
01
01
01
01
01
0C
0C
01
01
0C
01
0C
07
0C
0C
0C
0C
0C
0C
0C
0C
07
0C
0C
0C
07
0C
0C
07
0C
0C
0C
0C
07
0C
0C
07
0C
0C
0C
0C
0C
0C
0C
0C
0C
07
0C
01
0C
01
07
0C
0C
07
0C
01
01
01
07
07
0C
07
0C
0C
07
0C
0C
0C
01
01
01
01
01
07
01
01
01
01
01
01
01
01
01
01
01
01
01
01
01
01
01
01
01
01
01
01
01
01
01
01
01
01
01
01
01
01
01
01
01
01
01
01
01
01
01
01
01
1041
009A
00BA
0001
005C
0000002F
0001
0001
00000005
2A
B60035
B0
0000
0002
005D
00000006
0001
0000
003F
005E
0000000C
0001
0000
0005
005F
0060
0000
