0A
09
09
03
09
03
09
03
09
03
03
0A
0A
0A
0A
07
07
07
0A
07
0B
07
0B
0A
07
0A
0A
08
0A
0A
0A
0A
0A
0A
07
07
07
01
01
01
01
01
03
01
01
01
01
01
01
01
01
01
01
01
01
01
01
01
01
01
01
01
01
07
01
01
01
01
01
01
01
01
01
01
01
01
01
01
01
01
01
01
01
01
01
01
01
01
01
01
01
01
01
07
01
01
01
01
01
01
01
01
07
01
01
01
01
01
01
01
01
01
0C
0C
0C
0C
0C
0C
0C
0C
0C
0C
07
01
01
01
07
01
0C
01
0C
07
0C
01
0C
01
0C
0C
0C
0C
0C
0C
01
01
07
01
01
01
01
01
01
01
01
01
01
01
01
01
0001
0055
0056
0001
0037
00000052
0003
0005
0000000C
2A
B40003
42
2A
1F
B50003
21
AD
0000
0002
0038
0000000E
0003
0000
033C
0005
033D
000A
033E
0039
00000020
0003
0000
000C
003A
0032
0000
0000
000C
002E
002D
0001
0005
0007
0057
002D
0003
