0A
0A
0A
09
09
09
07
07
08
0A
07
0A
08
0A
0A
08
08
0A
08
0A
07
07
01
01
01
01
01
01
01
01
01
01
01
01
01
01
01
01
01
01
01
01
01
01
01
01
01
01
01
01
01
01
01
01
01
01
07
01
01
01
01
01
01
0C
0C
0C
0C
0C
07
01
01
01
0C
01
01
0C
0C
01
01
0C
01
0C
01
01
01
01
01
01
01
01
01
0001
0036
0035
0001
0020
00000054
0001
0001
0000000D
2A
B40006
9A0007
04
A70004
03
AC
0000
0004
0021
00000006
0001
0000
0053
0022
0000000C
0001
0000
000D
0023
0026
0000
0027
0000000C
0001
0000
000D
0023
0028
0000
0032
00000005
0002
0B
40
01
