07
01
07
01
01
01
01
01
01
01
01
01
01
01
01
01
01
01
01
01
01
01
01
01
01
01
01
01
03
01
03
01
03
01
03
01
03
01
03
01
03
01
03
01
03
01
03
01
01
03
01
03
01
01
01
01
03
01
01
01
01
01
03
01
03
01
01
01
01
01
01
01
01
01
01
01
07
01
0A
0C
01
01
09
0C
09
0C
07
01
08
01
08
01
08
01
08
01
08
01
08
01
08
01
08
01
08
01
08
01
08
01
08
01
08
01
08
01
08
01
08
01
08
01
08
01
08
01
08
01
08
01
08
01
08
01
08
01
08
01
08
01
08
01
08
01
08
01
08
01
08
01
08
01
08
01
08
01
08
01
08
01
08
01
08
01
08
01
08
01
08
01
08
01
08
01
08
01
08
01
08
01
08
01
08
01
08
01
08
01
08
01
08
01
08
01
08
01
08
01
08
01
08
01
08
01
08
01
08
01
08
01
08
01
08
01
08
01
08
01
08
01
08
01
08
01
08
01
08
01
08
01
08
01
08
01
08
01
08
01
08
01
08
01
08
01
08
01
08
01
08
01
08
01
08
01
08
01
08
01
08
01
08
01
08
01
08
01
08
01
08
01
08
01
08
01
08
01
08
01
08
01
08
01
08
01
08
01
08
01
08
01
08
01
08
01
08
01
08
01
08
01
08
01
08
01
08
01
08
01
08
01
08
01
08
01
08
01
08
01
08
01
08
01
08
01
08
01
08
01
08
01
08
01
08
01
08
01
08
01
08
01
08
01
08
01
08
01
08
01
08
01
08
01
08
01
08
01
08
01
08
01
08
01
08
01
08
01
08
01
08
01
08
01
08
01
08
01
08
01
08
01
08
01
08
01
08
01
08
01
08
01
08
01
08
01
08
01
08
01
08
01
08
01
08
01
08
01
08
01
08
01
08
01
08
01
08
01
08
01
08
01
08
01
08
01
08
01
08
01
08
01
08
01
08
01
08
01
08
01
08
01
08
01
08
01
08
01
08
01
08
01
08
01
08
01
08
01
08
01
08
01
08
01
08
01
08
01
08
01
08
01
08
01
08
01
08
01
08
01
08
01
08
01
08
01
08
01
08
01
08
01
08
01
08
01
08
01
08
01
08
01
08
01
08
01
08
01
08
01
08
01
08
01
08
01
08
01
08
01
08
01
08
01
08
01
08
01
08
01
08
01
08
01
08
01
08
01
08
01
08
01
08
01
08
01
08
01
08
01
08
01
08
01
08
01
08
01
08
01
08
01
08
01
08
01
08
01
08
01
08
01
08
01
08
01
08
01
08
01
08
01
08
01
08
01
08
01
08
01
08
01
08
01
08
01
08
01
09
0C
08
01
08
01
08
01
08
01
08
01
08
01
08
01
08
01
08
01
08
01
08
01
08
01
08
01
08
01
08
01
08
01
08
01
08
01
08
01
08
01
08
01
08
01
08
01
08
01
08
01
08
01
08
01
08
01
08
01
08
01
08
01
08
01
08
01
08
01
08
01
08
01
08
01
08
01
08
01
08
01
08
01
08
01
08
01
08
01
08
01
08
01
08
01
08
01
08
01
08
01
08
01
08
01
08
01
08
01
08
01
08
01
08
01
08
01
08
01
08
01
08
01
08
01
08
01
08
01
08
01
08
01
08
01
08
01
08
01
08
01
08
01
08
01
08
01
08
01
08
01
08
01
08
01
08
01
08
01
08
01
08
01
08
01
08
01
08
01
08
01
08
01
08
01
08
01
08
01
08
01
08
01
08
01
08
01
08
01
08
01
08
01
08
01
08
01
08
01
08
01
08
01
08
01
08
01
08
01
08
01
08
01
08
01
08
01
08
01
08
01
08
01
08
01
08
01
08
01
08
01
08
01
08
01
08
01
08
01
08
01
08
01
08
01
08
01
08
01
08
01
08
01
08
01
08
01
08
01
08
01
08
01
08
01
08
01
08
01
08
01
08
01
08
01
08
01
08
01
08
01
08
01
08
01
08
01
08
01
08
01
08
01
08
01
08
01
08
01
08
01
08
01
08
01
08
01
08
01
08
01
08
01
08
01
08
01
08
01
08
01
08
01
08
01
08
01
08
01
08
01
08
01
08
01
08
01
08
01
08
01
08
01
08
01
08
01
08
01
08
01
08
01
08
01
08
01
08
01
08
01
08
01
08
01
08
01
08
01
08
01
08
01
08
01
08
01
08
01
08
01
08
01
08
01
08
01
08
01
08
01
08
01
08
01
08
01
08
01
08
01
08
01
08
01
08
01
08
01
08
01
08
01
08
01
08
01
08
01
08
01
08
01
08
01
08
01
08
01
08
01
08
01
08
01
08
01
08
01
08
01
08
01
08
01
08
01
08
01
08
01
08
01
08
01
08
01
08
01
08
01
08
01
08
01
08
01
08
01
08
01
08
01
08
01
08
01
08
01
08
01
08
01
08
01
08
01
08
01
08
01
08
01
08
01
08
01
08
01
08
01
08
01
08
01
08
01
08
01
09
0C
07
01
08
01
0A
0C
01
0A
07
01
0C
01
01
0A
0C
01
01
01
01
01
01
01
01
07
01
07
01
0A
0C
01
0A
0C
01
09
0C
09
0C
01
01
01
01
0A
0C
09
0C
09
0C
09
0C
09
0C
07
01
0A
0C
09
0C
0A
0C
01
01
07
01
08
01
0A
0C
01
0A
0C
01
09
0C
0A
0C
01
01
09
0C
0A
0C
01
05
0A
0C
01
01
0A
0C
01
01
0A
0C
01
01
09
0C
09
0C
0A
0C
01
01
0A
0C
01
05
09
0C
0A
0C
01
0A
0C
01
01
0A
0C
01
09
0C
01
01
01
01
07
07
01
01
01
0A
07
01
0C
01
01
0A
0C
01
07
01
01
01
01
07
01
01
0A
0A
0C
01
01
0A
0C
01
01
0A
0C
01
07
01
08
01
0A
0A
0C
01
01
01
0A
0C
01
01
01
01
0A
0C
01
09
0C
01
01
0A
0C
01
0A
0C
01
01
05
07
01
0A
0C
0A
0A
0C
01
08
01
01
01
01
01
01
0A
09
07
01
0C
01
01
08
01
0A
07
01
0C
01
01
01
01
0A
0C
01
0A
0C
01
01
0A
0C
01
01
01
01
0A
0C
01
0A
0C
07
01
0A
08
01
08
01
0A
08
01
08
01
07
01
0A
0C
01
07
01
0A
0C
01
0A
08
01
0A
0C
01
01
08
01
0A
0C
01
01
08
01
0B
07
01
0C
01
01
0B
07
01
0C
01
01
0B
07
01
0C
01
0A
08
01
07
01
01
01
01
01
01
01
01
07
01
0A
07
01
08
01
0A
0A
0C
01
0A
0C
01
01
08
01
0A
0C
01
01
0A
0C
01
09
0C
0A
0C
01
09
0C
08
01
09
0C
01
08
01
09
0C
01
08
01
09
0C
01
08
01
0A
07
01
0C
01
01
09
0C
01
01
08
01
09
0C
01
08
01
08
01
0A
0C
01
09
0C
01
09
0C
01
08
01
09
0C
01
07
01
01
01
01
01
01
01
01
01
01
0A
0C
01
07
01
0A
09
09
0A
0C
01
09
01
01
01
01
01
07
0A
07
01
0C
01
01
0A
0C
01
01
0A
0C
08
01
0A
0C
01
04
04
09
0C
01
08
01
01
01
01
01
01
01
01
01
01
0A
0C
01
0A
0C
08
01
01
01
01
0A
0C
08
01
0A
0C
01
01
01
01
01
01
01
01
01
07
0A
0C
01
05
01
01
01
01
0021
0542
0545
0001
004C
00000433
0007
000F
00000222
103C
BC08
3A04
03
3605
BB058A
59
B7058C
3A06
03
3607
0E
390A
0E
390C
2A
1F
B70500
3609
1509
2A
B404B5
03
2E
A00005
01
B0
1509
05
2A
B404B7
68
04
64
2A
B404B5
03
2E
68
60
3E
2A
B4049C
04
7E
04
A0001D
2A
B404C2
1D
1904
03
2A
B404C2
BE
1D
64
103C
B805F8
B805FE
A70015
2A
B40480
1D
85
B604A9
2A
B40480
1904
B604AD
1906
B20255
1904
03
33
B804B9
32
B505A2
1906
B20453
1904
03
33
B804B9
32
B505A7
840501
A70006
840701
1904
1505
1507
60
33
9AFFF5
1507
9E0015
1906
BB0057
59
1904
1505
1507
B70602
B505B0
1505
1507
04
60
60
3605
03
3607
A70006
840701
1904
1505
1507
60
33
9AFFF5
1507
9E0018
1906
BB0057
59
1904
1505
1507
130604
B70606
B505AB
1505
1507
04
60
60
3605
03
3607
A70006
840701
1904
1505
1507
60
33
9AFFF5
1507
9E0015
1906
BB0057
59
1904
1505
1507
B70602
B505B5
1505
1507
04
60
60
3605
03
3608
A7001D
180A
1904
1505
1508
60
33
B804B9
1508
1008
68
78
87
63
390A
840801
1508
06
A1FFE3
1906
180A
90
130609
6E
13060A
66
B505C0
840503
03
3608
A7001D
180C
1904
1505
1508
60
33
B804B9
1508
1008
68
78
87
63
390C
840801
1508
06
A1FFE3
1906
180C
90
130609
6E
13060A
66
B505C6
1906
1906
03
5A
B505D3
B505D0
1906
03
B505D8
2A
B40486
05
A00062
03
360E
1906
B405A2
13021B
A60054
840503
03
3608
A7001C
150E
1904
1505
1508
60
33
B804B9
1508
1008
68
78
60
360E
840801
1508
06
A1FFE4
1906
1906
150E
1103E8
6C
6C
5A
B505D0
B505D3
1906
150E
1103E8
70
B505D8
A7000D
57
B2060B
13060E
B6052E
1906
B0
0002
001B
002D
0215
046C
002F
0212
0215
046C
0003
0466
000000EE
003B
0000
035F
0006
0360
0009
0361
0012
0362
0015
0364
001B
0367
0022
0368
002D
0369
002F
036B
0042
036D
004C
036F
0066
0372
006F
0373
0078
0377
0088
0378
0098
0379
009B
037C
009E
037D
00A1
037C
00AC
037E
00B1
037F
00C3
0381
00CC
0382
00CF
0385
00D2
0386
00D5
0385
00E0
0387
00E5
0388
00FA
038A
0103
038B
0106
038E
0109
038F
010C
038E
0117
0390
011C
0391
012E
0393
0137
0396
013D
0397
0154
0396
015D
0398
016D
0399
0170
039C
0176
039D
018D
039C
0196
039E
01A6
03A0
01B2
03A1
01B8
03A2
01C0
03A4
01C3
03A5
01CE
03A6
01D1
03A7
01D7
03A8
01ED
03A7
01F6
03A9
0207
03AA
0215
03AE
0216
03AF
021F
03B1
0467
0000007A
000C
0000
0222
047A
047B
0000
0000
0222
05F2
0019
0001
0042
01D3
0610
0010
0003
0006
021C
0611
0016
0004
0009
0219
0612
0010
0005
0012
0210
05DD
05DE
0006
0015
020D
0613
0010
0007
013A
00DB
04D0
0010
0008
0022
01F3
0614
0010
0009
0018
020A
05C2
0615
000A
001B
0207
05C8
0615
000C
01C3
004F
0616
0010
000E
0469
0000007B
0015
FF
002F
000B
07
0001
04
00
07
04D4
01
07
058A
01
00
01
03
03
0000
FF
0036
000B
07
0001
04
01
07
04D4
01
07
058A
01
00
01
03
03
0000
11
25
02
21
0E
02
24
0E
02
21
FF
000E
000B
07
0001
04
01
07
04D4
01
07
058A
01
01
01
03
03
0000
19
1E
19
FC
0046
01
18
FA
0021
FF
0002
000B
07
0001
04
00
07
04D4
01
07
058A
01
00
00
03
03
0001
07
046C
09
