0A
08
09
07
0A
08
0A
0A
0A
0A
0A
07
08
0A
09
0A
07
0A
08
0A
08
07
0A
0A
0A
07
07
01
01
01
01
01
01
01
01
01
01
01
01
01
01
01
01
01
01
01
01
01
01
01
07
07
07
07
07
07
01
07
01
01
01
01
01
01
01
07
01
01
01
0C
01
07
0C
01
01
0C
0C
07
0C
0C
07
0C
01
01
0C
0C
07
0C
01
0C
01
07
0C
01
01
07
0C
0C
01
01
01
01
01
07
01
01
01
01
01
01
01
01
01
01
01
01
01
01
01
01
01
01
01
01
01
01
01
01
01
01
01
01
01
0009
003B
003C
0002
001E
0000004D
0002
0002
00000011
BB0016
59
B70017
2A
B80018
3C
1B
B80019
B1
0000
0002
001F
0000000E
0003
0000
0044
000C
0045
0010
0046
0020
00000016
0002
0000
0011
002B
0028
0000
000C
0005
003D
003E
0001
0039
00000004
0001
003A
