0A
09
09
09
09
09
09
09
09
09
09
09
09
09
07
0A
07
0A
08
0A
0A
08
08
0A
08
08
08
0A
08
08
08
08
08
08
08
08
0A
07
07
01
01
01
01
01
01
01
01
01
01
01
01
01
01
01
01
01
01
01
01
01
01
01
01
01
01
01
01
01
01
01
01
01
01
0C
0C
0C
0C
0C
0C
0C
0C
0C
0C
0C
0C
0C
0C
01
0C
01
01
0C
0C
01
01
0C
01
01
01
0C
01
01
01
01
01
01
01
01
0C
01
01
01
01
01
01
01
01
0001
002D
0042
0001
003A
0000003B
0003
0003
00000007
2A
27
B50005
2A
B0
0000
0002
003B
00000006
0001
0000
001F
003C
00000016
0002
0000
0007
003D
0040
0000
0000
0007
002D
002C
0001
