0A
09
09
09
09
09
07
0A
0A
0A
09
0A
0A
0A
09
0A
09
07
08
0A
08
0A
0A
0A
0A
0A
07
0A
0A
12
0A
0A
07
0A
09
08
0B
0B
08
09
07
0A
0A
09
0A
09
09
09
09
08
0A
09
08
09
0A
08
08
08
08
08
08
08
08
08
0A
0A
08
07
0A
0A
0A
0A
0A
0A
0A
0A
07
08
08
08
08
08
08
08
08
08
08
08
08
08
08
08
08
08
08
08
08
08
08
08
08
08
08
07
03
03
03
03
03
03
03
03
03
03
03
03
03
03
03
03
03
03
03
03
03
03
03
03
03
03
03
03
03
03
03
03
03
03
03
03
03
03
03
03
03
03
03
03
03
03
03
03
03
03
03
03
03
03
03
03
03
03
03
03
03
03
03
07
07
01
07
01
01
01
01
05
01
01
03
01
03
01
03
01
03
01
03
01
01
01
01
01
01
01
01
01
01
01
01
01
01
01
01
01
01
01
01
01
01
01
01
01
01
01
01
01
01
01
01
01
07
07
07
01
01
01
01
01
01
01
01
01
01
01
01
01
01
01
01
01
01
01
07
01
01
01
01
01
01
01
01
01
01
01
01
01
01
01
01
01
01
01
01
01
01
0C
0C
0C
0C
0C
0C
01
0C
07
0C
0C
0C
0C
0C
0C
07
0C
0C
0C
01
01
0C
01
0C
0C
07
0C
0C
0C
01
07
0C
0C
01
0F
10
0F
10
0C
0C
0C
0C
01
07
0C
01
0C
01
0C
0C
0C
0C
0C
0C
0C
01
0C
0C
01
0C
0C
01
01
01
01
01
01
01
01
01
0C
0C
01
01
07
0C
0C
0C
0C
0C
01
01
01
01
01
01
01
01
01
01
01
01
01
01
01
01
01
01
01
01
01
01
01
01
01
01
01
01
01
01
01
01
01
01
01
01
01
01
01
01
01
01
01
01
01
01
01
01
01
01
01
01
01
01
0A
01
0A
01
01
01
01
01
01
01
01
01
01
01
01
01
01
01
01
01
01
01
01
07
0C
07
0C
01
01
07
01
01
01
01
07
01
01
0002
00D0
00D1
0001
00D2
00000178
0004
000A
00000085
2A
B70001
2A
1B
B50002
2A
1C
04
64
B50003
2A
1D
B50004
2A
1904
B50005
B20006
1B
11076D
64
32
3A05
1905
06
2E
B80008
3A06
1B
1905
04
2E
1905
05
2E
B80009
3A07
03
3608
04
3609
1509
1C
A3002C
1509
1C
A2001A
1508
1906
1509
2E
60
9A0008
101D
A70005
101E
3608
A70009
1508
1D
60
3608
840901
A7FFD4
2A
1907
1508
85
B6000A
B5000B
2A
1905
B7000C
B1
0000
0003
00D3
0000004A
0012
0000
0102
0004
0103
0009
0104
0010
0105
0015
0106
001B
0107
0026
0108
002F
0109
0038
010A
003D
010B
0040
010C
0049
010D
004F
010E
0066
0110
006C
010C
0072
0113
007E
0114
0084
0115
00D4
00000066
000A
0043
002F
00D5
00B3
0009
0000
0085
00D6
00D7
0000
0000
0085
00C9
00B3
0001
0000
0085
00CA
00B3
0002
0000
0085
00CB
00B3
0003
0000
0085
00CC
00CD
0004
0026
005F
00D8
00D9
0005
002F
0056
00DA
00D9
0006
003D
0048
00DB
00CF
0007
0040
0045
00DC
00B3
0008
00DD
00000025
0006
FF
0043
000A
07
00DE
01
01
01
07
00DF
07
0068
07
0068
07
00E0
01
01
0000
1B
41
01
04
05
FA
0005
