0A
09
09
09
09
09
07
0A
0A
0A
09
0A
0A
0A
09
0A
09
07
08
0A
08
0A
0A
0A
0A
0A
07
0A
0A
12
0A
0A
07
0A
09
08
0B
0B
08
09
07
0A
0A
09
0A
09
09
09
09
08
0A
09
08
09
0A
08
08
08
08
08
08
08
08
08
0A
0A
08
07
0A
0A
0A
0A
0A
0A
0A
0A
07
08
08
08
08
08
08
08
08
08
08
08
08
08
08
08
08
08
08
08
08
08
08
08
08
08
08
07
03
03
03
03
03
03
03
03
03
03
03
03
03
03
03
03
03
03
03
03
03
03
03
03
03
03
03
03
03
03
03
03
03
03
03
03
03
03
03
03
03
03
03
03
03
03
03
03
03
03
03
03
03
03
03
03
03
03
03
03
03
03
03
07
07
01
07
01
01
01
01
05
01
01
03
01
03
01
03
01
03
01
03
01
01
01
01
01
01
01
01
01
01
01
01
01
01
01
01
01
01
01
01
01
01
01
01
01
01
01
01
01
01
01
01
01
07
07
07
01
01
01
01
01
01
01
01
01
01
01
01
01
01
01
01
01
01
01
07
01
01
01
01
01
01
01
01
01
01
01
01
01
01
01
01
01
01
01
01
01
01
0C
0C
0C
0C
0C
0C
01
0C
07
0C
0C
0C
0C
0C
0C
07
0C
0C
0C
01
01
0C
01
0C
0C
07
0C
0C
0C
01
07
0C
0C
01
0F
10
0F
10
0C
0C
0C
0C
01
07
0C
01
0C
01
0C
0C
0C
0C
0C
0C
0C
01
0C
0C
01
0C
0C
01
01
01
01
01
01
01
01
01
0C
0C
01
01
07
0C
0C
0C
0C
0C
01
01
01
01
01
01
01
01
01
01
01
01
01
01
01
01
01
01
01
01
01
01
01
01
01
01
01
01
01
01
01
01
01
01
01
01
01
01
01
01
01
01
01
01
01
01
01
01
01
01
01
01
01
01
0A
01
0A
01
01
01
01
01
01
01
01
01
01
01
01
01
01
01
01
01
01
01
01
07
0C
07
0C
01
01
07
01
01
01
01
07
01
01
0009
00E4
00E5
0002
00D2
00000063
0003
0001
00000027
2A
B6000D
11076D
A1000D
2A
B6000D
110834
A4000D
BB0012
59
1215
B70014
BF
BB0007
59
2A
B70016
B0
0000
0003
00D3
0000000E
0003
0000
0146
0014
0147
001E
0149
00D4
0000000C
0001
0000
0027
00CE
00CF
0000
00DD
00000004
0002
14
09
00E3
00000004
0001
0012
