0A
07
03
08
0A
09
03
08
09
03
08
09
03
08
09
03
08
09
03
08
09
03
08
09
03
08
09
03
08
09
03
08
09
03
08
09
03
08
09
03
08
09
03
08
09
03
08
09
03
08
09
03
08
09
03
08
09
03
08
09
03
08
09
03
08
09
03
08
09
03
08
09
03
08
09
03
08
09
03
08
09
03
08
09
03
08
09
03
08
09
03
08
09
03
08
09
03
08
09
03
08
09
03
08
09
03
08
09
03
08
09
03
08
09
03
08
09
03
08
09
03
08
09
03
08
09
03
08
09
03
08
09
03
08
09
03
08
09
03
08
09
03
08
09
03
08
09
03
08
09
03
08
09
03
08
09
03
08
09
03
08
09
03
08
09
03
08
09
07
07
01
01
01
01
01
01
01
01
01
01
01
01
01
01
01
01
01
01
01
01
01
01
01
01
01
01
01
01
01
01
01
01
01
01
01
01
01
01
01
01
01
01
01
01
01
01
01
01
01
01
01
01
01
01
01
01
01
01
01
01
01
01
01
01
01
01
0C
01
01
0C
0C
01
0C
01
0C
01
0C
01
0C
01
0C
01
0C
01
0C
01
0C
01
0C
01
0C
01
0C
01
0C
01
0C
01
0C
01
0C
01
0C
01
0C
01
0C
01
0C
01
0C
01
0C
01
0C
01
0C
01
0C
01
0C
01
0C
01
0C
01
0C
01
0C
01
0C
01
0C
01
0C
01
0C
01
0C
01
0C
01
0C
01
0C
01
0C
01
0C
01
0C
01
0C
01
0C
01
0C
01
0C
01
0C
01
0C
01
0C
01
0C
01
0C
01
0C
01
0C
01
0C
01
0C
01
0C
01
01
01
0001
00E3
00E4
0001
00E5
0000002F
0001
0001
00000005
2A
B70001
B1
0000
0002
00E6
00000006
0001
0000
0020
00E7
0000000C
0001
0000
0005
00E8
00E9
0000
