0A
0A
08
0A
07
09
0B
0B
0B
0B
0B
0B
0B
0B
0B
0B
0B
07
08
0A
08
0B
0B
0B
0B
07
07
01
01
01
01
01
01
01
01
01
01
01
01
01
01
01
01
01
01
01
01
01
01
01
01
01
01
01
01
01
01
01
01
01
01
01
01
01
01
07
01
01
01
01
01
01
01
01
01
01
07
01
01
07
01
01
01
01
01
01
01
01
01
01
01
01
01
01
01
01
01
01
01
01
01
01
01
07
01
01
01
01
01
01
0C
0C
07
0C
01
0C
0C
0C
0C
0C
0C
0C
0C
0C
0C
0C
0C
01
01
0C
01
0C
0C
0C
0C
07
01
01
01
01
01
01
01
01
01
01
01
0001
003E
003F
0002
0020
0000004A
0004
0004
0000000C
2A
B40006
1F
2D
B9000B0400
AC
0000
0002
0021
00000006
0001
0000
0724
0022
00000020
0003
0000
000C
0023
0026
0000
0000
000C
0040
002C
0001
0000
000C
002D
002E
0003
0041
00000004
0001
0042
