08
01
0A
07
0C
01
01
01
07
01
0A
0C
01
07
01
0A
09
0C
01
01
09
0C
01
09
0C
01
01
0B
07
0C
01
01
01
09
0C
01
01
07
01
09
0C
01
01
07
01
09
0C
01
01
07
01
09
0C
01
01
07
01
09
0C
01
01
07
01
09
0C
01
01
07
01
09
0C
01
01
0A
07
0C
01
01
01
0A
0C
01
01
01
01
01
01
01
01
01
01
01
01
01
01
01
01
01
01
01
01
01
07
01
01
01
01
01
01
01
01
01
07
01
01
01
01
01
07
01
01
0001
004E
004F
0001
0054
00000044
0002
0001
00000008
BB0009
59
B7000B
B0
0000
0003
0055
00000006
0001
0000
0356
0056
0000000C
0001
0000
0008
0057
0058
0000
0059
0000000C
0001
0000
0008
0057
005A
0000
