0A
0A
0A
0A
0A
07
0A
0A
08
07
08
0A
0A
07
08
0A
0A
07
0A
0A
07
07
07
07
07
07
07
07
07
07
0A
07
0A
07
0A
07
0A
0A
07
0A
07
0A
07
09
07
07
0A
07
01
01
01
01
01
01
01
01
01
01
01
03
01
03
01
03
01
03
01
03
01
03
01
01
01
01
01
01
01
01
01
01
01
01
01
01
01
01
01
01
07
07
01
01
01
01
01
01
01
01
01
01
01
01
01
01
01
07
01
01
01
01
01
01
01
01
01
01
01
01
01
01
01
01
01
01
01
01
01
01
01
01
01
01
01
07
07
07
01
01
01
01
01
01
01
01
01
01
01
01
01
0C
07
0C
0C
07
0C
0C
01
07
0C
0C
01
01
0C
0C
01
01
07
0C
0C
01
0C
07
0C
01
01
01
01
01
01
01
01
01
01
0C
01
0C
01
0C
01
0C
0C
01
0C
01
01
0C
01
01
01
01
01
01
01
01
01
01
01
01
01
01
01
01
01
01
01
01
01
01
01
01
01
01
01
01
01
01
01
01
01
01
01
0001
0077
0078
0002
004B
00000090
0005
0004
0000001C
BB0012
59
2B
2C
08
B70013
B80014
4E
2D
C1001B
990005
01
B0
2D
C0001C
B0
0000
0004
004C
00000012
0004
0000
0093
000E
0095
0015
0097
0017
0099
004D
0000002A
0004
0000
001C
0052
0053
0000
0000
001C
0061
0062
0001
0000
001C
0072
004F
0002
000E
000E
0065
0066
0003
0067
0000000C
0001
0000
001C
0061
0068
0001
0058
00000008
0001
FC
0017
07
006A
006B
00000002
0079
