0A
08
09
09
0A
07
0A
0A
0B
0B
0B
0B
07
0B
07
07
0A
0B
0A
0B
0A
0B
0A
07
0B
0B
07
07
07
01
01
01
01
01
01
01
01
01
01
01
01
01
01
01
01
01
01
01
01
01
01
01
01
01
01
01
01
01
01
01
01
01
01
01
01
01
01
01
01
01
01
01
01
0C
01
0C
0C
07
0C
01
07
0C
07
0C
07
0C
07
0C
0C
01
07
0C
01
01
0C
07
0C
07
0C
07
0C
0C
07
0C
0C
01
0C
0C
01
01
01
01
01
01
01
01
01
01
01
01
01
01
01
01
01
01
01
01
01
01
01
01
01
01
01
01
01
01
01
01
01
01
01
01
01
01
01
01
0001
0022
0023
0001
0024
00000050
0002
0002
00000010
2A
B70001
2A
1202
B50003
2A
2B
B50004
B1
0000
0002
0025
00000012
0004
0000
0025
0004
0023
000A
0026
000F
0027
0026
00000016
0002
0000
0010
0027
0028
0000
0000
0010
001E
001F
0001
