09
0A
09
0B
09
07
07
0A
07
07
01
01
01
01
01
01
01
01
01
01
01
01
01
01
01
01
01
01
01
01
01
01
01
01
01
01
01
01
01
01
0C
0C
07
0C
07
0C
07
0C
01
01
0C
01
01
01
01
01
01
01
01
01
01
01
0001
0016
0017
0002
000F
00000073
0003
0004
0000000F
2A
B40001
B40003
2C
2D
B900040300
B0
0000
0003
0010
00000006
0001
0000
0C09
0011
0000002A
0004
0000
000F
0012
0015
0000
0000
000F
0018
0019
0001
0000
000F
001A
001B
0002
0000
000F
001C
001B
0003
001D
00000016
0002
0000
000F
001A
001E
0002
0000
000F
001C
001F
0003
0020
00000002
0021
