09
07
0C
01
01
01
09
0C
01
01
0A
07
0C
01
01
01
0A
07
0C
01
01
01
0A
07
0C
01
01
01
0A
07
0C
01
01
01
0A
0C
01
0A
07
0C
01
01
01
09
0C
01
01
0A
0C
01
01
09
0C
01
09
0C
01
01
08
01
07
01
0A
0C
01
0B
07
0C
01
01
01
12
0C
01
07
01
0A
0C
01
09
07
0C
01
01
01
0B
07
0C
01
01
01
0B
0C
01
09
0C
01
09
0C
01
0B
07
0C
01
01
01
09
0C
01
09
0A
0C
01
01
07
01
0A
07
0C
01
01
01
12
0C
01
01
12
0C
01
01
0A
0C
01
01
07
01
0A
0C
01
01
09
0C
01
01
0A
07
0C
01
01
01
0A
0C
01
0A
0C
01
01
09
0C
01
01
0A
07
0C
01
01
01
0A
0C
01
0A
0C
01
01
07
01
0A
07
0C
01
01
01
0A
0C
01
01
0A
0C
01
01
07
01
0A
0C
01
01
0A
0C
01
01
0A
0C
01
01
0A
0C
01
01
0A
0C
01
01
09
0C
01
01
0A
0C
01
0A
0C
01
01
01
01
01
01
01
01
01
01
01
01
01
01
01
01
01
01
01
01
01
07
01
01
01
01
01
01
01
01
01
01
01
01
01
01
01
01
01
01
01
01
01
01
01
01
01
01
01
01
01
01
01
01
01
01
01
01
01
01
01
01
01
01
01
01
01
0F
0A
07
0C
01
01
01
10
01
0F
0A
0C
10
01
10
01
0F
0A
0C
10
10
01
0F
0A
0C
10
01
01
01
01
01
07
01
01
07
01
01
07
01
07
01
01
07
01
07
01
01
0000
00EF
00F0
0002
00E0
00000035
0000
0003
00000001
B1
0000
0002
00E1
00000006
0001
0000
01E0
00E2
00000016
0002
0000
0001
00E3
00E4
0000
0000
0001
00F1
0036
0001
00F2
00000004
0001
00F3
