07
01
0A
07
0C
01
01
01
07
01
0A
0C
01
01
07
01
07
01
07
01
07
01
07
01
0A
07
0C
01
01
01
07
01
0B
0C
01
01
0B
0C
01
01
01
01
01
01
01
01
01
01
01
01
01
01
01
01
01
01
01
01
01
01
01
01
01
01
01
01
01
01
01
01
01
01
01
01
01
01
01
01
01
01
01
01
01
01
01
01
01
01
01
01
01
01
01
01
0001
0053
004F
0001
002E
00000053
0002
0002
00000012
2B
C1001F
99000D
2B
C0001F
2A
B900250200
B1
0000
0003
002F
0000000A
0002
0000
78D2
0011
78D3
0030
00000016
0002
0000
0012
0031
0032
0000
0000
0012
0050
0051
0001
0052
00000003
0001
11
