09
09
09
09
09
09
09
09
09
09
09
09
09
09
09
09
09
09
09
0A
07
0A
08
0A
08
0A
08
08
08
08
08
08
08
08
08
08
08
08
08
08
08
08
08
08
0A
0A
07
0A
07
0A
07
0A
01
01
01
01
01
01
01
01
01
01
01
01
01
01
01
01
01
01
01
01
01
01
01
01
01
01
01
01
01
01
01
01
01
01
01
01
01
01
01
01
01
01
01
01
01
01
01
01
01
01
01
01
01
01
01
01
01
01
01
01
01
01
01
01
01
01
01
01
01
01
01
01
01
01
01
01
01
01
01
01
01
01
01
01
01
01
01
01
01
01
01
01
01
01
01
01
01
01
01
01
07
01
01
01
01
01
01
01
01
01
01
01
01
01
01
01
01
01
01
01
01
01
01
01
01
01
01
01
01
01
01
01
01
01
01
01
01
0C
0C
0C
0C
0C
0C
0C
0C
0C
0C
0C
0C
0C
0C
0C
0C
0C
0C
0C
0C
01
01
0C
01
0C
01
01
01
01
01
01
01
01
01
01
01
01
01
01
01
01
01
01
0C
0C
01
07
0C
01
0C
01
01
01
01
01
01
01
01
01
01
0001
0073
005D
0001
0055
0000003E
0002
0002
00000006
2A
2B
B5000C
B1
0000
0002
0056
0000000A
0002
0000
006F
0005
0070
0057
00000016
0002
0000
0006
0058
0059
0000
0000
0006
0043
0038
0001
