01
07
01
07
01
07
01
01
07
01
01
0C
01
01
01
01
01
01
01
01
01
01
01
01
01
0C
0A
01
0C
0A
0C
09
01
01
01
01
01
01
01
03
03
01
07
01
0C
0B
01
08
01
07
01
01
0C
0A
01
07
01
0C
0A
01
0C
0A
03
03
01
01
0C
0B
01
07
01
01
0C
0A
03
01
01
0C
0B
03
01
0C
0B
03
01
01
01
01
01
01
07
01
01
0C
0A
01
01
0C
0A
0C
09
01
07
01
01
0C
0A
01
0C
0A
01
01
01
08
01
08
01
08
01
08
01
08
01
01
03
01
07
0C
0A
01
07
01
0C
0A
0C
09
01
07
0A
0C
0A
01
0C
0A
01
01
0C
09
01
01
01
01
01
01
100A
006F
0070
0001
0095
00000037
0003
0001
0000002B
2A
1228
1272
53
2A
1229
1274
53
2A
123F
1276
53
2A
1240
1278
53
2A
124B
127A
53
2A
1250
127A
53
2A
1254
127A
53
B1
0000
0000
