0A
0A
09
09
09
09
09
09
09
09
09
09
09
09
0A
07
0A
07
08
0A
07
07
07
07
07
07
08
0A
0A
08
08
0A
0A
0A
08
08
08
0A
08
0A
08
0A
08
0A
08
08
08
0A
08
0B
0B
0B
08
08
07
07
07
01
01
01
01
01
01
01
01
01
01
01
01
01
01
01
01
01
01
01
01
01
01
01
01
01
01
01
01
01
01
01
01
01
01
01
01
01
01
01
01
01
01
01
01
01
01
01
01
01
01
01
01
01
01
01
01
01
01
01
01
01
01
01
01
01
01
01
01
01
01
01
01
01
01
01
01
01
01
01
01
01
01
01
01
01
01
01
01
01
01
01
01
01
01
01
01
01
01
01
01
01
01
01
01
01
01
01
01
01
01
01
01
01
01
01
01
01
01
01
01
01
01
01
07
07
01
01
0C
07
0C
0C
0C
0C
0C
0C
0C
0C
0C
0C
0C
0C
0C
0C
01
0C
01
01
0C
01
01
01
01
01
01
01
07
0C
0C
01
01
0C
07
0C
0C
01
01
01
01
0C
01
01
01
01
01
01
0C
07
0C
0C
01
01
01
01
01
01
01
01
01
01
01
01
01
01
01
01
01
01
01
01
01
01
01
01
01
01
01
01
0001
00A4
0061
0002
0052
00000070
0003
0002
00000015
2B
C7000D
BB0012
59
1213
B70014
BF
2A
2B
B5000B
2A
B0
0000
0004
0053
00000012
0004
0000
00F8
0004
00F9
000E
00FB
0013
00FC
0054
00000016
0002
0000
0015
0055
0056
0000
0000
0015
004C
003D
0001
0062
0000000C
0001
0000
0015
004C
004D
0001
0063
00000003
0001
0E
003E
00000002
00A5
