0A
0A
09
09
09
09
09
09
09
09
09
09
09
09
0A
07
0A
07
08
0A
07
07
07
07
07
07
08
0A
0A
08
08
0A
0A
0A
08
08
08
0A
08
0A
08
0A
08
0A
08
08
08
0A
08
0B
0B
0B
08
08
07
07
07
01
01
01
01
01
01
01
01
01
01
01
01
01
01
01
01
01
01
01
01
01
01
01
01
01
01
01
01
01
01
01
01
01
01
01
01
01
01
01
01
01
01
01
01
01
01
01
01
01
01
01
01
01
01
01
01
01
01
01
01
01
01
01
01
01
01
01
01
01
01
01
01
01
01
01
01
01
01
01
01
01
01
01
01
01
01
01
01
01
01
01
01
01
01
01
01
01
01
01
01
01
01
01
01
01
01
01
01
01
01
01
01
01
01
01
01
01
01
01
01
01
01
01
07
07
01
01
0C
07
0C
0C
0C
0C
0C
0C
0C
0C
0C
0C
0C
0C
0C
0C
01
0C
01
01
0C
01
01
01
01
01
01
01
07
0C
0C
01
01
0C
07
0C
0C
01
01
01
01
0C
01
01
01
01
01
01
0C
07
0C
0C
01
01
01
01
01
01
01
01
01
01
01
01
01
01
01
01
01
01
01
01
01
01
01
01
01
01
01
01
0001
0059
005A
0001
0052
0000003F
0002
0002
00000007
2A
2B
B5000E
2A
B0
0000
0002
0053
0000000A
0002
0000
003E
0005
003F
0054
00000016
0002
0000
0007
0055
0056
0000
0000
0007
003A
003B
0001
