01
07
01
01
07
01
01
01
07
01
01
07
01
01
07
01
01
07
01
07
01
07
01
07
01
07
01
07
01
07
01
07
01
07
01
07
01
07
01
07
01
07
01
07
01
07
01
07
01
07
01
07
01
07
01
07
01
07
01
07
01
07
01
07
01
07
01
07
01
07
01
07
01
07
01
07
01
07
01
07
01
07
01
07
01
07
01
07
01
07
01
07
01
07
01
07
01
07
01
07
01
07
01
07
01
07
01
07
01
07
01
07
01
07
01
07
01
07
01
07
01
07
01
07
01
07
01
07
01
07
01
07
01
07
01
07
01
07
01
07
01
07
01
07
01
07
01
07
01
07
01
07
01
07
01
07
01
07
01
07
01
07
01
07
01
07
01
07
01
07
01
07
01
07
01
07
01
07
01
07
01
07
01
07
01
07
01
07
01
07
01
07
01
07
01
07
01
07
01
07
01
07
01
07
01
07
01
07
01
07
01
07
01
07
01
07
01
07
01
07
01
07
01
07
01
07
01
07
01
07
01
07
01
07
01
07
01
07
01
07
01
07
01
07
01
07
01
07
01
07
01
07
01
01
07
01
07
01
01
07
01
07
01
01
07
01
07
01
01
01
01
01
01
01
01
0C
0A
01
01
0C
09
0C
09
01
08
01
07
01
01
0C
0A
0C
09
01
07
01
0C
0A
01
08
01
01
0C
0A
01
08
01
07
01
07
01
08
01
07
01
01
0C
0A
01
01
0C
0B
01
08
01
01
0C
0A
01
01
01
01
01
01
01
01
07
01
01
0C
0A
01
07
01
01
0C
0B
01
07
01
01
0C
0B
01
01
0C
0B
01
07
01
07
01
01
0C
0A
01
01
0C
0B
01
01
0C
0B
01
0C
0A
01
01
01
01
01
01
01
01
01
01
01
01
01
01
01
01
07
01
01
0C
09
01
07
01
0C
0A
01
0C
0A
01
07
01
01
0C
0A
01
01
01
01
0A
01
01
01
0C
0A
01
01
01
01
0A
01
0A
01
0A
01
0A
01
0A
01
01
01
0C
0A
01
01
01
01
01
0A
01
01
01
0C
0A
01
07
01
07
01
01
01
01
0A
01
0A
01
0A
01
01
01
0C
0A
01
07
01
01
01
0A
01
0A
01
0A
01
0A
01
0A
01
0A
01
0A
01
01
01
0C
0A
01
0A
01
0A
01
0A
01
01
01
0C
0A
01
07
01
01
01
01
0A
01
0A
01
0A
01
0A
01
01
0A
01
0A
01
0A
01
01
01
0C
0A
01
07
01
01
0A
01
0A
01
0A
01
0A
01
0A
01
0A
01
0A
01
0A
01
0A
01
0A
01
0A
01
01
01
0C
0A
01
07
01
01
01
01
01
01
01
0C
0A
01
0A
01
0A
01
01
01
01
01
0C
0A
01
07
01
07
01
01
01
01
01
01
01
0A
01
01
01
0C
0A
01
01
01
0A
01
01
01
0C
0A
01
01
01
0A
01
0A
01
0A
01
01
01
0C
0A
01
01
01
0A
01
0A
01
0A
01
01
01
01
01
0C
0A
01
01
01
01
01
0A
01
01
01
07
01
01
0C
0A
0A
01
01
0C
0A
01
0C
0A
01
01
01
01
0C
0A
01
01
0A
01
0C
0A
01
0A
01
0A
01
0A
01
01
01
0C
0A
01
01
01
01
0A
01
01
01
0C
0A
01
0A
01
0A
01
0A
01
0A
01
0A
01
0A
01
0A
01
01
01
01
0C
0A
01
01
01
01
0A
01
01
0C
0A
01
01
0A
01
01
01
0C
0A
01
01
0A
01
0A
01
0A
01
01
01
0C
0A
01
01
01
01
0A
01
01
0C
0A
01
0A
01
01
0C
0A
01
0A
01
01
01
0C
0A
01
0A
01
0A
01
0A
01
0A
01
01
01
0C
0A
01
07
01
01
01
0A
01
01
0A
01
01
01
01
01
01
0C
0A
01
07
01
01
01
01
0A
01
0A
01
01
01
0A
01
01
01
0C
0A
01
0A
01
01
01
0C
0A
01
0A
01
0A
01
01
0A
01
0A
01
0A
01
0A
01
01
01
0C
0A
01
01
0C
0A
01
0C
0A
01
01
01
01
01
01
07
01
01
0C
0A
01
01
0C
0B
01
0C
0B
01
01
0C
0A
01
07
01
01
0C
0A
01
07
01
01
0C
0A
01
01
0C
0A
01
0C
0A
01
01
0C
0A
01
01
0C
0A
01
07
01
01
0C
0A
01
0C
0A
01
0C
0A
01
01
0C
0A
01
01
01
01
01
01
01
01
01
01
01
01
01
01
0C
0A
01
01
01
0C
0A
01
01
01
01
01
01
07
01
01
0C
0A
01
01
01
01
01
01
01
01
01
01
01
01
01
01
01
01
01
01
01
01
01
01
01
01
01
01
01
01
01
0001
0262
0257
0002
03A9
00000074
0005
0002
0000001D
2A
2A
B4018D
B60192
990007
01
A7000C
BB0088
59
2A
2B
B70263
B7019B
57
B1
0000
0003
03AA
00000016
0002
0000
001D
0149
014A
0000
0000
001D
0255
0249
0001
03AB
0000000A
0002
0000
02D2
001C
02D9
03AC
00000019
0002
4F
07
0002
FF
0008
0002
07
0002
07
0245
0002
07
0002
07
0088
03B0
00000004
0001
0189
