01
07
01
01
07
01
01
01
07
01
01
07
01
01
07
01
01
07
01
07
01
07
01
07
01
07
01
07
01
07
01
07
01
07
01
07
01
07
01
07
01
07
01
07
01
07
01
07
01
07
01
07
01
07
01
07
01
07
01
07
01
07
01
07
01
07
01
07
01
07
01
07
01
07
01
07
01
07
01
07
01
07
01
07
01
07
01
07
01
07
01
07
01
07
01
07
01
07
01
07
01
07
01
07
01
07
01
07
01
07
01
07
01
07
01
07
01
07
01
07
01
07
01
07
01
07
01
07
01
07
01
07
01
07
01
07
01
07
01
07
01
07
01
07
01
07
01
07
01
07
01
07
01
07
01
07
01
07
01
07
01
07
01
07
01
07
01
07
01
07
01
07
01
07
01
07
01
07
01
07
01
07
01
07
01
07
01
07
01
07
01
07
01
07
01
07
01
07
01
07
01
07
01
07
01
07
01
07
01
07
01
07
01
07
01
07
01
07
01
07
01
07
01
07
01
07
01
07
01
07
01
07
01
07
01
07
01
07
01
07
01
07
01
07
01
07
01
07
01
07
01
07
01
01
07
01
07
01
01
07
01
07
01
01
07
01
07
01
01
01
01
01
01
01
01
0C
0A
01
01
0C
09
0C
09
01
08
01
07
01
01
0C
0A
0C
09
01
07
01
0C
0A
01
08
01
01
0C
0A
01
08
01
07
01
07
01
08
01
07
01
01
0C
0A
01
01
0C
0B
01
08
01
01
0C
0A
01
01
01
01
01
01
01
01
07
01
01
0C
0A
01
07
01
01
0C
0B
01
07
01
01
0C
0B
01
01
0C
0B
01
07
01
07
01
01
0C
0A
01
01
0C
0B
01
01
0C
0B
01
0C
0A
01
01
01
01
01
01
01
01
01
01
01
01
01
01
01
01
07
01
01
0C
09
01
07
01
0C
0A
01
0C
0A
01
07
01
01
0C
0A
01
01
01
01
0A
01
01
01
0C
0A
01
01
01
01
0A
01
0A
01
0A
01
0A
01
0A
01
01
01
0C
0A
01
01
01
01
01
0A
01
01
01
0C
0A
01
07
01
07
01
01
01
01
0A
01
0A
01
0A
01
01
01
0C
0A
01
07
01
01
01
0A
01
0A
01
0A
01
0A
01
0A
01
0A
01
0A
01
01
01
0C
0A
01
0A
01
0A
01
0A
01
01
01
0C
0A
01
07
01
01
01
01
0A
01
0A
01
0A
01
0A
01
01
0A
01
0A
01
0A
01
01
01
0C
0A
01
07
01
01
0A
01
0A
01
0A
01
0A
01
0A
01
0A
01
0A
01
0A
01
0A
01
0A
01
0A
01
01
01
0C
0A
01
07
01
01
01
01
01
01
01
0C
0A
01
0A
01
0A
01
01
01
01
01
0C
0A
01
07
01
07
01
01
01
01
01
01
01
0A
01
01
01
0C
0A
01
01
01
0A
01
01
01
0C
0A
01
01
01
0A
01
0A
01
0A
01
01
01
0C
0A
01
01
01
0A
01
0A
01
0A
01
01
01
01
01
0C
0A
01
01
01
01
01
0A
01
01
01
07
01
01
0C
0A
0A
01
01
0C
0A
01
0C
0A
01
01
01
01
0C
0A
01
01
0A
01
0C
0A
01
0A
01
0A
01
0A
01
01
01
0C
0A
01
01
01
01
0A
01
01
01
0C
0A
01
0A
01
0A
01
0A
01
0A
01
0A
01
0A
01
0A
01
01
01
01
0C
0A
01
01
01
01
0A
01
01
0C
0A
01
01
0A
01
01
01
0C
0A
01
01
0A
01
0A
01
0A
01
01
01
0C
0A
01
01
01
01
0A
01
01
0C
0A
01
0A
01
01
0C
0A
01
0A
01
01
01
0C
0A
01
0A
01
0A
01
0A
01
0A
01
01
01
0C
0A
01
07
01
01
01
0A
01
01
0A
01
01
01
01
01
01
0C
0A
01
07
01
01
01
01
0A
01
0A
01
01
01
0A
01
01
01
0C
0A
01
0A
01
01
01
0C
0A
01
0A
01
0A
01
01
0A
01
0A
01
0A
01
0A
01
01
01
0C
0A
01
01
0C
0A
01
0C
0A
01
01
01
01
01
01
07
01
01
0C
0A
01
01
0C
0B
01
0C
0B
01
01
0C
0A
01
07
01
01
0C
0A
01
07
01
01
0C
0A
01
01
0C
0A
01
0C
0A
01
01
0C
0A
01
01
0C
0A
01
07
01
01
0C
0A
01
0C
0A
01
0C
0A
01
01
0C
0A
01
01
01
01
01
01
01
01
01
01
01
01
01
01
0C
0A
01
01
01
0C
0A
01
01
01
01
01
01
07
01
01
0C
0A
01
01
01
01
01
01
01
01
01
01
01
01
01
01
01
01
01
01
01
01
01
01
01
01
01
01
01
01
01
0001
0328
0324
0003
03A9
000000AC
0007
0004
0000001F
2A
2A
B4018D
B60192
990007
01
A7000E
BB0022
59
2A
2B
2C
2D
B70329
B7019B
57
B1
0000
0004
03AA
0000002A
0004
0000
001F
0149
014A
0000
0000
001F
030E
0319
0001
0000
001F
031F
0319
0002
0000
001F
031A
01A7
0003
03AD
00000016
0002
0000
001F
030E
0318
0001
0000
001F
031F
0320
0002
03AB
0000000A
0002
0000
0509
001E
0512
03AC
0000001F
0002
4F
07
0002
FF
000A
0004
07
0002
07
0317
07
0317
07
013A
0002
07
0002
07
0022
03B0
00000004
0001
0189
03AE
00000002
03C1
