01
07
01
07
01
07
01
01
07
01
07
01
01
01
07
01
01
07
01
07
01
07
01
01
07
01
07
01
01
07
01
07
01
01
07
01
01
07
01
01
07
01
01
07
01
07
01
07
01
07
01
07
01
01
01
05
01
01
01
03
01
01
01
03
01
01
01
01
01
01
01
01
01
01
01
01
01
0C
0A
01
08
0C
09
0C
09
01
01
01
01
01
0C
0A
01
01
0A
01
01
01
01
01
01
0C
09
01
01
01
0C
0A
01
01
01
0C
0A
01
01
0C
0A
01
01
0C
09
01
01
01
07
01
07
01
07
01
0C
0A
01
0C
0A
01
01
01
01
01
01
01
01
01
0C
0A
01
01
01
01
0C
09
01
0C
0A
01
01
01
01
01
01
07
01
01
0C
0A
0C
0A
01
07
01
01
0C
0A
0C
0A
01
07
0C
0A
01
01
01
01
01
0C
09
01
01
0C
0A
01
01
0C
0A
0C
0A
01
01
01
0C
0A
0C
0A
0C
0A
0A
0C
0A
0A
0A
01
01
01
01
0C
09
0C
0A
0C
0A
0A
0A
0A
01
01
01
01
07
0C
09
01
07
01
0C
0B
01
01
01
01
0C
0B
01
01
01
01
0C
0B
01
01
0C
0B
01
01
0C
0B
01
01
01
0C
0B
01
01
01
0C
0A
01
01
01
01
0C
0A
01
01
0C
0A
0C
0A
01
01
0C
0A
01
01
01
0C
0A
01
01
01
0C
0A
0C
09
01
0C
0A
01
01
0C
0A
01
01
0C
0A
01
01
0C
0A
01
01
01
01
01
01
01
01
01
01
0C
0A
01
0C
0A
01
01
0C
0A
01
01
01
01
0C
09
01
0A
01
01
01
01
01
01
01
01
01
01
01
01
0A
01
01
01
01
01
01
01
01
01
01
01
01
0009
00E3
0103
0002
0163
00000042
0003
0002
0000000E
B200E8
2A
2B
B901060300
C00002
B0
0000
0002
0164
00000006
0001
0000
A7FB
0165
00000016
0002
0000
000E
00EE
0102
0000
0000
000E
00F4
00F5
0001
0168
00000004
0001
00E6
