07
0A
09
0A
07
0A
0A
0A
0A
0A
09
09
09
07
0A
09
09
09
09
07
0A
09
09
09
07
0A
0A
0A
0A
0A
0A
0A
0A
0A
0A
0A
0A
0A
0A
06
0A
0A
08
0A
08
08
06
06
06
06
0A
07
0A
08
0A
08
07
0A
0A
08
0A
01
01
01
01
01
01
01
01
01
01
01
01
01
01
01
01
01
01
01
01
01
01
01
01
01
01
01
01
01
01
01
01
01
01
01
01
01
01
01
01
01
01
01
01
01
01
01
01
01
01
01
01
01
01
01
01
01
01
01
01
01
01
01
01
01
01
01
01
01
01
01
01
01
01
07
07
01
01
01
01
01
01
01
01
01
01
01
01
01
01
01
01
01
01
01
01
01
01
01
01
01
01
01
01
01
01
01
01
01
01
01
01
01
01
01
01
01
01
01
01
01
01
01
01
01
01
01
01
01
01
01
01
01
01
01
01
01
01
01
01
01
01
01
01
01
01
01
01
01
01
01
01
01
01
01
01
07
01
01
01
01
01
01
01
01
01
01
01
01
01
01
01
01
01
01
01
01
01
01
01
01
01
01
01
01
01
01
01
01
01
01
01
01
01
01
01
01
01
01
01
01
01
01
01
01
01
01
01
01
01
01
01
01
01
01
01
01
01
0C
0C
0C
01
0C
0C
0C
0C
0C
0C
0C
0C
01
0C
0C
01
0C
01
0C
0C
0C
0C
0C
0C
0C
0C
0C
0C
0C
0C
0C
0C
01
07
0C
01
01
0C
01
01
0C
01
01
07
0C
07
0C
01
0C
01
01
01
01
01
01
01
01
01
01
01
01
01
01
01
01
01
01
01
01
01
01
0001
0079
008F
0001
004A
00000175
000A
0012
000000D1
2B
B40010
49
2B
B40011
3904
2B
B40012
3906
2B
B40013
3908
2A
B40003
03
31
28
6B
2A
B40003
07
31
1804
6B
63
2A
B40003
1008
31
1806
6B
63
2A
B40003
100C
31
1808
6B
63
390A
2A
B40003
04
31
28
6B
2A
B40003
08
31
1804
6B
63
2A
B40003
1009
31
1806
6B
63
2A
B40003
100D
31
1808
6B
63
390C
2A
B40003
05
31
28
6B
2A
B40003
1006
31
1804
6B
63
2A
B40003
100A
31
1806
6B
63
2A
B40003
100E
31
1808
6B
63
390E
2A
B40003
06
31
28
6B
2A
B40003
1007
31
1804
6B
63
2A
B40003
100B
31
1806
6B
63
2A
B40003
100F
31
1808
6B
63
3910
BB0014
59
180A
180C
180E
1810
B70015
B0
0000
0002
004B
00000026
0009
0000
0106
0005
0107
000B
0108
0011
0109
0017
010A
0041
010B
006B
010C
0096
010D
00C1
010E
004C
00000066
000A
0000
00D1
004D
004E
0000
0000
00D1
0083
0090
0001
0005
00CC
0085
0046
0002
000B
00C6
0086
0046
0004
0011
00C0
0087
0046
0006
0017
00BA
0091
0046
0008
0041
0090
0088
0046
000A
006B
0066
0089
0046
000C
0096
003B
008A
0046
000E
00C1
0010
008B
0046
0010
