01
07
01
01
07
01
01
01
01
01
01
01
0C
0A
01
01
0C
0A
01
01
01
01
01
01
01
07
01
07
01
01
0C
0A
03
03
03
01
07
01
01
0C
0B
01
08
01
0C
0B
01
08
01
08
01
07
01
01
0C
0A
03
01
07
01
07
01
01
0C
0A
01
01
0C
0B
03
01
0C
0B
03
01
07
01
01
01
01
01
01
01
01
01
07
01
0C
0A
03
01
01
0C
0A
01
0C
0B
01
07
01
01
0C
0A
03
03
01
07
01
01
0C
0A
01
08
03
03
01
08
03
03
01
01
0C
0A
03
03
03
01
07
01
0C
0A
03
01
08
03
03
01
07
03
01
08
01
07
01
01
0C
0A
03
03
03
03
03
01
08
01
08
01
01
01
01
01
01
07
01
01
01
07
01
08
01
0C
0A
01
01
0C
0A
01
01
0C
0A
01
01
01
07
01
01
01
01
0C
0A
01
01
01
01
01
0C
0A
01
01
01
01
0C
0A
01
01
0C
0A
0C
09
01
07
01
01
0C
0A
01
0C
0A
01
0C
0A
01
01
01
01
01
08
01
08
01
08
01
08
08
01
08
01
08
01
08
01
08
01
08
01
08
01
08
01
08
01
08
01
08
01
08
01
08
01
08
01
01
03
0C
0A
01
07
01
0C
0A
0C
09
01
07
0A
0C
0A
0A
01
0C
09
01
07
01
01
07
01
01
07
01
01
01
01
01
01
01
01
01
01
01
1001
00A4
00A5
0001
0124
0000008A
0009
0004
00000046
B80012
4E
1202
2A
BB00A7
59
04
BD003D
59
03
2B
53
05
BD0034
59
03
12A9
53
59
04
12A9
53
B700AC
B80093
C00034
03
BD003D
04
BD003D
59
03
2C
53
04
BC0A
59
03
03
4F
B800B0
B800B4
B0
00
BF
0000
0002
0125
00000020
0003
0000
0044
0013
0014
0000
0000
0044
00B5
00A1
0001
0000
0044
00B6
0052
0002
0129
0000000C
0001
FF
0044
0000
0001
07
00B8
