0A
0A
09
09
0A
09
09
0A
07
07
09
08
0A
07
0A
0A
09
0A
0A
07
09
09
09
08
0A
0A
0A
07
0A
0A
07
0A
0A
07
07
01
01
01
01
01
01
01
01
01
01
01
01
01
01
01
01
01
01
01
01
01
01
01
01
01
01
01
01
01
01
01
01
07
01
01
01
01
01
01
01
01
01
01
01
01
01
01
01
01
01
01
0C
07
0C
0C
07
0C
0C
0C
0C
0C
01
01
07
0C
01
07
0C
01
07
0C
0C
0C
0C
0C
07
01
07
0C
0C
01
0C
0C
0C
01
0C
0C
01
0C
01
01
01
01
01
01
01
01
01
01
01
01
01
01
01
01
01
01
01
01
01
01
01
01
01
01
01
01
01
1041
0051
0053
0001
0030
00000041
0001
0001
00000005
2A
B60021
B0
0000
0003
0031
00000006
0001
0000
003E
0032
0000000C
0001
0000
0005
0033
0034
0000
0035
0000000C
0001
0000
0005
0033
0036
0000
