01
07
01
01
07
01
01
01
01
0C
0A
01
01
0C
09
01
01
0C
09
01
01
01
01
01
01
01
01
01
01
01
01
0C
0A
01
07
01
01
0C
0A
01
08
01
01
0C
0A
01
01
01
07
01
01
0C
0A
01
07
01
0C
0A
01
01
01
07
01
01
01
01
07
0A
01
08
01
01
0C
0A
01
0C
0A
01
08
01
0C
0A
01
0C
0A
0C
0A
01
01
01
01
01
01
0C
09
01
07
0C
0A
01
01
01
0C
0A
01
01
01
0C
0A
01
01
01
0C
0A
01
01
01
01
0C
0A
01
01
01
03
03
01
01
03
01
01
01
01
01
01
01
01
01
01
01
01
01
01
01
01
01
1001
0006
0070
0001
008A
00000043
0004
0005
00000007
2A
2B
20
B70072
B1
0000
0001
008C
0000002A
0004
0000
0007
0014
0015
0000
0000
0007
000C
000D
0001
0000
0007
0010
0011
0002
0000
0007
0073
0074
0004
