07
0A
0A
0A
07
0A
0A
0A
09
0A
0A
0A
0A
09
09
09
09
09
09
09
09
09
09
09
09
09
0A
07
01
01
01
01
01
01
01
01
01
01
01
01
01
01
01
01
01
01
01
01
01
01
01
01
01
01
01
01
01
01
01
01
01
01
01
01
01
01
01
01
01
01
01
01
01
01
01
01
01
01
01
01
01
01
01
01
01
0C
0C
01
0C
0C
0C
07
0C
0C
07
0C
0C
07
0C
0C
0C
0C
0C
0C
0C
0C
0C
0C
0C
0C
0C
0C
0C
01
01
07
01
01
01
01
01
01
01
01
01
01
01
01
01
01
01
01
01
01
0001
0037
0033
0001
0021
00000048
0003
0002
00000010
2A
B6000C
B2000E
B8000A
1B
B6000D
57
B1
0000
0002
0022
0000000A
0002
0000
00A6
000F
00A7
0023
00000016
0002
0000
0010
002A
002B
0000
0000
0010
0036
0035
0001
