01
07
01
07
01
07
01
01
01
01
08
01
08
01
07
01
07
01
08
01
07
01
01
0C
0A
01
0C
0A
01
0C
0A
01
01
01
01
01
07
01
01
0C
0A
01
07
01
0C
0B
01
01
01
01
01
01
01
01
01
01
07
01
01
01
01
01
01
01
01
01
01
01
01
01
01
0001
0022
0023
0002
0041
0000007D
0003
0004
0000001B
2B
C00025
C00025
4E
2D
2C
03
B60029
C0002B
C0002B
B9002E0200
01
B0
0000
0003
0042
0000002A
0004
0000
001B
0020
0021
0000
0000
001B
002F
0030
0001
0000
001B
0031
0033
0002
0008
0013
0034
0035
0003
0044
0000000C
0001
0000
001B
0031
0032
0002
0043
0000000E
0003
0000
0009
0008
000A
0019
000B
0045
00000002
0046
