0A
09
09
07
0A
0A
09
0B
08
09
12
0B
0A
07
0A
12
0B
09
0A
0A
09
0A
07
0B
0A
0B
0A
0B
0B
0B
0B
07
0B
07
0B
07
0A
0A
0B
07
12
0A
0A
09
09
0A
08
08
0A
12
0A
09
07
0A
0A
08
07
07
0A
07
0A
07
07
08
0A
0A
0B
12
07
07
07
07
07
0A
12
0A
09
09
0A
0A
01
01
01
01
01
01
01
01
01
01
01
01
01
01
01
01
01
01
01
01
01
01
01
01
01
01
01
01
01
01
01
01
01
01
01
01
01
01
01
01
01
01
07
01
01
01
01
01
01
01
01
01
01
01
01
01
01
01
07
01
01
01
01
01
01
01
01
01
01
01
01
01
01
01
01
01
01
01
01
07
01
01
01
01
0C
0C
0C
01
07
0C
0C
0C
0C
01
0C
01
0F
10
0F
10
0C
0C
0C
01
07
0C
0F
08
0C
07
0C
0C
0C
0C
0C
07
0C
01
0C
0C
0C
0C
0C
07
0C
0C
0C
01
0C
01
0C
01
0C
0C
0C
01
08
0C
0C
0C
0C
0C
01
01
0C
08
0C
0C
01
0C
01
01
0C
01
07
0C
07
01
01
01
0C
07
08
0C
01
01
01
01
01
0C
08
0C
0C
07
0C
0C
07
0C
0C
01
01
01
01
01
01
01
0A
01
0A
01
01
01
01
01
01
01
0A
01
01
01
01
01
01
01
01
01
01
01
01
01
01
01
01
01
01
01
01
01
01
01
01
01
01
01
01
01
01
01
01
01
01
01
01
01
01
01
01
01
01
01
01
01
01
01
01
01
01
01
01
01
01
01
01
01
01
01
01
01
01
07
0C
0C
07
0C
01
01
07
01
01
01
01
07
01
01
0001
0073
0074
0001
0066
00000032
0001
0001
00000008
2A
B40002
B60006
AC
0000
0002
0067
00000006
0001
0000
005E
0068
0000000C
0001
0000
0008
0069
0063
0000
