01
07
01
07
01
07
01
01
07
01
01
07
01
01
07
01
07
01
07
01
07
01
01
07
01
01
07
01
01
07
01
07
01
07
01
07
01
07
01
01
01
03
01
01
03
01
01
01
01
01
01
05
01
01
01
01
01
01
01
01
0C
0A
0C
09
01
01
01
01
01
0C
0A
0C
09
01
08
0C
09
01
01
01
07
01
0C
0A
01
01
07
01
07
0A
01
07
01
01
0C
0A
01
01
0C
0A
01
0C
0A
01
01
0C
0A
01
01
0C
0A
01
0C
0A
01
0C
0A
01
01
01
01
01
01
01
01
01
01
01
01
01
01
01
01
0C
0A
01
01
01
0C
0A
01
01
0C
0A
01
01
01
07
01
07
01
0C
0A
01
01
01
01
01
01
01
0C
0A
01
01
01
01
01
01
07
01
01
0C
0A
0C
0A
01
0C
0A
01
01
0C
0A
01
01
01
01
0C
09
01
01
0C
0A
01
01
0C
0A
01
01
01
0C
09
01
07
01
0C
0B
01
01
01
0C
0B
01
01
0C
0B
01
01
01
0C
0B
01
01
01
0C
0A
01
01
01
0C
0A
01
01
0C
0A
0C
0A
01
01
0C
0A
01
01
0C
0A
01
01
01
0C
0A
0C
09
01
0C
0A
01
01
0C
0A
01
01
0C
0A
01
01
0C
0A
01
01
01
01
01
01
01
01
01
01
0C
0A
01
0C
0A
01
01
0C
0A
01
01
01
0C
09
01
0A
01
01
01
01
01
01
01
01
01
01
01
01
01
07
01
0C
0A
01
0C
0A
01
01
0A
01
01
01
01
01
01
01
01
01
1008
0129
012A
0001
013F
0000003B
0003
0002
00000007
2A
1B
5A
B5004A
AC
0000
0002
0140
00000006
0001
0000
0036
0141
00000016
0002
0000
0007
0126
0037
0000
0000
0007
0127
0029
0001
