07
0A
09
09
07
0A
0A
09
09
0A
0B
07
0A
0A
08
0A
0A
0B
0A
0A
0A
0A
0A
07
0A
07
0A
07
07
01
01
01
01
01
01
01
01
01
01
01
01
01
01
01
01
01
01
01
01
01
01
01
01
01
01
01
01
01
01
01
01
01
01
01
01
01
01
01
0C
0C
0C
01
0C
0C
0C
07
0C
0C
07
0C
01
0C
07
0C
01
07
0C
0C
07
0C
0C
0C
0C
0C
07
0C
01
0C
01
07
0C
01
01
01
01
01
01
01
01
01
01
01
01
01
01
01
01
01
01
01
01
01
01
01
01
01
01
01
01
01
01
01
0008
003F
002C
0001
0026
00000021
0001
0000
00000009
121A
B8001B
B30008
B1
0000
0001
0027
00000006
0001
0000
0019
