0A
09
0A
0A
12
0A
08
0A
08
0A
08
0A
12
0B
07
07
08
0B
08
0B
0B
0A
0A
0B
09
07
0A
0A
07
0A
08
12
07
07
12
12
07
07
12
12
07
07
12
12
07
07
12
12
08
12
0A
0A
0A
0B
08
0B
08
12
07
0A
08
12
07
0A
08
12
07
0A
08
12
0A
08
12
0A
08
12
07
0A
08
0B
08
12
07
08
12
07
08
12
07
08
12
07
08
08
08
08
08
08
07
0A
08
07
0A
12
12
07
07
07
07
07
01
01
01
01
01
01
01
01
01
01
01
01
01
01
01
01
01
01
01
01
01
01
01
01
01
07
07
07
01
01
01
01
01
01
01
01
01
01
01
01
01
01
01
01
07
01
01
01
01
01
07
01
01
01
01
01
01
01
01
01
01
01
01
01
01
01
01
01
01
01
01
01
01
01
01
01
01
01
01
01
01
01
01
01
01
01
01
01
01
01
01
01
01
01
01
01
01
01
01
01
01
01
01
01
01
01
01
01
01
01
01
01
01
01
01
01
01
01
01
01
0C
0C
0C
07
0C
01
0F
08
0C
0C
0C
07
0C
01
07
0C
08
0C
0C
01
01
01
0C
01
07
0C
0C
0C
0C
07
0C
07
0C
01
0C
0C
01
07
0C
01
08
0C
01
01
08
08
01
01
08
08
01
01
08
08
01
01
08
0C
08
0C
01
08
0C
07
0C
0C
01
0C
01
08
01
01
08
01
01
08
01
01
08
01
08
01
08
01
01
0C
01
08
0C
01
01
08
01
01
08
01
01
08
01
01
01
01
01
01
01
01
01
01
08
08
01
01
01
01
01
01
01
01
01
01
01
01
01
01
01
01
0A
01
01
01
01
01
01
01
01
01
01
01
01
01
01
01
01
01
01
01
01
07
01
01
01
01
01
01
01
01
01
01
01
01
07
01
01
01
01
01
01
01
01
01
01
01
01
01
01
01
01
01
01
01
01
01
01
01
01
01
01
01
01
01
01
01
01
01
01
01
01
01
01
01
01
01
01
01
01
01
01
07
0C
01
01
01
07
01
01
07
01
01
0001
00AA
00AB
0002
0073
00000134
0005
0007
0000007F
2A
B60003
B80004
123D
B60006
B8000A
4E
2D
2A
B40002
120B
B6000C
BA003E0000
B9000E0200
3A04
2B
C7000D
BB003F
59
B70040
A70004
2B
B80034
3A05
1904
04
BD000F
59
03
1211
53
B900120200
1213
2C
B900140300
1905
B80035
B900380200
3A06
1906
B60017
B900180100
B20019
A60006
A70010
BB001A
59
1906
B6001B
B7001C
BF
B1
0000
0003
0074
00000036
000D
0000
0121
0009
0122
000C
0124
0010
0125
0017
0126
0026
0128
0035
0127
003A
0129
004D
012A
0054
012B
005E
012D
0071
0130
007E
0132
0075
00000048
0007
0000
007F
0076
0077
0000
0000
007F
00AC
00AD
0001
0000
007F
007D
007B
0002
0010
006F
007E
007F
0003
0026
0059
0080
0081
0004
003A
0045
00AE
007B
0005
005E
0021
0082
0083
0006
0087
00000019
0004
FD
0034
07
0088
07
0089
40
07
00A1
FD
003B
07
000F
07
008A
0C
008B
00000004
0001
001A
