0A
0A
0A
09
0A
09
0A
09
0A
09
0A
09
0A
09
0A
09
0A
09
09
09
09
09
09
09
12
07
07
01
01
01
01
01
01
01
01
01
01
01
01
01
01
01
01
01
01
01
01
01
01
01
01
01
01
01
01
01
01
01
01
01
01
01
01
01
01
01
01
01
01
01
01
01
01
01
01
01
01
01
01
01
01
01
01
01
07
0C
0C
0C
0C
0C
0C
0C
0C
0C
0C
0C
0C
0C
0C
0C
0C
0C
01
0F
08
0C
01
01
01
0A
01
01
01
07
0C
01
07
01
01
07
01
01
0001
001E
0045
0002
002A
00000050
0002
0002
0000000A
2A
2B
B50013
2A
B60003
B0
0000
0003
002B
00000006
0001
0000
0014
002C
00000016
0002
0000
000A
002D
0030
0000
0000
000A
001E
001D
0001
0031
0000000C
0001
0000
000A
002D
0032
0000
0038
00000002
0046
