0A
07
08
0A
08
09
0A
07
08
0A
09
09
09
08
09
0B
0A
07
0A
0A
0A
0A
0A
0A
0A
0A
07
01
01
01
08
01
01
01
01
01
01
01
01
01
01
01
01
01
01
01
01
01
01
01
01
01
07
07
01
01
01
07
01
01
01
01
01
01
01
01
01
01
01
01
01
01
01
01
01
01
01
01
01
01
0C
01
01
0C
01
0C
0C
01
01
0C
0C
0C
0C
01
0C
07
0C
0C
01
07
0C
0C
07
0C
07
0C
01
01
01
01
01
01
01
01
01
01
01
01
01
01
01
01
01
0008
004D
004E
0001
0030
0000003F
0001
0000
00000018
130012
B60019
9A0007
04
A70004
03
B30006
B8001A
B3000F
B1
0000
0002
0031
0000000A
0002
0000
002C
0011
0031
0034
00000005
0002
0D
40
01
