0A
09
0A
0A
12
0A
08
0A
08
0A
08
0A
12
0B
07
07
08
0B
08
0B
0B
0A
0A
0B
09
07
0A
0A
07
0A
08
12
07
07
12
12
07
07
12
12
07
07
12
12
07
07
12
12
08
12
0A
0A
0A
0B
08
0B
08
12
07
0A
08
12
07
0A
08
12
07
0A
08
12
0A
08
12
0A
08
12
07
0A
08
0B
08
12
07
08
12
07
08
12
07
08
12
07
08
08
08
08
08
08
07
0A
08
07
0A
12
12
07
07
07
07
07
01
01
01
01
01
01
01
01
01
01
01
01
01
01
01
01
01
01
01
01
01
01
01
01
01
07
07
07
01
01
01
01
01
01
01
01
01
01
01
01
01
01
01
01
07
01
01
01
01
01
07
01
01
01
01
01
01
01
01
01
01
01
01
01
01
01
01
01
01
01
01
01
01
01
01
01
01
01
01
01
01
01
01
01
01
01
01
01
01
01
01
01
01
01
01
01
01
01
01
01
01
01
01
01
01
01
01
01
01
01
01
01
01
01
01
01
01
01
01
01
0C
0C
0C
07
0C
01
0F
08
0C
0C
0C
07
0C
01
07
0C
08
0C
0C
01
01
01
0C
01
07
0C
0C
0C
0C
07
0C
07
0C
01
0C
0C
01
07
0C
01
08
0C
01
01
08
08
01
01
08
08
01
01
08
08
01
01
08
0C
08
0C
01
08
0C
07
0C
0C
01
0C
01
08
01
01
08
01
01
08
01
01
08
01
08
01
08
01
01
0C
01
08
0C
01
01
08
01
01
08
01
01
08
01
01
01
01
01
01
01
01
01
01
08
08
01
01
01
01
01
01
01
01
01
01
01
01
01
01
01
01
0A
01
01
01
01
01
01
01
01
01
01
01
01
01
01
01
01
01
01
01
01
07
01
01
01
01
01
01
01
01
01
01
01
01
07
01
01
01
01
01
01
01
01
01
01
01
01
01
01
01
01
01
01
01
01
01
01
01
01
01
01
01
01
01
01
01
01
01
01
01
01
01
01
01
01
01
01
01
01
01
01
07
0C
01
01
01
07
01
01
07
01
01
0001
0071
0072
0001
0073
0000004F
0002
0002
0000000F
2A
B70001
2A
01
B50002
2A
2B
B50002
B1
0000
0002
0074
00000012
0004
0000
0038
0004
0031
0009
0039
000E
003A
0075
00000016
0002
0000
000F
0076
0077
0000
0000
000F
006F
0070
0001
