01
07
01
01
07
01
01
07
01
01
01
05
01
01
01
01
0C
09
01
01
0C
0A
01
01
0C
0A
01
01
01
01
0C
0A
01
01
01
01
01
01
01
01
0C
0A
01
07
01
01
0C
0B
01
01
0C
0B
01
07
0C
0A
01
01
01
01
01
01
01
01
01
01
01
01
01
01
07
0A
01
07
01
01
0C
0A
01
01
0C
0B
0A
01
01
0C
0B
01
07
01
01
0C
0A
01
01
01
01
01
01
01
01
01
0C
0A
01
01
01
01
01
01
01
01
07
01
07
0A
01
08
01
01
0C
0A
01
08
01
01
0C
0A
01
07
0A
01
0C
0A
01
0C
0A
01
01
01
01
0A
01
01
0C
0B
01
01
01
01
01
0C
0A
01
01
01
01
01
01
01
01
01
0001
0014
001E
0002
009C
00000050
0002
0002
00000006
2A
2B
B70021
B1
0000
0003
009D
0000000A
0002
0000
0051
0005
0052
009E
00000016
0002
0000
0006
0018
000F
0000
0000
0006
0022
0024
0001
009F
0000000C
0001
0000
0006
0022
0023
0001
00A0
00000002
001F
