01
07
01
01
07
01
07
01
07
01
01
07
01
01
07
01
01
01
01
01
01
01
0C
09
01
0C
0A
01
07
01
0C
0A
0C
09
01
01
01
01
01
01
01
0C
0A
01
01
01
01
0C
0A
01
01
0C
0A
01
0C
0A
01
01
01
01
01
01
01
01
0000
0015
0016
0001
0039
0000006F
0005
0003
00000017
2A
2B
B50018
2A
B7001B
2A
BB001D
59
2A
2C
B70020
B50022
B1
0000
0003
003A
00000020
0003
0000
0017
0023
0025
0000
0000
0017
0013
0014
0001
0000
0017
0026
0027
0002
003B
0000000C
0001
0000
0017
0023
0024
0000
003C
0000000E
0003
0000
0351
0009
0352
0016
0353
