0A
09
09
07
0A
09
07
0A
09
09
12
07
0A
08
0A
0A
08
08
0A
08
08
0A
0A
0A
07
07
01
01
01
01
01
01
01
01
01
01
01
01
01
01
01
01
01
01
01
01
01
01
01
01
01
01
01
01
01
01
01
01
01
01
01
01
01
01
01
01
01
01
0C
0C
0C
01
0C
0C
01
0C
0C
0C
01
0F
10
0F
10
0C
01
01
0C
0C
01
01
0C
01
01
0C
0C
07
0C
01
01
01
01
01
0A
01
0A
01
01
01
01
01
01
01
01
01
01
07
0C
0C
01
01
07
01
01
01
07
01
01
0001
0033
0032
0001
0028
0000002F
0002
0001
00000005
2A
B40003
AD
0000
0002
0029
00000006
0001
0000
003F
002A
0000000C
0001
0000
0005
002B
002C
0000
