0A
0A
0B
12
0B
0B
09
0A
0A
07
09
0A
0B
0B
12
12
0A
0B
07
07
0A
0B
07
0A
0A
07
0A
0B
09
09
0A
0B
0B
0A
09
0A
07
07
08
0A
07
0A
07
07
01
01
01
01
01
01
01
01
01
01
01
01
01
01
01
01
01
01
01
01
01
01
01
01
01
01
01
01
01
01
01
01
01
01
01
01
07
01
01
07
01
01
01
01
01
01
01
01
01
01
07
01
01
01
01
0C
07
0C
0C
01
0F
10
0F
10
0C
07
0C
0C
0C
0C
0C
01
0C
07
0C
0C
07
0C
10
0F
10
0C
0F
10
07
0C
07
0C
01
01
0C
0C
01
0C
01
0C
0C
07
0C
0C
07
0C
0C
07
0C
0C
0C
0C
01
01
01
07
0C
01
01
01
01
01
01
01
01
01
0A
0A
01
01
01
01
01
01
01
01
01
01
01
01
01
01
01
01
01
0B
01
01
01
0A
01
01
01
01
01
01
01
01
01
01
01
01
01
01
01
01
01
01
01
01
01
01
01
01
01
01
01
01
01
07
0C
0C
0C
0C
01
01
07
01
01
01
07
01
01
1002
005A
005B
0001
0038
0000009B
0004
0007
00000024
B80002
1F
65
3705
2A
2D
B900200100
B900210100
B70022
1605
B20023
B60024
A70005
3A05
B1
0001
0000
001E
0021
0025
0003
0039
00000016
0005
0000
003F
0007
0040
001E
0043
0021
0041
0023
0044
003A
00000034
0005
0007
0017
005C
0042
0005
0000
0024
003B
003C
0000
0000
0024
0041
0042
0001
0000
0024
003F
0040
0003
0000
0024
005D
005E
0004
0050
00000007
0002
61
07
005F
01
