01
07
01
01
07
01
07
01
01
0C
0A
01
01
01
01
01
01
01
0C
09
01
01
01
08
01
07
01
01
0C
0A
01
08
01
07
01
01
0C
0A
01
07
01
01
0C
0B
01
01
01
01
01
08
01
07
01
0C
0B
0C
0A
01
01
0C
0A
01
01
0C
0A
01
0A
01
0C
09
01
08
01
07
01
0C
09
01
07
01
07
01
01
0C
0A
01
01
03
03
03
01
01
03
01
01
01
01
01
01
01
01
01
01
01
01
01
01
01
0001
002F
0030
0003
0066
00000048
0004
0002
00000014
2B
1232
B8001E
BB0022
59
2B
B900370100
B70039
B0
0000
0002
0067
00000006
0001
0006
0039
0068
00000016
0002
0000
0014
000C
000D
0000
0000
0014
0031
003A
0001
0065
00000006
0001
0010
0000
0069
00000007
01
0001
0010
0000
