07
0A
0B
0B
0B
0B
0B
0B
0B
0B
0B
0B
0A
0B
09
0B
0B
0B
0B
07
0B
0B
07
07
07
07
01
01
01
07
01
01
01
01
01
01
01
07
01
01
01
01
01
01
01
01
01
01
01
01
01
01
01
01
01
01
01
01
01
01
01
01
01
01
01
01
01
01
01
01
01
01
01
01
01
01
01
01
01
01
01
01
01
01
01
01
01
01
01
01
01
01
01
01
01
01
01
01
01
01
01
01
01
01
01
01
01
01
01
01
01
01
01
01
01
01
01
01
01
01
01
01
01
01
01
01
01
01
01
01
07
0C
0C
0C
0C
0C
0C
0C
0C
0C
0C
0C
0C
07
0C
07
0C
0C
0C
0C
0C
01
0C
0C
01
01
01
01
01
01
01
01
01
01
01
01
01
01
01
0001
0035
0052
0003
0040
0000005E
0006
0005
00000012
2A
2B
2C
21
1201
B80002
C00001
B900080600
B1
0000
0002
0041
0000000A
0002
0000
0074
0011
0075
0042
0000002A
0004
0000
0012
0043
0044
0000
0000
0012
0045
0046
0001
0000
0012
0047
0051
0002
0000
0012
004A
004B
0003
001D
00000004
0001
001E
0021
0000000F
03
0001
0022
0000
0001
0022
0000
0000
