01
07
01
07
01
01
01
0C
0A
01
01
0C
09
01
01
0C
09
01
01
01
01
01
01
01
01
01
01
01
0C
0A
01
01
0C
0A
01
01
01
08
01
07
01
01
0C
0A
0F
01
0C
12
01
01
07
01
0C
0A
01
07
01
0C
0A
01
01
01
01
01
01
01
01
01
01
07
01
01
0C
0B
01
01
0C
0B
01
01
01
01
01
01
01
01
01
01
01
01
01
01
01
01
01
01
07
01
01
0C
09
01
01
0C
0A
01
07
01
01
0C
0A
01
01
01
01
01
07
01
0C
0A
01
01
0C
09
01
01
01
03
03
03
01
01
03
01
01
01
01
01
01
01
01
01
01
01
01
01
01
01
01
01
01
1019
0042
0043
0002
008E
00000057
0005
0003
00000019
2B
2C
03
2A
B4000D
B9004A0500
2B
2C
04
2A
B40011
B9004E0400
B1
0000
0002
008F
00000006
0001
0000
0005
0090
00000020
0003
0000
0019
004F
0013
0000
0000
0019
0050
0051
0001
0000
0019
0052
0053
0002
0093
00000006
0001
0044
0000
