01
07
01
07
01
01
01
01
01
01
01
01
08
01
07
01
01
0C
0A
01
0C
0A
01
0C
09
01
0C
09
01
0C
09
01
0C
09
01
08
01
01
0C
09
01
01
01
01
07
03
01
0C
0A
0C
0A
01
01
01
01
01
01
01
01
01
01
01
01
01
01
01
08
01
01
01
01
01
01
0C
09
01
01
01
01
01
01
01
01
01
0C
09
01
01
01
01
01
01
0C
09
01
01
01
01
01
01
01
01
0C
0A
01
01
01
01
07
01
01
0C
0A
01
0C
0A
01
10
01
01
0C
0A
0F
01
07
01
01
0C
0A
0F
01
01
0C
12
01
01
0C
0A
01
01
01
01
01
0C
0A
01
07
01
01
0C
09
01
07
01
01
0C
0A
01
08
01
08
01
07
0A
01
07
01
07
0A
01
08
01
01
0C
0A
01
0C
0A
01
08
01
0C
0A
01
08
01
08
01
08
01
0C
0A
01
07
01
01
0C
0A
0C
0A
01
07
01
08
01
07
01
0C
0A
01
01
0C
0A
01
07
01
01
0C
0A
01
01
01
01
01
01
07
01
01
01
01
01
01
01
01
01
0C
0A
01
08
01
08
01
0C
0A
01
08
01
08
01
0C
0A
01
01
07
01
0C
0A
01
07
0C
0A
01
07
0A
0A
01
01
01
01
01
01
0C
0A
01
01
01
01
01
01
0C
09
01
07
01
01
0C
0B
01
01
0C
0B
01
07
01
01
0C
0B
01
07
01
01
0C
09
01
0C
0B
01
01
0C
0B
01
07
01
0C
09
01
07
01
0C
09
01
01
01
01
01
07
01
01
01
01
01
01
01
01
01
07
01
0C
09
01
01
0C
0A
01
07
01
01
0C
0A
01
01
01
07
01
07
01
01
08
08
0C
0A
01
01
01
01
07
01
0C
0A
01
01
0C
09
01
07
01
0C
09
01
07
01
01
0C
0A
01
0C
09
01
07
0A
01
01
01
01
01
01
01
01
01
03
03
03
01
01
03
01
01
01
01
01
01
01
01
01
01
01
07
01
01
07
01
07
01
01
07
01
07
01
01
07
01
01
07
01
07
01
01
01
01
01
01
01
01
01
01
01
01
01
01
01
01
0011
006A
006B
0002
01B9
00000078
0003
0004
0000001E
BB006D
59
2A
B70071
B70074
4C
2B
4D
03
3E
2C
2A
BA00860000
B6008A
57
00
2B
B0
0000
0002
01BA
00000022
0008
0000
0269
0004
026A
0008
0269
000C
026B
0010
026C
001B
026F
001C
026B
001D
0269
01BB
00000020
0003
0010
000C
008B
008C
0003
000E
000E
008D
008E
0002
0000
001E
0029
002A
0000
01B6
00000006
0001
000C
0000
