01
07
01
07
01
01
0C
0A
01
01
01
01
01
01
01
01
08
01
07
01
01
0C
0A
01
07
01
0C
0A
01
07
01
01
01
01
08
01
07
01
01
0C
0A
0C
0A
01
01
01
01
07
01
01
0C
0B
01
01
01
01
07
01
01
0C
0B
0C
0A
01
01
01
01
08
01
0C
0A
01
01
01
0C
0A
01
01
01
01
0C
0A
01
0A
01
0C
09
01
01
03
03
01
01
03
01
01
01
01
01
01
01
01
01
01
01
07
01
01
01
01
01
01
01
01
01
01
01
01
0011
000B
000C
0005
006E
00000051
0005
0004
00000013
2D
1211
B80017
BB0019
59
1F
2D
B7001C
C0001E
B0
0000
0002
006F
00000006
0001
0006
00B7
0070
00000020
0003
0000
0013
0009
000A
0000
0000
0013
000E
001F
0001
0000
0013
000F
0020
0003
0071
00000002
000D
006D
00000006
0001
0010
0000
0072
00000009
02
0000
0001
0010
0000
0073
00000009
02
000E
0000
000F
0000
