01
07
01
01
07
01
07
01
01
01
01
01
01
01
01
01
01
03
01
01
08
01
07
01
01
0C
0A
01
08
01
08
01
0C
0A
01
01
0C
09
01
0C
09
01
0C
09
01
0C
09
0C
09
01
0C
09
01
0C
09
01
01
0C
09
01
0C
09
01
0C
09
01
0C
09
01
0C
09
01
0C
09
01
0C
09
0C
09
01
01
0C
09
01
0C
09
01
01
01
01
07
01
01
0C
09
01
07
01
01
0C
0A
0C
0A
01
01
01
01
01
01
01
01
01
01
01
01
01
01
01
01
01
01
01
01
01
01
01
01
01
01
01
07
01
01
0C
0A
01
07
01
01
0C
09
01
01
0C
0A
01
08
01
0C
0A
01
07
01
01
0C
0A
01
01
0C
0A
01
0C
0A
01
01
0C
0A
01
01
0C
0A
01
0C
0A
01
0C
0A
01
08
01
01
01
01
0C
0A
01
01
01
01
01
01
01
01
01
01
01
01
01
01
01
01
01
01
01
01
0C
0A
01
01
01
07
0A
01
08
01
01
0C
0A
01
0C
0A
01
08
01
08
01
08
01
0C
0A
01
08
01
08
01
08
01
08
01
0C
0A
01
08
01
08
01
08
01
08
01
08
01
08
01
08
01
0C
0A
0C
0A
01
01
07
01
0C
0A
0C
0A
01
07
01
0C
0A
01
01
01
01
01
01
0C
0A
01
01
0C
0A
01
01
01
01
01
08
01
01
0C
0A
01
08
01
07
01
01
0C
0A
01
01
0C
0A
01
0C
0A
01
01
0C
0A
01
07
01
0C
09
01
07
01
01
0C
0A
01
07
01
01
0C
0A
01
0C
0A
01
07
01
0C
09
01
07
01
0C
0A
01
07
01
0C
09
01
07
01
0C
0A
01
01
01
01
01
01
01
01
01
01
07
0C
0A
01
01
0C
09
01
01
07
01
0C
0A
01
0C
09
01
10
0C
0A
0F
10
01
07
01
01
0C
0A
0F
01
01
0C
12
01
01
0C
09
01
07
01
0C
0A
01
01
01
01
01
03
01
03
01
03
01
01
01
01
01
01
01
03
01
01
03
01
01
01
01
01
01
01
01
07
01
01
01
01
01
01
01
01
01
01
01
01
01
01
0011
00C9
00CA
0005
01B9
000000EC
0011
0010
00000038
1904
1215
B8001B
1905
121D
B8001B
190F
121F
B8001B
BB0002
59
1B
1C
1D
1904
1905
1506
1507
1708
1709
170A
170B
150C
150D
170E
190F
B70067
B0
0000
0001
01BB
000000A2
0010
0000
0038
0057
0058
0000
0000
0038
0023
0024
0001
0000
0038
0027
0024
0002
0000
0038
002A
0024
0003
0000
0038
0014
002D
0004
0000
0038
001C
002D
0005
0000
0038
0032
0024
0006
0000
0038
0035
0024
0007
0000
0038
0038
0039
0008
0000
0038
003C
0039
0009
0000
0038
003F
0039
000A
0000
0038
0042
0039
000B
0000
0038
0045
0024
000C
0000
0038
0048
0024
000D
0000
0038
004B
0039
000E
0000
0038
001E
002D
000F
01B7
00000002
00CB
01B6
00000006
0001
0013
0000
01BC
000000AB
0F
0001
000B
0001
0001000C
73
000D
0001
000B
0001
0001000C
73
000D
0001
000B
0001
0001000C
73
000E
0001
000B
0001
0001000C
73
000D
0001
000B
0001
0001000C
73
000E
0001
000B
0001
0001000C
73
000D
0001
000B
0001
0001000C
73
000D
0001
000B
0001
0001000C
73
000F
0001
000B
0001
0001000C
73
000F
0001
000B
0001
0001000C
73
000F
0001
000B
0001
0001000C
73
000F
0001
000B
0001
0001000C
73
0010
0001
000B
0001
0001000C
73
0010
0001
000B
0001
0001000C
73
000F
0001
000B
0002
0002000C
73
000D
0011
5A
0012
01BD
0000002B
0F
0000
0000
0000
0001
0013
0000
0001
0013
0000
0000
0000
0000
0000
0000
0000
0000
0000
0000
0001
0013
0000
