01
07
01
07
01
01
01
01
01
01
01
0C
0A
01
01
01
01
01
01
01
01
01
01
01
01
01
01
03
01
01
0C
09
01
07
01
01
0C
0A
01
07
01
01
0C
09
01
07
01
07
01
01
0C
0A
01
07
01
01
0C
0A
01
07
01
01
0C
0A
01
07
01
01
0C
0A
01
01
01
01
01
01
01
01
01
01
0C
0A
01
07
01
01
0C
0A
01
01
0C
0A
01
01
0C
0A
01
07
01
01
0C
0A
01
07
01
07
01
07
01
01
0C
0A
01
01
0C
09
01
07
01
01
0C
0A
01
01
0C
0A
01
01
01
01
01
01
01
01
01
01
01
01
01
01
0C
0A
01
01
01
01
01
01
01
01
01
01
01
01
0004
0009
000A
0002
0092
00000050
0002
0002
00000006
2A
2B
B7000D
B1
0000
0003
0093
0000000A
0002
0000
0018
0005
0019
0094
00000016
0002
0000
0006
000E
000F
0000
0000
0006
0010
0012
0001
0095
0000000C
0001
0000
0006
0010
0011
0001
0096
00000002
000B
