01
07
01
07
01
01
01
01
01
01
01
0C
0A
01
01
01
01
01
01
01
01
01
01
01
01
01
01
03
01
01
0C
09
01
07
01
01
0C
0A
01
07
01
01
0C
09
01
07
01
07
01
01
0C
0A
01
07
01
01
0C
0A
01
07
01
01
0C
0A
01
07
01
01
0C
0A
01
01
01
01
01
01
01
01
01
01
0C
0A
01
07
01
01
0C
0A
01
01
0C
0A
01
01
0C
0A
01
07
01
01
0C
0A
01
07
01
07
01
07
01
01
0C
0A
01
01
0C
09
01
07
01
01
0C
0A
01
01
0C
0A
01
01
01
01
01
01
01
01
01
01
01
01
01
01
0C
0A
01
01
01
01
01
01
01
01
01
01
01
01
0001
0088
0089
0003
0092
00000084
0002
0004
00000019
1B
07
A20016
2A
1B
B60060
B6008E
99000B
2D
04
B80040
B60046
B1
0000
0004
0097
00000003
0001
18
0093
0000000E
0003
0000
003A
0010
003B
0018
003C
0094
0000002A
0004
0000
0019
000E
000F
0000
0000
0019
008F
0080
0001
0000
0019
0090
0091
0002
0000
0019
0047
0049
0003
0095
0000000C
0001
0000
0019
0047
0048
0003
0096
00000002
008A
0098
00000022
0001
0016
0003
00030017
5B
0001
73
008B
0018
5B
0001
40
0019
0001
00010007
73
001A
001B
5A
001C
