0A
09
09
09
07
0A
09
08
09
07
08
07
08
0A
0B
0A
0A
09
08
09
09
0A
0A
0A
08
07
0A
08
0A
0A
0A
08
08
07
0A
08
0A
09
08
0A
0A
0B
0B
0B
0A
0A
0B
07
0A
0A
0A
0A
0A
0A
0A
07
0A
08
0A
0A
0A
0A
0A
09
09
09
08
08
07
0A
07
07
07
01
01
01
03
01
01
01
01
01
01
01
01
01
01
01
01
01
01
01
01
01
01
01
01
01
01
01
01
01
01
01
01
01
01
01
01
01
01
01
01
01
01
01
01
01
01
01
01
01
01
01
01
01
01
01
01
01
01
01
01
01
01
01
01
01
01
01
01
01
01
01
01
01
01
01
01
01
01
01
01
01
01
01
01
01
01
01
01
01
01
01
01
01
01
01
01
01
01
01
01
01
01
01
01
01
01
01
01
01
01
01
01
01
01
01
01
01
01
01
01
01
01
01
01
01
01
01
01
01
01
01
01
01
01
01
01
01
01
01
01
01
01
01
01
01
01
01
01
01
01
01
01
01
01
01
01
01
01
01
01
01
01
01
01
01
01
01
01
01
01
01
01
07
01
01
01
01
01
01
01
01
01
07
01
01
01
01
01
07
07
01
01
01
07
01
01
01
01
01
01
01
01
01
01
01
01
01
01
01
01
01
01
01
01
01
01
01
01
01
01
01
01
01
01
01
01
01
01
01
01
01
01
01
01
01
01
01
01
01
01
01
01
01
01
01
01
01
01
01
01
01
01
01
01
01
01
01
01
01
01
01
01
01
01
01
01
01
01
01
01
01
01
01
01
01
01
01
01
01
01
01
01
01
01
01
01
01
01
01
01
01
01
01
01
01
01
01
01
01
01
01
01
01
01
01
01
01
01
01
01
01
01
01
01
01
01
01
01
01
01
01
01
01
01
01
01
01
01
01
01
01
01
01
01
01
0C
0C
0C
0C
01
0C
01
0C
01
01
01
01
0C
07
0C
07
0C
0C
01
0C
0C
07
0C
07
07
01
01
01
0C
0C
01
01
01
01
0C
0C
01
07
0C
0C
07
0C
0C
0C
07
0C
0C
01
0C
0C
0C
0C
0C
0C
01
07
0C
01
0C
0C
0C
07
07
0C
0C
0C
01
01
01
01
01
01
01
07
01
01
01
01
01
01
01
01
01
01
01
01
01
01
01
01
01
01
01
01
01
01
01
01
01
01
01
01
01
01
01
01
01
01
01
01
01
01
01
01
01
01
01
01
01
0001
015F
0160
0001
005D
00000036
0001
0002
00000002
05
AC
0000
0002
005E
00000006
0001
0000
02A5
005F
00000016
0002
0000
0002
0060
0061
0000
0000
0002
0161
0055
0001
