0A
09
09
09
07
0A
09
08
09
07
08
07
08
0A
0B
0A
0A
09
08
09
09
0A
0A
0A
08
07
0A
08
0A
0A
0A
08
08
07
0A
08
0A
09
08
0A
0A
0B
0B
0B
0A
0A
0B
07
0A
0A
0A
0A
0A
0A
0A
07
0A
08
0A
0A
0A
0A
0A
09
09
09
08
08
07
0A
07
07
07
01
01
01
03
01
01
01
01
01
01
01
01
01
01
01
01
01
01
01
01
01
01
01
01
01
01
01
01
01
01
01
01
01
01
01
01
01
01
01
01
01
01
01
01
01
01
01
01
01
01
01
01
01
01
01
01
01
01
01
01
01
01
01
01
01
01
01
01
01
01
01
01
01
01
01
01
01
01
01
01
01
01
01
01
01
01
01
01
01
01
01
01
01
01
01
01
01
01
01
01
01
01
01
01
01
01
01
01
01
01
01
01
01
01
01
01
01
01
01
01
01
01
01
01
01
01
01
01
01
01
01
01
01
01
01
01
01
01
01
01
01
01
01
01
01
01
01
01
01
01
01
01
01
01
01
01
01
01
01
01
01
01
01
01
01
01
01
01
01
01
01
01
07
01
01
01
01
01
01
01
01
01
07
01
01
01
01
01
07
07
01
01
01
07
01
01
01
01
01
01
01
01
01
01
01
01
01
01
01
01
01
01
01
01
01
01
01
01
01
01
01
01
01
01
01
01
01
01
01
01
01
01
01
01
01
01
01
01
01
01
01
01
01
01
01
01
01
01
01
01
01
01
01
01
01
01
01
01
01
01
01
01
01
01
01
01
01
01
01
01
01
01
01
01
01
01
01
01
01
01
01
01
01
01
01
01
01
01
01
01
01
01
01
01
01
01
01
01
01
01
01
01
01
01
01
01
01
01
01
01
01
01
01
01
01
01
01
01
01
01
01
01
01
01
01
01
01
01
01
01
01
01
01
01
01
0C
0C
0C
0C
01
0C
01
0C
01
01
01
01
0C
07
0C
07
0C
0C
01
0C
0C
07
0C
07
07
01
01
01
0C
0C
01
01
01
01
0C
0C
01
07
0C
0C
07
0C
0C
0C
07
0C
0C
01
0C
0C
0C
0C
0C
0C
01
07
0C
01
0C
0C
0C
07
07
0C
0C
0C
01
01
01
01
01
01
01
07
01
01
01
01
01
01
01
01
01
01
01
01
01
01
01
01
01
01
01
01
01
01
01
01
01
01
01
01
01
01
01
01
01
01
01
01
01
01
01
01
01
01
01
01
01
0001
0158
0123
0002
005D
000000B1
0005
0004
0000003A
2B
C70005
01
B0
2B
B60033
4E
BB001A
59
B7001B
2D
03
2D
B60034
04
64
B60035
B6001D
2D
2D
B60034
04
64
2D
B60034
B60035
B60036
B6001D
B6001F
4E
2D
B0
0000
0004
005E
0000001A
0006
0000
028B
0004
028C
0006
028E
000B
028F
0022
0290
0038
0291
005F
0000002A
0004
0000
003A
0060
0061
0000
0000
003A
00DF
0055
0001
0000
003A
0125
0126
0002
000B
002F
0159
0055
0003
0127
0000000C
0001
0000
003A
0125
0128
0002
00BC
00000003
0001
06
0112
00000002
0129
