0A
07
0A
09
0A
09
0A
09
0A
09
0A
09
0A
09
0A
09
0A
09
0A
09
0A
09
0A
09
0A
07
07
01
01
01
01
01
01
01
01
01
01
01
01
01
01
01
01
01
01
01
01
01
01
01
01
01
01
01
01
01
01
01
01
01
01
01
01
01
01
01
01
01
01
01
01
01
01
01
01
0C
01
0C
0C
0C
0C
0C
0C
0C
0C
0C
0C
0C
0C
0C
0C
0C
0C
0C
0C
0C
0C
0C
0C
01
01
01
01
01
01
01
01
01
01
01
01
01
01
01
01
01
01
01
01
0001
0021
003F
0001
0034
0000003F
0002
0002
00000007
2A
2B
B5000A
2A
B0
0000
0002
0035
0000000A
0002
0000
00D5
0005
00D6
0036
00000016
0002
0000
0007
0037
003A
0000
0000
0007
0021
001D
0001
