0A
0A
0B
0B
0B
07
0B
07
0A
0A
08
0A
08
08
08
08
08
08
08
08
08
0B
07
0A
0A
09
0A
07
0A
0A
07
0A
0A
0A
07
0A
0A
0B
07
0A
07
0A
0A
07
0A
0A
09
08
0A
0A
07
07
07
07
07
07
07
01
01
01
01
01
01
01
01
01
01
01
01
01
01
01
01
01
01
01
01
01
01
01
01
01
01
01
01
01
07
07
07
07
07
07
07
07
01
01
01
01
01
01
01
01
01
01
01
01
01
01
01
01
01
01
01
01
01
01
01
01
01
01
01
01
01
01
01
01
01
01
01
01
01
01
01
01
01
01
01
01
01
01
01
01
0C
07
0C
07
0C
07
0C
0C
07
01
0C
01
0C
0C
01
0C
01
01
01
01
01
01
01
01
0C
01
0C
0C
0C
07
0C
01
0C
0C
01
0C
07
01
0C
0C
0C
01
01
0C
01
0C
0C
01
0C
0C
01
01
01
01
01
01
01
01
01
01
01
01
01
01
01
01
01
01
01
01
01
01
01
01
01
01
01
01
01
01
01
01
01
01
01
01
01
01
01
01
01
01
01
01
01
01
01
01
01
0001
0076
0077
0002
003C
0000005B
0003
0002
00000011
2A
B4002F
2A
1210
B60032
2B
B6001B
57
2A
B0
0000
0003
003D
0000000A
0002
0000
00C3
000F
00C4
003E
00000016
0002
0000
0011
003F
0040
0000
0000
0011
0068
0047
0001
0052
0000000C
0001
0000
0011
0068
0053
0001
0074
00000002
0078
