0A
08
0A
08
09
09
07
0A
09
07
0B
07
0B
07
0A
0A
0B
0A
0A
0A
0A
0A
0A
0A
0A
0A
0A
0A
0A
0A
0A
0A
0A
0A
0A
0A
0A
0A
07
07
01
01
01
01
01
01
01
01
01
01
01
01
01
01
01
01
01
01
01
01
01
01
01
01
01
01
01
01
01
01
01
01
01
01
01
01
01
01
01
01
01
01
01
01
01
01
01
01
01
01
01
01
01
01
01
01
01
01
01
01
01
01
01
0C
01
07
0C
01
0C
0C
01
0C
0C
01
07
0C
01
0C
01
0C
07
0C
0C
0C
07
0C
0C
07
0C
0C
07
0C
0C
07
0C
0C
07
0C
0C
07
0C
0C
07
0C
0C
07
0C
0C
07
0C
0C
07
0C
0C
01
01
01
01
01
01
01
01
01
01
01
01
01
01
01
01
01
01
01
01
01
01
01
01
01
01
01
01
01
01
01
01
01
01
01
01
01
01
01
01
01
01
01
01
01
01
01
01
0001
0042
0043
0001
0033
00000050
0002
0002
00000014
2A
B40009
2B
B80015
B900110200
57
2A
2B
B70016
B1
0000
0002
0034
0000000E
0003
0000
0060
000E
0062
0013
0063
0035
00000016
0002
0000
0014
0036
0037
0000
0000
0014
0044
0045
0001
