0A
09
09
09
09
09
09
09
0A
07
0A
07
0A
07
0A
08
0A
08
0A
08
08
08
08
08
08
08
08
0A
08
0A
08
0A
01
01
01
01
01
01
01
01
01
01
01
01
01
01
01
01
01
01
01
01
01
01
01
01
01
01
01
01
01
01
01
01
01
01
01
01
01
01
01
01
01
01
01
01
01
01
01
01
01
01
01
01
01
01
01
01
01
01
01
01
01
01
01
01
01
01
01
01
01
01
01
01
01
0C
0C
0C
0C
0C
0C
0C
0C
0C
01
07
0C
01
0C
01
01
0C
01
0C
01
01
01
01
01
01
01
01
0C
01
01
07
0C
01
01
01
01
01
01
01
01
01
01
01
0001
0042
0043
0001
0032
0000003E
0002
0002
00000006
2A
2B
B50003
B1
0000
0002
0033
0000000A
0002
0000
005B
0005
005C
0034
00000016
0002
0000
0006
0035
0036
0000
0000
0006
0026
0027
0001
