07
01
0A
07
0C
01
01
01
07
01
0A
09
07
0C
01
01
01
09
0C
01
01
07
01
0A
09
0C
01
01
09
0C
01
01
0A
0C
01
0A
0C
01
0A
0C
01
0B
07
0C
01
01
01
0B
07
0C
01
01
01
0B
0C
01
01
07
01
07
01
0A
0C
01
0A
0C
01
0B
0C
01
0B
0C
01
01
07
01
08
01
0A
0C
01
0B
0C
01
01
0A
0B
07
0C
01
01
01
07
01
0B
0C
01
01
08
01
08
01
08
01
0A
0C
07
01
01
01
01
01
01
01
01
01
01
01
01
01
01
01
01
01
01
01
01
01
01
01
01
01
01
01
01
01
01
01
01
01
01
01
01
01
01
01
01
01
01
01
01
01
01
01
01
01
01
01
07
01
07
01
0001
001B
0088
0002
0070
00000051
0002
0002
00000007
2A
2B
B50019
2A
B0
0000
0003
0071
0000000A
0002
0000
0067
0005
0068
0072
00000016
0002
0000
0007
0073
0074
0000
0000
0007
0089
001C
0001
0085
0000000C
0001
0000
0007
0089
006F
0001
006D
00000002
008A
