0A
09
07
0A
07
07
0A
0B
0B
07
0A
07
0A
0A
07
0A
09
0B
0A
0A
0A
07
05
0A
08
0A
07
07
01
01
01
01
01
01
01
01
01
01
01
01
01
01
01
01
01
01
01
01
01
01
01
01
01
01
01
01
01
07
07
01
01
01
01
01
01
01
01
01
01
07
07
07
07
01
01
01
01
01
01
0C
0C
01
0C
01
01
0C
0C
0C
01
0C
01
0C
0C
01
0C
07
0C
07
0C
0C
0C
01
07
0C
01
07
0C
01
01
01
01
01
01
01
01
01
01
01
01
01
01
01
01
01
01
01
01
01
1044
002F
004B
0001
0026
00000033
0002
0002
00000009
2A
2B
C00006
B60014
B0
0000
0002
0027
00000006
0001
0000
0026
0028
0000000C
0001
0000
0009
0029
002A
0000
