0A
07
0C
01
01
01
09
07
0C
01
01
01
09
0C
01
01
07
01
08
01
0B
0C
01
01
0B
07
0C
01
01
01
0A
07
0C
01
01
01
0B
0C
01
0B
0C
01
01
08
01
0B
0C
01
01
09
07
0C
01
01
01
12
0C
01
01
12
0C
01
01
12
0C
01
01
07
01
01
01
01
01
01
01
01
01
01
01
01
01
01
01
01
01
01
01
01
01
01
01
01
01
01
01
01
01
01
01
01
0F
0A
07
0C
01
01
01
08
01
0F
0F
01
07
01
01
07
01
07
01
01
0011
003A
0059
0001
004C
00000031
0001
0001
00000007
2A
BA00380000
B0
0000
0002
004D
00000006
0001
0000
000C
004E
0000000C
0001
0000
0007
004F
0050
0000
