0A
08
09
09
09
09
09
09
09
09
09
08
0A
08
0A
0A
09
09
0B
0B
0B
07
0A
0B
07
07
0A
0A
0A
08
0A
08
0A
08
0A
0A
07
0A
0B
09
07
0A
0B
09
09
09
09
09
08
0A
09
07
08
0A
09
0A
0A
0A
08
0A
08
09
07
0A
0A
0A
0A
09
09
0A
0A
0A
0A
07
07
0A
0A
07
07
01
01
01
01
01
01
01
01
01
01
01
01
01
01
01
01
01
01
01
01
01
01
01
01
01
01
01
01
01
01
01
01
01
01
01
01
01
01
01
01
01
01
01
01
01
01
01
01
01
01
01
01
01
01
01
01
01
01
01
01
01
01
01
01
01
01
01
01
01
01
01
01
01
01
01
01
01
01
01
01
01
01
01
01
01
01
01
01
01
01
01
01
01
01
01
01
01
01
01
01
01
01
01
01
01
01
01
01
01
01
01
01
01
01
01
01
01
01
01
01
01
01
01
01
01
01
01
01
01
01
01
01
01
01
01
01
01
01
01
01
01
01
01
01
01
01
0C
01
0C
0C
0C
0C
0C
0C
0C
0C
0C
01
0C
01
0C
0C
0C
0C
07
0C
07
0C
0C
01
0C
0C
01
01
0C
0C
01
0C
01
0C
01
0C
0C
01
0C
0C
01
07
0C
0C
0C
0C
0C
0C
01
07
0C
0C
01
01
07
0C
0C
0C
07
01
0C
01
0C
01
0C
07
0C
0C
0C
0C
0C
0C
0C
01
01
0C
0C
01
01
01
01
01
01
01
01
01
01
01
01
01
01
01
01
01
01
01
01
01
01
01
01
01
01
01
01
01
0001
00D3
00A2
0001
0076
0000002F
0001
0001
00000005
2A
B4000A
AC
0000
0002
0077
00000006
0001
0000
026D
0078
0000000C
0001
0000
0005
0079
007A
0000
