0A
0A
09
09
09
09
09
09
0A
0A
07
0A
07
0A
07
0A
07
0A
08
0A
08
0A
08
08
08
08
08
08
08
0A
08
0A
08
0A
01
01
01
08
01
01
01
08
01
01
01
01
01
08
01
01
08
01
01
08
01
01
08
01
01
01
01
01
01
01
01
01
01
01
01
01
01
01
01
01
01
07
01
01
01
01
01
01
01
01
01
01
01
01
01
01
01
01
01
01
01
01
01
01
01
01
01
01
01
01
01
01
01
01
01
01
01
01
01
01
01
01
01
01
01
01
01
07
01
01
01
01
01
01
01
01
01
01
01
01
01
01
0C
07
0C
0C
0C
0C
0C
0C
0C
0C
0C
01
0C
01
07
0C
01
0C
01
01
0C
01
0C
01
01
01
01
01
01
01
0C
01
01
07
0C
07
01
01
01
01
01
01
01
01
01
01
01
01
01
01
01
01
01
01
01
0001
0043
0044
0002
003D
0000002F
0001
0001
00000005
2A
B40008
B0
0000
0002
003E
00000006
0001
0000
004F
003F
0000000C
0001
0000
0005
0040
0041
0000
0045
00000023
0004
0046
0000
0047
0001
00010048
73
0049
004A
0001
00010048
73
0027
004B
0001
00010048
65
004F
0050
