07
0A
09
07
08
0A
07
07
09
0A
0A
0A
0A
09
0A
0A
07
07
0A
0A
0A
0B
09
08
07
0A
0A
07
07
01
01
01
05
01
01
01
01
01
01
01
01
01
01
01
01
01
01
01
01
01
01
01
07
01
01
01
07
01
01
01
0C
0C
01
01
0C
01
01
0C
0C
0C
0C
0C
0C
0C
07
0C
01
01
0C
0C
07
0C
07
0C
0C
01
01
07
0C
07
0C
01
01
01
01
01
01
01
01
01
01
01
01
01
01
01
01
01
01
01
01
01
01
01
01
01
01
01
01
01
01
01
01
01
01
07
01
01
01
01
0001
002E
002F
0001
0025
00000032
0001
0001
00000008
2A
B40003
C00004
B0
0000
0002
0026
00000006
0001
0000
0030
0027
0000000C
0001
0000
0008
0028
0029
0000
