0A
07
0A
0A
09
07
07
08
0B
0A
08
0A
08
08
0B
07
0B
09
0A
07
0A
0A
0A
0B
07
0B
0B
0B
09
0A
09
08
0B
0A
07
0A
08
0B
08
07
0A
07
0A
0A
08
0B
08
0B
09
07
08
0A
0B
09
0A
0A
0A
08
0A
0B
12
07
07
08
0A
12
08
0B
07
07
0A
07
07
07
01
01
01
01
03
01
01
01
01
01
01
01
01
01
01
01
01
01
01
01
01
01
01
01
01
01
01
01
01
01
01
01
01
01
01
01
01
01
01
01
01
01
01
01
01
01
01
07
07
07
01
01
01
01
01
01
01
07
07
01
01
01
01
01
01
01
0C
01
0C
0C
01
01
01
0C
0C
01
0C
01
01
0C
01
07
0C
0C
07
0C
01
0C
0C
07
0C
0C
01
0C
0C
0C
0C
07
0C
0C
01
07
0C
0C
01
0C
0C
01
01
0C
01
07
0C
0C
01
0C
01
0C
0C
01
01
0C
07
0C
0C
0C
0C
0C
01
0C
0C
01
0F
08
0C
01
01
01
0C
08
01
0C
01
01
07
0C
01
01
01
01
01
01
01
01
01
01
01
01
01
01
01
01
01
01
01
01
01
01
01
01
01
01
01
01
01
01
01
01
01
01
01
01
01
01
01
01
01
01
01
01
01
01
01
01
01
01
01
01
01
01
01
01
01
01
01
01
01
01
01
0A
01
01
01
01
01
01
01
01
01
07
0C
01
07
01
01
07
01
01
0002
0086
0087
0001
0061
0000008A
0002
0003
0000001C
2B
C60016
2B
1243
B900440200
1006
A40007
04
A70004
03
AC
03
AC
4D
03
AC
0002
0000
0016
0019
0046
0017
0018
0019
0046
0003
0062
00000016
0005
0000
007D
0004
007E
0017
0080
0019
0081
001A
0082
0063
00000020
0003
001A
0002
0082
0088
0002
0000
001C
0064
0065
0000
0000
001C
0073
0076
0001
0079
0000000A
0004
15
40
01
00
41
07
0046
