01
07
01
07
01
01
01
01
01
01
0C
0A
01
0C
09
0C
09
01
01
01
0C
0A
01
01
01
01
01
01
01
01
01
01
01
01
01
01
01
01
0C
0A
01
01
08
01
07
01
01
0C
0A
0F
01
0C
12
01
01
01
07
0C
0A
01
01
01
01
01
01
07
01
01
0C
0A
01
01
01
01
07
01
01
0C
0B
01
07
01
01
0C
09
01
07
01
01
0C
0B
01
01
01
01
01
01
01
07
01
0C
09
01
01
0C
0A
01
07
01
01
0C
0A
01
01
01
01
07
0C
0A
01
01
01
0C
09
01
01
07
01
0C
0A
01
01
0C
09
01
08
01
01
01
03
03
01
03
01
03
01
01
01
01
01
01
01
01
01
01
01
01
01
01
01
01
01
01
01
0011
001D
0018
0002
009A
0000002F
0001
0001
00000005
2A
B40011
B0
0000
0002
009B
00000006
0001
0000
0028
009C
0000000C
0001
0000
0005
0012
0013
0000
0099
00000006
0001
0009
0000
