0A
07
0A
0A
0A
07
07
0A
0A
0A
0A
0A
0A
07
0A
09
07
0A
07
0A
0A
0A
07
07
0B
0A
07
07
07
07
01
01
01
01
01
01
01
01
01
01
01
01
01
01
01
01
01
01
01
01
01
01
07
07
07
07
01
01
01
01
01
01
01
01
01
01
01
01
01
01
01
07
07
01
01
01
01
01
01
01
07
01
01
01
01
0C
01
07
0C
0C
01
01
0C
0C
0C
0C
0C
0C
01
0C
01
01
0C
0C
07
0C
01
01
0C
0C
01
01
01
01
01
01
01
01
01
01
01
01
01
01
01
01
01
01
01
01
01
0001
0044
0045
0001
0023
00000032
0002
0001
00000008
BB000E
59
B7000F
B0
0000
0002
0024
00000006
0001
0000
0033
0025
0000000C
0001
0000
0008
0026
0027
0000
