0A
07
0C
01
01
01
09
07
0C
01
01
01
09
0C
01
01
08
01
0A
0C
01
0A
0C
01
0A
0C
01
01
0A
0C
01
0A
0C
01
0A
0C
01
0A
0C
01
01
0A
0C
01
01
0A
0C
01
0A
0C
01
01
0A
0C
01
0A
0C
01
0A
0C
01
01
0B
07
0C
01
01
01
0B
07
0C
01
01
0B
0C
01
01
07
01
01
01
01
01
01
01
01
01
01
01
01
01
01
01
01
01
01
01
01
01
01
01
01
01
01
01
01
01
01
01
01
01
01
01
0001
0028
0029
0002
0050
0000003D
0003
0003
00000009
2A
B4000D
1F
B60026
AD
0000
0002
0051
00000006
0001
0000
0031
0052
00000016
0002
0000
0009
0053
0054
0000
0000
0009
0061
0062
0001
005B
00000004
0001
004E
