0A
09
09
09
09
09
07
0A
0A
07
0A
08
07
0A
0A
0A
0A
0A
0A
0A
0A
0A
0A
0A
0A
07
07
07
01
01
01
01
01
01
01
01
01
01
01
01
01
01
01
01
01
01
01
01
01
01
01
01
01
01
01
01
01
01
01
01
01
01
01
01
01
01
01
01
01
01
01
01
01
01
01
01
01
01
01
01
01
01
01
01
01
01
01
01
01
01
01
01
01
01
01
01
01
01
01
01
0C
0C
0C
0C
0C
0C
01
0C
0C
01
01
01
0C
0C
0C
0C
0C
0C
0C
0C
0C
0C
0C
0C
01
01
01
01
01
01
01
01
01
01
01
01
01
01
01
01
01
1041
0044
0060
0001
002A
00000031
0003
0003
00000007
2A
2B
2C
B60009
B0
0000
0002
002B
00000006
0001
0000
0019
002C
0000000C
0001
0000
0007
002D
002E
0000
