0A
09
0A
07
07
0B
0A
0B
07
07
0A
0A
0A
07
07
01
01
01
01
01
01
01
01
01
01
01
01
01
01
01
01
01
01
01
01
01
07
01
01
01
01
01
01
01
01
01
01
01
01
01
01
01
01
01
01
01
01
01
01
01
01
0C
0C
07
0C
01
01
0C
07
0C
01
01
0C
0C
0C
01
07
01
01
01
01
01
01
01
01
01
01
01
01
0001
001E
001F
0003
0016
0000005D
0003
0003
0000000D
2B
2A
B40002
2C
B60003
C00004
B0
0000
0003
0017
00000006
0001
0000
0028
0018
00000020
0003
0000
000D
0019
001A
0000
0000
000D
0020
0021
0001
0000
000D
0022
0023
0002
001B
0000000C
0001
0000
000D
0019
001C
0000
0024
00000004
0001
0025
0012
00000002
0026
