01
07
01
07
01
07
01
01
07
01
01
0C
0A
01
01
01
01
01
07
01
01
0C
09
01
01
0C
0A
01
08
01
07
01
01
0C
0A
01
01
0C
0A
01
08
01
01
01
01
01
01
08
01
01
01
01
01
01
01
0001
0010
0011
0001
0031
00000089
0002
0003
00000032
B20017
2C
B6001B
9A0025
2B
121D
B60023
99000B
2B
B60027
06
A30014
2B
1229
B60023
99000F
2B
B60027
05
A40007
04
A70004
03
AC
0000
0003
0034
00000007
0004
1B
10
03
40
01
0032
00000012
0004
0000
0020
000D
0021
001E
0022
0031
0020
0033
00000020
0003
0000
0032
000E
000F
0000
0000
0032
002A
002B
0001
0000
0032
002C
0015
0002
