07
0A
0A
0A
09
0A
0A
0A
0A
0A
0A
0A
0A
0A
0A
0A
0A
0A
0A
12
0A
0A
0A
0A
0A
0B
07
05
12
0A
0A
0A
09
07
0A
07
0A
0A
07
0A
12
0A
07
08
0A
07
0A
07
0A
07
0A
07
0A
07
07
07
07
07
07
07
01
01
01
01
01
01
01
01
01
01
01
01
01
01
01
01
01
01
01
01
01
01
01
01
01
01
01
01
01
01
01
01
01
01
01
01
01
01
01
01
01
01
01
01
01
01
01
01
01
01
01
01
01
01
01
01
01
01
01
01
01
01
01
01
01
01
07
01
01
01
01
01
01
01
01
01
01
01
01
01
01
01
01
01
01
01
01
01
01
01
01
01
01
01
07
01
01
01
01
01
01
01
01
01
01
01
01
01
01
01
01
01
01
01
01
01
01
01
01
01
01
01
01
01
01
01
01
01
01
01
01
01
01
01
01
01
01
0C
0C
0C
0C
0C
0C
0C
0C
0C
0C
0C
0C
0C
0C
0C
0C
01
0F
10
0F
0C
0C
0C
0C
0C
0C
07
0C
01
10
0F
0C
0C
0C
0C
0C
01
0C
01
0C
0C
01
07
0C
0F
08
0C
0C
01
07
0C
01
0C
01
0C
01
01
0C
01
01
07
01
01
01
01
01
07
01
07
01
0A
01
01
01
01
01
01
01
01
01
01
01
01
01
01
01
01
01
01
01
01
01
0A
01
01
01
01
01
01
01
01
01
01
01
01
01
07
0C
07
0C
01
01
07
01
01
01
01
07
01
01
0001
006F
0070
0002
0042
0000006A
0007
0007
0000000C
2A
B40005
1F
21
1605
B6000F
B1
0000
0003
0043
0000000A
0002
0000
0055
000B
0056
0044
0000002A
0004
0000
000C
0045
0046
0000
0000
000C
0071
005F
0001
0000
000C
0072
005F
0003
0000
000C
0073
005F
0005
0049
0000000C
0001
0000
000C
0045
004A
0000
004C
0000000D
03
0071
0000
0072
0000
0073
0000
