07
0A
0A
0A
09
0A
0A
0A
0A
0A
0A
0A
0A
0A
0A
0A
0A
0A
0A
12
0A
0A
0A
0A
0A
0B
07
05
12
0A
0A
0A
09
07
0A
07
0A
0A
07
0A
12
0A
07
08
0A
07
0A
07
0A
07
0A
07
0A
07
07
07
07
07
07
07
01
01
01
01
01
01
01
01
01
01
01
01
01
01
01
01
01
01
01
01
01
01
01
01
01
01
01
01
01
01
01
01
01
01
01
01
01
01
01
01
01
01
01
01
01
01
01
01
01
01
01
01
01
01
01
01
01
01
01
01
01
01
01
01
01
01
07
01
01
01
01
01
01
01
01
01
01
01
01
01
01
01
01
01
01
01
01
01
01
01
01
01
01
01
07
01
01
01
01
01
01
01
01
01
01
01
01
01
01
01
01
01
01
01
01
01
01
01
01
01
01
01
01
01
01
01
01
01
01
01
01
01
01
01
01
01
01
0C
0C
0C
0C
0C
0C
0C
0C
0C
0C
0C
0C
0C
0C
0C
0C
01
0F
10
0F
0C
0C
0C
0C
0C
0C
07
0C
01
10
0F
0C
0C
0C
0C
0C
01
0C
01
0C
0C
01
07
0C
0F
08
0C
0C
01
07
0C
01
0C
01
0C
01
01
0C
01
01
07
01
01
01
01
01
07
01
07
01
0A
01
01
01
01
01
01
01
01
01
01
01
01
01
01
01
01
01
01
01
01
01
0A
01
01
01
01
01
01
01
01
01
01
01
01
01
07
0C
07
0C
01
01
07
01
01
01
01
07
01
01
0001
0064
0065
0002
0042
00000053
0003
0003
00000009
2A
B40005
1F
B60008
B1
0000
0003
0043
0000000A
0002
0000
0038
0008
0039
0044
00000016
0002
0000
0009
0045
0046
0000
0000
0009
005E
005F
0001
0049
0000000C
0001
0000
0009
0045
004A
0000
004C
00000005
01
005E
0000
