01
07
01
01
07
01
07
01
01
01
01
01
01
01
01
01
01
01
01
01
01
01
01
01
01
0C
09
07
01
01
0C
0A
01
01
01
0C
0A
01
01
01
01
0C
0A
0C
09
0C
09
0C
09
0C
09
03
03
01
07
01
01
0C
0A
0C
09
01
01
01
01
01
01
01
01
01
01
01
01
01
01
01
01
01
01
0C
0A
01
01
01
07
01
07
01
0C
0A
01
08
01
01
0C
0A
01
08
01
01
0C
0A
01
0C
0A
01
01
01
01
01
0C
0A
01
07
01
01
0C
09
01
07
01
01
0C
0B
01
01
0C
0B
01
07
01
01
0C
0A
01
0C
0B
01
01
01
01
01
01
01
08
01
08
01
07
01
01
0C
09
01
0C
09
0C
0A
0C
09
08
01
08
01
0C
09
0C
09
08
01
08
01
0C
09
0C
09
01
01
01
01
01
01
0001
003F
0040
0001
00B1
00000039
0001
0002
00000005
2A
B4002D
B0
0000
0002
00B2
00000006
0001
0000
0042
00B3
00000016
0002
0000
0005
003E
000A
0000
0000
0005
0041
0042
0001
