01
07
01
01
07
01
07
01
01
01
01
01
01
01
01
01
01
01
01
01
01
01
01
01
01
0C
09
07
01
01
0C
0A
01
01
01
0C
0A
01
01
01
01
0C
0A
0C
09
0C
09
0C
09
0C
09
03
03
01
07
01
01
0C
0A
0C
09
01
01
01
01
01
01
01
01
01
01
01
01
01
01
01
01
01
01
0C
0A
01
01
01
07
01
07
01
0C
0A
01
08
01
01
0C
0A
01
08
01
01
0C
0A
01
0C
0A
01
01
01
01
01
0C
0A
01
07
01
01
0C
09
01
07
01
01
0C
0B
01
01
0C
0B
01
07
01
01
0C
0A
01
0C
0B
01
01
01
01
01
01
01
08
01
08
01
07
01
01
0C
09
01
0C
09
0C
0A
0C
09
08
01
08
01
0C
09
0C
09
08
01
08
01
0C
09
0C
09
01
01
01
01
01
01
0009
0021
0022
0001
00B1
00000034
0002
0001
0000000A
1202
2A
B80025
C00002
B0
0000
0002
00B2
00000006
0001
0000
002D
00B3
0000000C
0001
0000
000A
000D
000E
0000
