0A
07
0C
01
01
01
0A
07
0C
01
01
01
09
07
0C
01
01
01
0A
0C
01
01
09
0C
01
01
0A
0C
01
0B
07
0C
01
01
07
01
0A
0A
0C
01
01
07
01
0A
0C
01
07
01
01
01
01
01
01
01
01
01
01
01
01
01
01
01
01
01
01
01
01
01
01
01
07
01
01
01
0000
0005
0031
0003
0032
00000063
0003
0003
00000019
2A
B70001
2A
2B
2C
B80007
B5000D
2A
2A
B4000D
B60013
B50017
B1
0000
0002
0033
00000012
0004
0000
008F
0004
0090
000D
0091
0018
0092
0034
00000020
0003
0000
0019
0035
0036
0000
0000
0019
0037
0038
0001
0000
0019
0039
003A
0002
003B
00000004
0001
0023
003C
00000009
02
0037
0000
0039
0000
