09
09
09
0A
09
09
0B
07
08
0A
0B
0B
07
0A
07
0A
0B
09
07
0A
0B
07
0A
07
0A
07
07
07
01
01
01
01
01
01
01
01
01
01
01
01
01
01
01
01
01
01
01
01
01
01
01
01
01
07
01
01
01
01
01
01
01
01
01
01
01
01
01
01
01
01
01
01
01
01
01
01
01
01
01
01
01
01
0C
0C
0C
0C
0C
0C
0C
07
0C
01
01
0C
07
0C
0C
01
0C
01
0C
0C
0C
01
0C
07
01
0C
01
07
0C
01
01
01
01
01
01
01
01
01
01
01
01
01
01
01
01
01
01
01
01
01
01
01
0008
004C
004D
0001
002B
00000035
0001
0000
00000012
130018
B60019
9A0007
04
A70004
03
B30012
B1
0000
0002
002C
00000006
0001
0000
009B
0034
00000005
0002
0D
40
01
