01
07
01
01
07
01
07
01
01
01
07
01
01
0C
0A
01
0C
0A
01
01
01
01
0C
09
01
07
01
01
0C
0A
01
01
01
01
01
01
07
01
01
0C
0A
01
01
01
08
01
01
08
01
01
01
0C
0A
01
01
03
03
01
03
03
01
03
01
01
01
01
01
01
01
01
01
01
01
01
01
01
01
01
01
01
01
01
01
01
01
0011
0008
0010
0004
004B
00000040
0002
0002
0000000C
2A
B40018
C0001A
1B
B8001E
B0
0000
0002
004D
00000016
0002
0000
000C
001F
0020
0000
0000
000C
0013
0021
0001
004C
00000006
0001
0008
001D
004E
00000002
004F
0050
00000005
01
0013
0000
0051
00000006
0001
0014
0000
