09
0A
0A
09
0A
09
0A
0A
0A
0A
07
0A
0A
0A
07
0A
0A
0A
0A
07
0A
0A
07
0A
0A
07
0A
0A
0A
07
07
07
01
01
01
01
03
01
01
01
01
01
01
01
01
01
01
01
01
01
01
01
07
01
01
01
01
01
01
01
01
01
01
01
01
01
07
01
01
01
01
01
01
01
01
01
01
01
01
01
01
01
01
01
01
01
01
01
01
01
01
01
01
01
01
0C
0C
0C
0C
07
0C
0C
07
0C
0C
07
0C
07
0C
01
0C
07
0C
0C
01
0C
0C
01
0C
0C
01
0C
0C
01
0C
0C
01
01
01
07
01
07
01
01
01
01
01
01
01
01
01
01
01
01
01
01
01
01
01
01
01
01
01
01
01
01
01
01
01
01
01
01
01
01
01
0001
002C
0033
0001
002E
00000064
0002
0003
00000016
2A
B70003
2A
2B
B50004
2A
B80005
B50001
2A
1C
B50006
B1
0000
0002
002F
00000016
0005
0000
0016
0004
0017
0009
0018
0010
0019
0015
001A
0030
00000020
0003
0000
0016
0031
0032
0000
0000
0016
0026
0027
0001
0000
0016
002A
002B
0002
