01
07
01
07
01
01
01
01
0C
0A
01
01
0C
09
01
01
01
01
01
01
01
07
01
01
0C
09
01
07
01
01
0C
0A
01
08
01
07
01
01
0C
0A
01
07
01
0C
0B
01
07
01
07
01
01
0C
0A
01
01
01
01
01
01
01
0C
0A
01
01
01
01
01
01
07
01
0C
0A
01
01
01
01
0C
0A
01
01
01
01
0C
0A
01
01
01
07
0A
01
08
01
01
0C
0A
01
0C
0A
01
0C
0A
0C
0A
01
01
01
01
0C
0A
01
01
01
01
07
01
0C
0A
01
01
0C
09
0A
01
01
0C
0A
01
0C
09
01
01
01
01
01
03
03
01
03
01
03
01
01
01
01
01
01
01
01
01
01
01
01
01
01
01
01
01
01
0011
0042
0043
0002
0097
00000033
0003
0001
00000009
BB0045
59
2A
B70048
B0
0000
0002
0098
00000006
0001
0000
001C
0099
0000000C
0001
0000
0009
000F
0010
0000
0095
00000006
0001
0014
0000
