0A
07
0A
0A
0B
0B
08
0A
07
0A
07
0A
0A
0B
0B
0B
0A
0A
0B
0B
0A
07
0A
07
0A
09
0B
07
08
0A
07
07
01
01
01
01
01
01
01
01
01
01
01
01
01
01
01
01
01
01
01
01
01
01
01
01
01
01
01
01
01
07
01
01
01
01
01
01
01
01
01
01
01
07
07
01
01
07
01
01
01
07
01
01
01
01
01
01
01
01
01
0C
01
0C
0C
0C
0C
01
0C
01
0C
01
0C
07
0C
07
0C
0C
0C
0C
0C
07
0C
01
0C
01
0C
0C
07
0C
01
01
07
0C
01
01
01
01
01
01
01
01
01
01
01
01
01
01
01
01
01
01
01
01
01
01
01
01
01
01
01
01
01
01
01
0004
002E
0042
0003
0027
0000008E
0005
0005
0000000C
BB0009
59
2A
2D
1904
B7000A
B0
0000
0003
0028
00000006
0001
0000
001E
0029
00000034
0005
0000
000C
002A
002B
0000
0000
000C
0033
0034
0001
0000
000C
0035
0036
0002
0000
000C
0043
0038
0003
0000
000C
0044
0038
0004
002C
0000002A
0004
0000
000C
002A
002D
0000
0000
000C
0035
003B
0002
0000
000C
0043
003C
0003
0000
000C
0044
003C
0004
003F
00000011
04
0033
0000
0035
0000
0043
0000
0044
0000
0023
00000002
0045
