01
07
01
07
01
07
01
07
01
07
01
07
01
01
01
01
01
01
01
01
01
01
01
01
01
01
01
01
01
01
01
01
01
01
01
01
01
01
01
01
01
01
01
01
01
01
01
01
01
01
01
01
01
01
01
01
01
01
01
01
01
01
01
01
01
01
01
01
01
01
01
01
01
01
01
01
01
01
01
01
01
01
01
01
01
01
01
01
01
01
01
01
01
01
01
01
01
01
01
01
01
01
01
01
01
01
01
01
01
01
01
01
01
01
01
01
01
01
01
01
01
01
01
01
01
01
01
01
01
01
01
01
01
01
01
01
01
01
01
01
01
01
01
01
01
01
01
01
01
01
01
01
01
01
01
01
01
01
01
01
01
01
01
01
01
01
01
01
01
01
01
01
01
01
01
01
01
01
01
01
01
01
01
01
01
01
01
01
01
01
01
08
01
08
01
07
01
01
0C
0A
01
07
0C
09
01
08
01
01
0C
0A
01
07
0C
09
01
08
01
08
0C
09
01
08
01
08
0C
09
01
08
01
01
0C
0A
0C
09
01
08
0C
09
01
08
0C
09
01
08
0C
09
01
08
01
08
0C
09
01
08
0C
09
01
08
0C
09
01
08
0C
09
01
08
0C
09
01
08
0C
09
01
08
01
08
0C
09
01
08
0C
09
01
07
01
01
0C
0A
01
08
01
07
01
01
0C
0A
01
07
01
01
0C
0A
01
08
01
07
01
01
0C
0A
01
08
01
01
0C
0A
01
07
01
01
0C
0B
0C
09
01
08
01
08
0C
09
01
08
0C
09
01
08
0C
09
01
08
0C
09
01
08
0C
09
01
08
0C
09
01
08
0C
09
01
08
0C
09
01
08
0C
09
01
08
0C
09
01
08
0C
09
01
08
01
08
0C
09
01
08
0C
09
01
08
0C
09
01
08
0C
09
01
08
01
08
0C
09
01
08
0C
09
01
08
0C
09
01
08
0C
09
01
08
0C
09
01
08
0C
09
01
08
0C
09
01
08
0C
09
01
08
0C
09
01
08
0C
09
01
08
0C
09
01
08
0C
09
01
07
01
0C
0A
0C
09
01
08
0C
09
01
08
0C
09
0C
09
01
08
0C
09
01
08
0C
09
01
08
0C
09
01
08
0C
09
01
08
0C
09
01
08
0C
09
01
08
0C
09
01
08
0C
09
01
08
0C
09
01
08
0C
09
01
08
0C
09
01
08
0C
09
01
08
0C
09
01
08
0C
09
01
08
0C
09
01
08
0C
09
08
0C
09
01
08
0C
09
01
08
0C
09
01
08
0C
09
01
08
0C
09
01
08
0C
09
01
08
0C
09
01
08
0C
09
01
08
0C
09
01
08
0C
09
01
08
0C
09
01
08
0C
09
08
0C
09
01
08
0C
09
01
08
0C
09
01
08
0C
09
01
08
0C
09
01
07
01
01
0C
0A
0C
09
0C
09
0C
09
0C
09
0C
09
0C
09
0C
09
0C
09
0C
09
0C
09
0C
09
0C
09
0C
09
0C
09
0C
09
0C
09
0C
09
0C
09
0C
09
0C
09
0C
09
0C
09
0C
09
0C
09
0C
09
0C
09
0C
09
0C
09
0C
09
0C
09
0C
09
0C
09
0C
09
0C
09
0C
09
0C
09
0C
09
0C
09
0C
09
0C
09
0C
09
0C
09
0C
09
0C
09
0C
09
0C
09
01
0C
0A
0C
09
0C
09
0C
09
01
0C
0A
01
01
01
01
01
07
01
07
01
07
01
01
0C
0B
01
07
01
01
0C
0B
01
01
0C
0A
01
07
01
01
0C
0B
01
08
01
07
01
01
0C
0A
01
08
01
08
0C
0B
01
07
01
01
0C
09
01
07
0C
0A
01
07
01
0C
0A
01
07
01
07
01
07
01
01
0C
0A
01
07
01
07
01
0C
0A
01
01
01
01
01
01
01
01
01
01
01
01
01
01
01
01
07
0A
0C
0B
01
07
01
0C
0A
01
07
01
0C
0A
01
01
01
01
01
01
01
01
01
01
07
01
01
01
01
01
01
01
01
08
01
07
01
01
0C
09
01
07
01
08
01
0C
0A
01
07
01
07
01
01
0C
0A
01
08
01
08
01
07
01
07
01
01
0C
0A
01
01
01
0A
01
01
01
08
01
07
01
0C
0B
0C
0A
01
07
01
01
0C
0A
0C
09
01
07
01
0C
0B
0C
09
01
07
01
0C
0B
01
08
01
0C
0B
01
01
01
01
01
01
07
01
01
0C
0B
01
01
01
01
08
01
08
01
07
0A
01
07
01
07
01
01
0C
0A
0C
09
0C
09
01
08
01
01
01
01
0C
09
01
01
01
07
01
0C
0B
01
07
01
01
0C
0A
01
01
0C
0A
01
0C
0A
01
0C
0A
01
0C
0A
01
01
0C
0A
01
07
01
0C
0A
01
0C
0B
01
0C
0A
01
07
01
01
0C
0A
01
08
0A
0C
0A
01
0C
0A
01
01
0C
0A
01
01
01
01
01
01
01
01
01
01
01
01
01
01
01
01
01
01
01
07
0A
0A
01
01
0A
0C
0B
01
01
01
01
07
01
07
01
07
01
01
0C
09
01
0C
0A
01
01
0C
0B
01
01
01
01
01
07
01
08
0A
01
07
0A
01
07
01
01
0C
0B
01
08
01
0C
0B
0C
09
0C
09
01
08
01
08
01
08
01
0C
09
01
01
0C
0A
0C
09
0C
09
01
08
01
08
01
01
01
01
01
01
01
01
01
01
0C
09
0C
09
01
08
01
08
01
01
0C
0A
01
08
0C
09
0C
09
01
08
01
01
01
01
01
01
01
01
01
01
01
0001
0359
0330
0002
0465
000000B5
0007
0004
00000065
BB0346
59
2B
01
4C
C002F6
B7035A
4D
B201FF
B602CF
C002D1
B903170100
4E
B20287
59
2A
B402B2
5B
B902C50200
5B
A50007
57
A70019
5F
57
59
B20285
5F
B902CB0200
59
B30287
5F
B902C50200
13034C
05
BD0004
59
03
2D
53
59
04
2C
01
4D
53
B802DD
57
2D
01
4E
C002F6
B0
0000
0002
0467
0000002A
0004
000E
0053
0358
0015
0002
001D
0044
032D
0015
0003
0000
0064
030D
030E
0000
0000
0064
035B
0310
0001
0466
0000000E
0003
0000
0397
000E
040A
001D
040B
0468
00000004
0001
02BF
