09
0A
07
07
0A
0A
09
0A
0A
07
09
12
0A
07
08
08
0A
09
07
08
08
0A
09
07
08
08
0A
09
07
01
01
01
01
01
01
01
01
01
01
01
01
01
01
01
01
01
01
01
01
01
01
01
01
01
01
01
01
01
01
01
01
01
01
01
01
01
01
01
07
0C
07
0C
01
0C
0C
0C
0C
07
0C
01
07
0C
01
0F
08
0C
0C
01
01
0C
0C
01
01
0C
01
01
0C
01
01
01
01
01
01
01
01
01
01
01
01
01
0A
01
01
01
01
07
0C
01
07
01
01
07
01
01
0008
003F
0040
0001
002A
0000006B
0005
0000
00000047
BB000E
59
120F
03
1210
B70011
B30012
BB0013
59
1214
04
1215
B70016
B30017
BB0018
59
1219
05
121A
B7001B
B3001C
06
BD0004
59
03
B20012
53
59
04
B20017
53
59
05
B2001C
53
B30001
B1
0000
0001
002B
00000012
0004
0000
0053
000F
005E
001E
006A
002D
0052
