01
07
01
07
01
07
01
01
01
01
0C
09
01
07
01
01
0C
0A
01
07
01
0C
0A
01
01
01
01
01
01
01
01
01
01
0C
09
01
01
01
01
08
01
07
01
01
0C
0A
08
08
01
0C
0A
01
0C
0A
01
01
01
08
01
01
01
01
01
01
08
01
07
01
0C
0A
01
01
01
01
01
01
01
01
08
08
01
0C
0A
01
01
01
01
01
08
01
0C
0A
01
01
01
01
0C
0A
01
01
01
0C
0A
01
0C
0A
01
0C
0A
01
01
03
03
01
03
03
01
01
01
01
01
01
01
01
07
01
0C
0A
0C
09
01
07
01
07
01
01
01
01
01
01
01
01
01
01
01
01
01
01
01
01
0008
003B
0034
0001
008C
00000018
0003
0000
0000000C
BB007D
59
01
B70080
B30082
B1
0000
0000
