0A
09
09
09
07
08
0A
08
08
07
0A
07
07
01
01
01
01
01
01
01
01
01
01
01
01
01
01
01
01
01
01
01
01
01
01
01
01
01
01
01
01
01
01
01
01
01
01
01
01
01
01
01
01
01
01
01
01
01
01
01
01
01
01
01
01
01
01
01
01
01
01
01
01
01
01
01
01
01
01
01
01
01
01
01
01
01
01
01
01
01
01
01
01
01
01
0C
0C
07
0C
0C
01
01
0C
01
01
01
01
01
01
01
01
01
0001
0044
0045
0001
0012
00000048
0003
0003
0000000A
BB0005
59
1206
B70007
BF
0000
0002
0013
00000006
0001
0000
00B0
0014
00000020
0003
0000
000A
0015
000F
0000
0000
000A
0029
002A
0001
0000
000A
0041
0042
0002
