0A
0A
07
0A
07
0A
07
08
0A
0A
08
08
08
08
08
0A
0A
07
07
07
01
01
01
01
01
01
01
01
01
01
01
01
01
01
01
01
01
01
01
01
01
01
01
01
01
01
01
01
01
01
01
01
01
01
01
01
01
01
01
01
01
01
01
01
01
01
01
01
01
01
01
01
01
01
07
01
01
01
01
01
01
01
01
01
01
01
01
01
01
01
01
01
01
01
01
01
01
01
01
01
01
01
01
01
07
0C
0C
01
0C
01
0C
01
01
0C
0C
01
01
01
01
01
0C
0C
01
01
01
07
01
01
01
01
01
01
01
01
01
01
01
01
01
01
0001
001D
001E
0001
0018
00000035
0000
0002
00000001
B1
0000
0002
0019
00000006
0001
0000
0033
001A
00000016
0002
0000
0001
001B
001C
0000
0000
0001
001F
0020
0001
