0A
09
09
09
09
09
09
09
09
09
09
08
09
07
0A
0A
0A
0B
0A
0B
0A
08
0B
0A
08
0A
08
0A
08
0A
08
0A
08
0A
08
0A
08
0A
08
0A
08
07
07
07
07
07
01
01
01
05
01
01
01
01
01
01
01
03
01
01
01
01
01
01
01
01
01
01
01
01
01
01
01
01
01
01
01
01
01
01
01
01
01
01
01
01
01
01
01
01
01
01
01
01
01
01
01
01
01
01
01
01
01
01
01
01
01
01
01
01
01
01
01
01
01
01
01
01
01
01
01
01
01
01
01
01
01
01
01
01
01
01
01
01
01
01
01
01
01
01
01
01
01
01
01
01
01
01
01
01
01
01
01
01
01
01
01
01
01
01
01
01
01
0C
0C
0C
0C
0C
0C
0C
0C
0C
0C
0C
01
07
0C
01
0C
0C
07
0C
0C
0C
0C
0C
0C
0C
0C
0C
0C
0C
0C
0C
0C
01
01
01
01
01
01
01
01
01
01
01
01
01
01
0001
008D
008E
0001
0058
00000072
0004
0004
0000001E
2D
2B
2A
2C
B900120400
57
2A
2B
2C
2D
B60013
57
2D
2B
2A
2C
B900140400
57
2C
B0
0000
0002
0059
00000012
0004
0000
0182
000A
0183
0012
0184
001C
0185
005A
0000002A
0004
0000
001E
005B
005C
0000
0000
001E
008F
0090
0001
0000
001E
008B
008C
0002
0000
001E
0089
008A
0003
