0A
0A
09
09
09
09
09
09
09
07
08
0A
0A
09
09
0A
09
09
09
09
09
09
07
07
07
01
01
01
01
01
01
01
01
01
01
01
01
01
01
01
01
01
01
01
07
01
01
01
01
01
01
01
01
01
01
01
01
01
01
01
07
01
01
01
01
01
01
01
07
07
07
07
07
01
01
01
01
01
01
01
01
01
01
01
01
01
01
01
01
01
01
01
01
01
01
01
01
01
01
0C
0C
0C
0C
0C
0C
0C
0C
0C
01
01
0C
0C
0C
0C
07
0C
0C
0C
0C
0C
0C
0C
01
01
01
07
01
01
01
01
01
01
01
01
01
01
01
01
0001
0034
0035
0003
0036
000000B4
0010
000A
0000001A
2A
2B
2C
2D
1904
1905
1906
1907
1908
1909
01
01
01
01
01
01
B70001
B1
0000
0003
0037
0000000A
0002
0000
0038
0019
0039
0038
00000066
000A
0000
001A
0039
003A
0000
0000
001A
001C
001D
0001
0000
001A
001E
001F
0002
0000
001A
0022
001D
0003
0000
001A
0024
001D
0004
0000
001A
0025
001D
0005
0000
001A
0026
001D
0006
0000
001A
0027
001D
0007
0000
001A
0028
0029
0008
0000
001A
002A
0029
0009
003B
0000000C
0001
0000
001A
001E
0021
0002
003C
00000004
0001
003D
0020
00000002
003E
