01
07
01
07
01
01
07
01
07
01
01
01
0C
0A
01
07
01
01
0C
09
01
0C
09
01
01
01
01
01
01
01
08
01
01
08
01
01
01
07
01
07
06
01
10
01
01
0C
0A
0F
10
01
07
01
01
0C
0A
0F
01
01
0C
12
01
07
01
01
0C
0A
01
08
01
07
01
07
01
01
0C
0A
01
01
0C
0A
01
08
01
01
01
01
01
01
01
01
0C
0A
01
01
0C
0A
01
01
01
01
01
01
0C
0A
0C
0A
01
01
01
01
01
01
0C
09
01
01
01
01
01
01
01
01
0001
0023
0024
0001
0075
000000AD
0005
0004
0000003C
2B
C10026
990036
1228
2A
140029
BA003D0000
B80043
C00028
4E
2D
C60016
2B
1245
03
BD0047
B8004D
2D
2A
2B
B60051
A7000D
2B
1253
03
BD0047
B8004D
04
AC
0000
0003
0078
0000000B
0002
FC
0030
07
0028
FA
0009
0076
0000001E
0007
0000
0020
0007
0021
0019
0022
001D
0023
0027
0024
0030
0026
003A
0029
0077
0000002A
0004
0019
0021
0054
0055
0003
0000
003C
0018
0019
0000
0000
003C
0056
0057
0001
0000
003C
0058
0059
0002
