09
0A
0B
09
0A
0B
0B
09
0B
0B
0A
08
0A
0A
08
09
08
09
08
08
09
07
0A
07
0A
07
07
07
01
01
01
01
01
01
01
01
01
01
01
01
01
01
01
01
01
01
01
01
01
01
01
01
01
01
01
01
01
01
01
01
01
01
01
01
01
01
01
01
01
01
01
0C
0C
07
0C
0C
07
0C
07
0C
07
0C
0C
07
0C
0C
0C
01
07
0C
07
0C
01
0C
01
0C
01
01
0C
01
01
01
01
01
01
01
01
01
01
01
01
01
01
01
01
01
01
01
01
01
01
01
01
01
01
01
01
01
01
0001
0041
0042
0002
002A
00000031
0001
0001
00000007
B20001
B8000E
B0
0000
0002
002B
00000006
0001
0000
0083
002C
0000000C
0001
0000
0007
002D
002E
0000
0024
00000002
0043
