01
07
01
07
01
01
01
01
01
01
01
01
01
01
01
01
01
01
01
01
07
01
01
0C
0A
01
08
01
07
01
01
0C
0A
01
01
01
01
01
08
01
0C
0A
0C
0A
01
01
0C
0A
01
08
01
01
01
01
0C
0A
01
08
01
01
01
08
01
01
01
08
01
08
01
01
01
0C
0A
01
08
01
01
08
01
08
01
08
01
01
0C
0A
01
08
01
01
08
01
08
01
08
01
01
0C
0A
01
08
01
01
08
01
08
01
08
01
01
0C
0A
01
08
01
01
08
01
08
08
01
01
03
03
03
01
03
01
03
01
01
01
01
01
01
01
01
01
01
01
01
01
01
0019
0046
0036
0003
0088
00000049
0003
0002
00000015
2A
1227
B8002A
2A
1B
B80038
B60049
59
124E
B80021
B0
0000
0002
008A
00000006
0001
0006
0069
008B
00000016
0002
0000
0015
004C
0034
0000
0000
0015
003B
000C
0001
008C
00000006
0001
0013
0000
008D
00000009
02
0001
0013
0000
0000
