09
07
0C
01
01
01
09
0C
01
01
0A
0C
01
01
09
0C
01
01
09
0C
01
01
09
0C
01
01
0A
07
0C
01
01
01
0B
07
0C
01
01
01
07
01
09
0C
01
01
0A
07
0C
01
01
01
0A
07
0C
01
01
01
0A
07
0C
01
01
01
09
07
0C
01
01
01
0A
0C
01
01
0A
0C
01
01
07
01
0A
0C
01
0A
0C
01
01
0A
0C
01
01
0A
0C
01
01
07
01
12
0C
01
01
0A
07
0C
01
01
0A
0C
01
01
08
01
0A
0C
01
01
0B
07
0C
01
01
01
08
01
0A
0C
01
01
0A
07
0C
01
01
01
0A
0C
01
01
01
01
01
01
01
01
01
01
01
01
01
01
01
01
01
01
01
01
01
01
01
01
01
01
01
01
01
01
01
01
07
01
01
01
01
01
01
01
01
01
01
01
01
01
01
01
01
01
01
01
01
01
01
01
01
01
01
01
01
01
01
01
01
01
01
01
01
01
01
01
01
01
01
01
01
01
01
01
01
01
01
01
01
0F
0A
07
0C
01
01
01
10
0F
0A
0C
01
07
01
01
07
01
07
01
01
07
01
01
07
01
07
01
01
01
07
01
01
07
01
01
07
01
01
07
01
01
07
01
07
01
01
0001
0087
0088
0001
008C
0000004D
0004
0001
0000001F
06
BD005E
59
03
2A
BA00600000
53
59
04
2A
B40013
53
59
05
2A
B40029
53
B80064
B1
0000
0002
008D
0000000A
0002
0000
008C
001E
008D
008E
0000000C
0001
0000
001F
008F
0090
0000
