0A
07
0A
09
09
09
09
09
07
0A
09
09
0A
07
05
0A
09
09
09
09
09
09
0B
09
0B
0B
07
0B
0B
07
09
09
09
0A
0B
12
0B
0B
0A
09
09
09
0A
0A
07
07
01
01
01
01
01
01
01
01
01
01
01
01
01
01
01
01
01
01
01
01
01
01
01
01
01
01
01
01
01
01
01
01
07
01
01
01
01
01
01
01
01
01
01
01
01
01
01
01
01
01
01
01
01
01
01
01
01
01
01
01
01
01
01
01
01
01
01
01
01
01
01
01
01
01
01
01
01
01
01
01
01
01
01
01
01
01
01
01
01
01
01
01
01
07
07
01
01
01
01
01
01
01
01
01
01
01
01
01
01
01
01
01
01
01
01
01
01
01
01
01
01
01
01
01
01
01
01
01
01
01
0C
01
0C
0C
0C
0C
0C
01
0C
0C
07
0C
01
0C
0C
0C
0C
0C
0C
0C
07
0C
0C
0C
0C
01
0C
0C
01
0C
0C
0C
0C
0C
01
0F
10
0F
10
0C
07
0C
0C
07
0C
0C
0C
07
0C
0C
0C
01
01
07
01
01
01
01
01
01
01
01
01
01
01
01
01
01
01
01
01
01
01
01
01
01
0A
0A
01
01
01
01
01
01
01
01
01
01
01
01
01
01
01
07
0C
0C
01
01
07
01
01
07
01
01
0009
00A1
009E
0001
0059
0000001C
0002
0000
00000004
14000F
AD
0000
0001
005A
00000006
0001
0000
00CF
