01
07
01
01
07
01
07
01
07
01
07
01
01
07
01
01
07
01
01
07
01
07
01
01
01
01
01
01
03
01
03
01
01
01
01
01
01
01
01
01
01
01
01
01
0C
0A
01
01
01
01
07
0C
0A
01
0C
0A
01
0A
0C
09
0C
09
01
07
0A
0C
09
01
07
01
01
0C
0A
01
01
0C
0A
0C
09
01
07
01
0C
0A
01
0C
0A
0C
09
0A
0C
09
01
01
07
01
01
0C
0B
01
01
0C
0A
01
01
01
01
01
01
0C
0A
01
01
01
01
01
01
0C
0A
01
01
01
0C
0A
01
01
01
08
0C
0A
01
01
01
0C
0A
01
0C
0A
01
01
01
01
01
0A
01
07
0A
01
08
01
01
0C
0A
01
0C
0A
01
08
01
08
01
08
01
01
0C
0A
01
01
0C
0A
01
01
01
0C
09
01
01
01
01
01
01
0C
0A
01
01
01
01
0C
0A
01
01
01
01
01
07
05
01
07
01
01
0C
0A
01
01
01
01
01
01
0C
0A
01
01
01
01
07
01
07
01
01
0C
0B
01
07
01
01
0C
0A
01
07
01
08
01
07
01
01
0C
0A
01
0C
0A
01
01
01
01
01
01
01
01
01
01
07
01
0C
0A
01
01
01
01
01
01
0C
0A
07
0A
01
01
01
07
01
0C
0A
01
01
01
0C
0A
01
0C
0B
01
07
01
01
0C
0A
01
0C
0A
01
07
01
0C
09
0A
01
0C
0A
0A
01
01
01
01
01
01
01
01
01
01
01
01
07
01
08
01
08
01
0C
0A
06
01
05
01
01
01
01
01
01
01
01
01
0C
0A
01
01
01
01
01
0C
0A
01
01
01
01
01
0C
0A
01
07
01
0C
0B
01
01
01
0C
0A
01
01
01
0C
0A
01
07
0C
0B
01
01
01
01
0A
01
01
01
0C
0A
01
01
0C
0A
01
01
07
01
01
0C
0A
01
01
01
01
0C
0A
01
01
01
0C
0A
05
05
01
01
0C
0A
01
0C
0A
01
07
0B
01
07
0B
0B
01
01
01
01
01
01
01
07
01
08
01
08
0A
01
08
01
08
01
07
0C
0A
0C
0A
01
01
01
01
01
01
01
01
01
07
01
0C
0A
01
01
01
01
01
01
01
01
01
01
01
01
01
01
01
01
01
01
01
01
01
01
01
01
01
01
01
01
01
01
01
01
01
01
01
01
01
01
01
01
0001
0100
0101
0002
01C9
000000DD
0004
0006
0000003B
2A
B4004F
4D
2A
B400AF
C000C3
4E
03
3604
2C
03
2F
1400C4
7F
88
3605
1505
04
9F001C
2B
1504
2D
1505
32
53
2C
1505
2F
1400C4
7F
88
3605
840401
A7FFE4
2B
B0
0000
0003
01CA
0000003E
0006
0000
003B
002F
0031
0000
0000
003B
0102
0018
0001
0005
0036
00CC
001A
0002
000D
002E
0017
0018
0003
0010
002B
00AB
001C
0004
001A
0021
00B8
001C
0005
01CB
00000020
0003
0000
003B
002F
0030
0000
0000
003B
0102
007E
0001
000D
002E
0017
007E
0003
01CC
00000026
0009
0000
0256
0005
0257
000D
0259
0010
025B
001A
025D
0020
025E
0028
0260
0033
0261
0039
0264
01C8
00000002
01D9
