07
01
07
01
09
07
0C
01
01
01
0A
07
0C
01
01
01
0A
0C
01
09
0C
01
01
09
07
0C
01
01
01
0B
07
0C
01
01
01
0A
0A
0C
01
01
0A
0C
01
01
0A
0C
01
01
07
01
07
01
01
01
01
03
01
01
01
01
01
01
01
01
01
01
01
01
01
01
01
01
01
01
01
01
01
01
01
01
01
01
01
01
01
01
0010
0027
0028
0002
0039
0000006A
0007
0004
00000010
BB0006
59
2A
B40005
1B
1C
1D
04
B70024
B0
0000
0003
003A
00000006
0001
0000
04AD
003B
0000002A
0004
0000
0010
003C
003D
0000
0000
0010
0040
0036
0001
0000
0010
0041
0036
0002
0000
0010
0042
0017
0003
003E
0000000C
0001
0000
0010
003C
003F
0000
0049
00000002
004A
