0A
0A
07
08
07
0A
07
0A
0A
0A
08
0A
0A
07
01
01
01
01
01
01
01
01
01
01
01
01
01
01
01
01
01
01
01
01
01
01
01
01
01
01
01
01
01
0C
0C
01
01
01
07
0C
01
0C
0C
0C
01
0C
07
0C
01
01
01
01
01
01
01
01
01
01
01
01
01
01
0011
0023
0024
0001
0014
00000085
0002
0002
0000001B
2A
B60002
4C
2B
C7000D
1204
03
BD0005
B80006
BF
2B
C00007
B6000A
AD
0000
0004
0015
00000012
0004
0000
0038
0005
0039
0009
003A
0013
003C
0016
00000016
0002
0000
001B
0017
0018
0000
0005
0016
001D
001E
0001
0019
00000016
0002
0000
001B
0017
001A
0000
0005
0016
001D
001F
0001
0020
00000008
0001
FC
0013
07
0005
