07
0A
09
09
09
07
0B
0B
0A
0B
0B
07
0A
0A
0B
0A
0A
0B
07
12
0A
0A
07
12
0A
0B
0B
0B
0A
0A
0A
0A
0A
0A
0A
0A
0A
0A
0A
0A
0A
0A
0A
07
0A
09
07
07
01
01
01
01
01
01
01
01
01
01
01
01
01
01
01
01
01
01
01
01
01
01
01
01
01
01
01
01
01
01
01
01
01
01
01
01
01
01
01
01
01
01
01
01
01
01
01
01
01
01
01
01
01
01
01
01
01
01
01
01
01
01
01
01
01
01
01
01
01
01
01
01
01
01
01
01
01
01
07
07
07
07
07
01
01
01
01
01
01
01
01
01
01
01
01
01
01
0C
0C
0C
0C
01
0C
0C
0C
0C
0C
01
07
0C
0C
07
0C
0C
0C
0C
01
01
0F
08
0C
0C
0C
01
08
0C
07
0C
0C
0C
0C
0C
0C
0C
0C
0C
0C
0C
0C
0C
0C
0C
0C
0C
01
0C
0C
01
01
01
01
01
01
01
01
01
01
01
01
01
01
01
01
01
01
01
01
01
01
01
01
01
0A
01
01
01
01
01
01
01
01
01
01
01
01
01
01
01
01
01
01
01
07
0C
01
07
01
01
07
01
01
0011
0063
0064
0004
003F
00000063
0003
0003
00000019
2B
03
2C
B6000E
53
2B
04
2C
B60010
53
2B
05
2C
B60011
B80016
53
B1
0000
0002
0040
00000012
0004
0000
007D
0007
007E
000E
007F
0018
0080
0041
00000020
0003
0000
0019
0042
0043
0000
0000
0019
0065
0052
0001
0000
0019
0058
0059
0002
0045
00000009
02
0065
0010
0058
0010
0047
00000010
0002
16
01
00
0048
0000
16
00
00
0048
0000
0049
00000009
02
0000
0001
0048
0000
