09
0A
0A
07
0A
0A
09
0A
0A
0A
07
0A
07
0A
0A
0A
0A
07
07
07
01
01
01
01
01
01
01
01
01
01
01
01
01
01
01
01
01
01
01
01
01
01
01
01
01
01
01
01
01
01
01
01
01
01
01
01
01
01
01
01
01
01
01
01
0C
0C
0C
07
01
0C
0C
0C
0C
0C
0C
01
0C
07
01
0C
0C
0C
0C
01
01
01
07
01
01
01
01
01
01
01
01
01
01
01
01
0001
001D
0027
0002
001F
00000065
0004
0003
0000000D
2A
2B
B50001
2A
2B
2C
01
B70003
B1
0000
0003
0020
0000000E
0003
0000
0393
0005
0394
000C
0395
0021
00000016
0002
0000
000D
0022
0024
0000
0000
000D
0028
0029
0002
0025
00000016
0002
0000
000D
0022
0026
0000
0000
000D
0028
002A
0002
0019
00000002
002B
