07
0A
09
09
09
07
0B
0A
0B
0A
0B
0A
0A
07
12
0A
07
12
0A
0B
0B
0A
0A
0A
0A
0A
0A
0A
0A
0A
0A
0A
0A
0A
0A
07
0A
09
07
07
01
01
01
01
01
01
01
01
01
01
01
01
01
01
01
01
01
01
01
01
01
01
01
01
01
01
01
01
01
01
01
01
01
01
01
01
01
01
01
01
01
01
01
01
01
01
01
01
01
01
01
01
01
01
01
01
01
01
01
01
01
01
01
01
01
01
01
01
01
01
01
01
01
01
01
07
07
07
07
01
01
01
01
01
01
01
01
01
01
01
01
01
01
0C
0C
0C
0C
01
0C
0C
0C
0C
07
0C
0C
0C
01
01
0F
08
0C
0C
01
08
0C
07
0C
0C
0C
0C
0C
0C
0C
0C
0C
0C
0C
0C
0C
0C
0C
01
0C
0C
01
01
01
01
01
01
01
01
01
01
01
01
01
01
01
01
0A
01
01
01
01
01
01
01
01
01
01
01
01
01
01
07
0C
01
07
01
01
07
01
01
1041
004D
007D
0004
0036
00000034
0003
0003
0000000A
2A
2B
C00006
1C
B60022
B0
0000
0002
0037
00000006
0001
0000
001B
0038
0000000C
0001
0000
000A
0039
003A
0000
003C
00000009
02
004F
1010
0051
1000
003E
00000009
0001
16
00
00
003F
0000
0040
00000009
02
0001
003F
0000
0000
