01
07
01
01
07
01
07
01
07
01
07
01
01
07
01
01
07
01
01
07
01
07
01
01
01
01
01
01
03
01
03
01
01
01
01
01
01
01
01
01
01
01
01
01
0C
0A
01
01
01
01
07
0C
0A
01
0C
0A
01
0A
0C
09
0C
09
01
07
0A
0C
09
01
07
01
01
0C
0A
01
01
0C
0A
0C
09
01
07
01
0C
0A
01
0C
0A
0C
09
0A
0C
09
01
01
07
01
01
0C
0B
01
01
0C
0A
01
01
01
01
01
01
0C
0A
01
01
01
01
01
01
0C
0A
01
01
01
0C
0A
01
01
01
08
0C
0A
01
01
01
0C
0A
01
0C
0A
01
01
01
01
01
0A
01
07
0A
01
08
01
01
0C
0A
01
0C
0A
01
08
01
08
01
08
01
01
0C
0A
01
01
0C
0A
01
01
01
0C
09
01
01
01
01
01
01
0C
0A
01
01
01
01
0C
0A
01
01
01
01
01
07
05
01
07
01
01
0C
0A
01
01
01
01
01
01
0C
0A
01
01
01
01
07
01
07
01
01
0C
0B
01
07
01
01
0C
0A
01
07
01
08
01
07
01
01
0C
0A
01
0C
0A
01
01
01
01
01
01
01
01
01
01
07
01
0C
0A
01
01
01
01
01
01
0C
0A
07
0A
01
01
01
07
01
0C
0A
01
01
01
0C
0A
01
0C
0B
01
07
01
01
0C
0A
01
0C
0A
01
07
01
0C
09
0A
01
0C
0A
0A
01
01
01
01
01
01
01
01
01
01
01
01
07
01
08
01
08
01
0C
0A
06
01
05
01
01
01
01
01
01
01
01
01
0C
0A
01
01
01
01
01
0C
0A
01
01
01
01
01
0C
0A
01
07
01
0C
0B
01
01
01
0C
0A
01
01
01
0C
0A
01
07
0C
0B
01
01
01
01
0A
01
01
01
0C
0A
01
01
0C
0A
01
01
07
01
01
0C
0A
01
01
01
01
0C
0A
01
01
01
0C
0A
05
05
01
01
0C
0A
01
0C
0A
01
07
0B
01
07
0B
0B
01
01
01
01
01
01
01
07
01
08
01
08
0A
01
08
01
08
01
07
0C
0A
0C
0A
01
01
01
01
01
01
01
01
01
07
01
0C
0A
01
01
01
01
01
01
01
01
01
01
01
01
01
01
01
01
01
01
01
01
01
01
01
01
01
01
01
01
01
01
01
01
01
01
01
01
01
01
01
01
0001
0152
0153
0002
01C9
00000061
0004
0002
0000000D
2A
2B
03
2A
B60090
B60156
57
2B
B0
0000
0003
01CA
00000016
0002
0000
000D
002F
0031
0000
0000
000D
0157
0159
0001
01CB
00000016
0002
0000
000D
002F
0030
0000
0000
000D
0157
0158
0001
01CC
0000000A
0002
0000
0577
000B
0579
01C8
00000002
01DE
