01
07
01
01
07
01
01
07
01
01
0C
01
01
01
01
01
01
0C
09
0C
09
01
0C
0A
01
01
01
01
01
01
01
01
01
0C
0A
01
07
01
01
0C
0A
01
01
01
01
01
01
08
01
07
08
08
08
01
07
01
01
0C
0A
01
07
0A
01
01
01
01
01
01
01
01
01
01
01
0001
001C
001D
0004
003F
0000007A
0003
0003
00000013
2B
C70007
03
B80023
2C
2A
B40015
2B
B60029
04
AC
0000
0004
0043
00000003
0001
08
0040
0000000A
0002
0008
00C5
0011
00C6
0041
00000020
0003
0000
0013
0019
001A
0000
0000
0013
002A
002C
0001
0000
0013
002D
002E
0002
0042
00000016
0002
0000
0013
0019
001A
0000
0000
0013
002A
002B
0001
0044
00000002
001E
0045
00000009
0001
16
00
00
001F
0000
0046
00000009
02
0001
001F
0000
0000
