0A
09
09
03
09
03
09
03
09
03
03
0A
0A
0A
0A
07
07
07
0A
07
0B
0A
0B
07
0A
0A
07
0A
0A
08
0A
0A
0A
0A
0A
0A
07
07
07
01
01
01
01
01
03
01
01
01
01
01
01
01
01
01
01
01
01
01
01
01
01
01
01
01
01
01
01
01
01
01
01
07
01
01
01
01
01
01
01
01
01
01
01
01
01
01
01
01
01
01
01
01
01
01
01
01
01
01
01
01
01
01
01
01
07
01
01
01
01
01
01
07
01
01
01
01
01
01
01
01
01
0C
0C
0C
0C
0C
0C
0C
0C
0C
0C
07
01
01
01
07
01
0C
0C
0C
01
0C
07
0C
01
0C
01
0C
0C
0C
0C
0C
0C
01
01
07
01
01
01
01
01
01
01
01
01
01
01
01
01
01
0001
0072
0073
0001
003D
0000005A
0003
0001
0000001E
BB001B
59
B7001C
2A
B40002
B6001D
121E
B6001F
2A
B40003
B60020
B60021
B0
0000
0003
003E
00000006
0001
0000
034D
003F
0000000C
0001
0000
001E
0040
0037
0000
0041
0000000C
0001
0000
001E
0040
0038
0000
