0A
08
09
09
09
0A
09
07
0A
0A
0B
0A
07
0A
08
0A
08
08
0A
08
0A
0A
07
0A
09
07
0A
0A
0A
07
07
01
01
01
05
01
01
01
01
01
01
01
01
01
01
01
01
01
01
01
01
01
01
01
01
01
01
01
01
01
01
01
01
01
01
01
01
01
01
01
01
01
01
01
01
01
01
01
01
01
0C
01
0C
0C
0C
07
0C
0C
01
0C
0C
0C
0C
01
01
0C
01
01
0C
01
0C
0C
01
07
0C
0C
01
0C
0C
01
01
01
01
01
01
01
01
01
01
01
01
01
01
01
01
01
01
01
0001
003E
003F
0002
0032
00000036
0002
0001
0000000C
2A
B40004
2A
B40005
B80006
B0
0000
0002
0033
00000006
0001
0000
004B
0034
0000000C
0001
0000
000C
0035
0036
0000
002E
00000002
0040
