07
07
0A
06
0A
0A
0A
0A
09
0A
09
0A
0B
0A
09
07
0A
0A
09
0A
07
08
0A
07
0A
0A
07
01
01
01
01
01
01
01
01
01
01
01
01
01
01
01
01
01
01
01
01
01
01
01
01
01
01
01
01
01
01
01
01
01
01
01
01
01
01
01
01
01
01
01
01
01
01
07
01
01
01
01
01
01
01
0C
0C
07
0C
0C
0C
0C
0C
0C
0C
07
0C
0C
0C
01
07
0C
0C
07
0C
01
01
0C
01
0C
07
0C
01
01
01
01
01
01
01
01
01
01
01
01
01
01
01
01
01
01
01
01
01
01
01
01
0001
0037
0038
0002
0021
0000007B
0002
0002
0000001E
B20010
9A000F
2B
C7000B
BB0011
59
B70012
BF
2B
B80013
2A
B40014
B80015
AC
0000
0004
0022
0000000A
0002
0000
004F
0012
0050
0023
00000016
0002
0000
001E
0024
0025
0000
0000
001E
0039
003A
0001
0026
00000016
0002
0000
001E
0024
0027
0000
0000
001E
0039
003B
0001
003C
00000003
0001
12
0035
00000002
003D
