01
07
01
07
01
01
0C
0A
01
01
01
01
01
01
07
01
07
01
01
0C
0A
01
07
01
01
0C
0A
01
07
01
01
0C
0B
01
01
0C
0A
01
08
01
07
01
01
0C
0A
0F
01
0C
12
01
07
01
0C
0A
01
0C
0A
01
0C
0B
01
07
01
01
0C
0A
01
08
01
07
01
01
0C
0A
01
01
01
01
01
01
01
07
01
01
01
01
08
01
0C
0A
0C
0A
01
0C
0A
01
08
01
08
01
07
01
07
01
01
0C
0A
01
07
01
08
0A
01
08
01
01
0C
0A
01
01
01
01
08
01
08
01
01
0C
0A
01
07
01
01
0C
0B
01
07
01
01
0C
0B
01
07
01
07
01
01
0C
0A
01
07
01
08
01
0C
12
0A
01
01
01
01
01
01
01
01
01
0C
0A
01
07
01
01
0C
0B
01
07
01
07
01
0C
0A
01
0A
01
01
01
01
03
03
01
01
03
01
01
01
01
01
01
01
01
01
01
01
01
01
01
01
01
01
01
01
0011
00A2
00A3
0003
00C9
00000037
0001
0001
0000000D
2A
B700A8
B900AE0100
C000B0
B0
0000
0002
00CA
00000006
0001
0000
0029
00CB
0000000C
0001
0000
000D
0009
000A
0000
00CD
00000002
00A4
00CE
00000006
0001
0056
0000
