0A
07
0A
09
09
09
09
0B
07
0A
07
0A
0A
0A
0A
0A
08
08
08
0A
08
08
0A
0A
0A
0A
0A
0A
0B
0A
0A
0B
07
01
01
01
01
01
01
01
01
01
01
01
01
01
01
01
01
01
01
01
01
01
01
01
01
01
01
01
01
01
01
01
01
01
01
01
01
01
01
01
01
01
01
01
01
01
01
01
01
01
01
01
01
01
01
01
01
07
01
01
01
01
01
01
01
01
01
01
01
07
01
01
01
01
01
0C
01
0C
0C
0C
0C
07
0C
01
01
07
0C
0C
0C
07
0C
07
0C
01
0C
0C
0C
0C
0C
0C
07
0C
01
01
07
01
01
01
01
01
01
01
01
01
01
01
01
01
01
01
01
01
01
01
01
01
01
01
0001
003C
003D
0002
0036
0000002F
0001
0001
00000005
2A
B40005
B0
0000
0002
0037
00000006
0001
0000
004B
0038
0000000C
0001
0000
0005
0039
003A
0000
0024
0000000B
0001
0025
0001
00010026
73
0022
