09
0A
0A
0A
07
0A
09
09
09
09
0A
0A
0A
07
0A
0A
08
0A
0A
07
0A
07
0A
07
0A
07
0B
0A
0B
07
08
0B
0A
0A
0A
0B
0B
0B
07
0B
0A
0B
0A
0A
08
0A
07
0B
08
07
08
0A
0A
0B
0B
09
0A
0B
0B
07
0A
0A
0A
07
0A
0B
07
07
07
01
01
01
01
01
01
01
01
01
01
01
01
01
01
01
01
01
01
01
01
01
01
01
01
01
01
01
01
01
01
01
01
01
01
01
01
01
01
01
01
01
01
01
01
01
01
01
01
01
01
01
01
01
01
01
01
01
01
01
01
01
01
01
01
01
01
01
01
01
01
01
01
01
01
01
01
01
01
01
01
01
01
01
01
01
01
01
07
0C
0C
0C
0C
01
0C
0C
0C
0C
07
0C
0C
0C
01
0C
01
0C
0C
01
0C
01
0C
01
0C
01
0C
07
0C
0C
01
01
0C
0C
0C
07
0C
07
0C
0C
07
01
0C
0C
07
0C
07
0C
01
0C
01
0C
01
01
01
0C
0C
07
0C
07
0C
0C
0C
01
0C
0C
0C
01
0C
01
01
01
01
01
01
01
01
01
01
01
01
01
01
01
01
01
01
01
01
01
01
01
01
01
01
01
01
01
01
01
01
01
01
01
01
01
01
01
01
01
01
01
01
01
01
01
01
01
01
01
01
01
01
01
01
01
01
01
01
01
01
01
01
01
01
01
0001
005D
005E
0003
0051
00000063
0005
0004
00000009
2A
2B
2C
2D
01
B6000D
B0
0000
0003
0052
00000006
0001
0000
0034
0053
0000002A
0004
0000
0009
0054
0055
0000
0000
0009
005F
0060
0001
0000
0009
0061
0060
0002
0000
0009
0062
0060
0003
0059
0000000C
0001
0000
0009
0054
005A
0000
0063
00000004
0001
001E
0048
00000002
0064
