09
0A
0A
09
08
0A
0A
0A
08
08
0A
0A
09
08
08
08
0A
0A
0A
08
08
0A
08
08
08
08
07
07
01
01
01
01
01
01
01
01
01
01
01
01
01
01
01
01
01
01
01
01
01
01
01
01
01
01
01
01
01
01
01
01
01
01
01
01
01
01
01
01
01
01
01
01
01
01
01
01
01
01
01
01
01
01
01
0C
0C
0C
07
0C
01
07
0C
0C
0C
01
01
07
0C
0C
0C
01
01
01
07
0C
07
0C
0C
01
01
07
0C
01
01
01
01
01
01
01
01
01
01
01
01
01
01
01
01
01
01
01
01
01
01
01
01
01
01
01
01
01
01
01
0001
004B
002B
0001
0021
00000046
0003
0002
0000000E
2A
B20004
1218
B80006
2B
B60008
B1
0000
0002
0022
0000000A
0002
0000
00D7
000D
00D8
0023
00000016
0002
0000
000E
0024
0025
0000
0000
000E
004C
002D
0001
