09
0A
0A
0A
0A
09
08
0A
0A
0A
0A
0A
0A
08
0A
0A
0A
0A
08
0A
0A
0A
09
08
08
08
08
08
08
08
0A
0A
08
0A
0A
08
07
07
01
01
01
01
01
01
01
01
01
01
01
01
01
01
01
01
01
01
01
01
01
01
01
01
01
01
01
01
01
01
01
01
01
01
01
01
01
01
01
01
01
01
01
01
01
01
01
01
01
01
01
01
01
01
01
01
01
01
01
01
01
01
01
01
01
0C
0C
0C
0C
0C
07
0C
01
07
0C
0C
07
0C
07
0C
0C
0C
01
07
0C
07
0C
0C
0C
01
07
0C
07
0C
0C
0C
01
01
01
01
01
01
01
07
0C
0C
01
07
01
01
01
01
01
01
01
01
01
01
01
01
01
01
01
01
01
01
01
01
01
01
01
01
01
01
01
01
01
01
01
01
01
01
01
01
01
01
01
0001
0040
0041
0001
002B
0000005C
0003
0003
00000016
2B
B6000B
B8000C
4D
2A
B20006
1207
B80008
2C
B6000D
B1
0000
0002
002C
0000000E
0003
0000
0052
0008
0053
0015
0054
002D
00000020
0003
0000
0016
002E
002F
0000
0000
0016
0036
0037
0001
0008
000E
003E
003F
0002
