0A
07
0C
01
01
01
09
07
0C
01
01
01
09
0C
01
09
0C
01
01
07
01
0A
09
0C
01
01
09
0C
01
01
12
0C
01
01
08
01
0A
0C
01
0A
0C
01
0A
0C
01
01
08
01
12
08
01
08
01
12
08
01
08
01
09
0C
01
08
01
08
01
08
01
0A
0C
01
01
08
01
08
01
0A
0C
01
01
08
01
08
01
08
01
08
01
08
01
08
01
08
01
08
01
08
01
08
01
08
01
08
01
0A
0C
01
01
08
01
08
01
0A
0C
01
08
01
08
01
12
0C
01
08
01
08
01
08
01
08
01
0A
07
0C
01
01
01
0A
0C
01
01
08
01
08
01
08
01
0A
08
01
08
01
08
01
08
01
08
01
0A
0C
01
01
0A
0C
01
12
08
01
08
01
07
01
0A
0A
0C
01
01
07
01
08
01
0A
0C
01
06
0A
0C
01
01
08
01
08
01
08
01
08
01
08
01
08
01
09
0C
01
01
0A
07
0C
01
01
01
0A
07
0C
01
01
01
0A
0C
01
0A
0C
01
01
08
01
08
01
08
01
08
01
08
01
08
01
08
01
08
01
08
01
0A
0C
01
0A
0C
01
0A
0C
0A
0C
01
09
07
0C
01
01
01
0A
0C
01
01
0A
07
0C
01
01
0A
0C
01
01
0A
0C
01
0A
0C
01
01
08
01
0A
0C
01
08
01
0A
0C
01
08
01
0A
0C
01
08
01
08
01
0A
0C
01
08
01
0A
0C
01
08
01
09
0C
01
0A
0C
01
01
09
07
0C
01
01
01
0A
07
0C
01
01
08
01
08
01
08
01
08
01
0A
0C
01
09
0C
01
09
0C
01
01
09
07
0C
01
01
0A
0C
01
01
12
0C
01
12
08
01
08
01
09
0C
01
0A
08
01
07
01
0A
0C
01
01
08
01
0A
0C
01
01
07
01
08
01
08
01
08
01
08
01
08
01
08
01
08
01
07
01
01
01
08
01
01
01
01
01
01
01
01
01
01
01
01
01
01
01
01
01
01
01
01
01
01
01
01
01
01
01
01
01
01
01
01
01
01
01
01
01
01
01
01
01
01
01
01
01
01
01
01
01
01
01
01
01
01
01
01
01
01
01
01
01
01
01
01
0F
0A
07
0C
01
01
08
01
08
01
08
01
08
01
08
01
08
01
08
01
01
01
01
07
01
07
01
01
0001
01B0
00DF
0001
019F
00000091
0002
0004
00000022
2B
C70005
02
AC
B200C9
2B
B600CD
4D
2C
B600D3
9A0005
02
AC
2C
04
B600D9
4E
2D
B800DC
AC
0000
0003
01A0
0000001E
0007
0000
0123
0004
0124
0006
0127
000E
0128
0015
012A
0017
012C
001D
012D
01A1
0000002A
0004
0000
0022
01A2
01A3
0000
0000
0022
0012
0013
0001
000E
0014
00D1
01B1
0002
001D
0005
01B2
0013
0003
01A8
00000009
0002
06
FC
0010
07
00D4
