0A
07
0C
01
01
01
09
07
0C
01
01
01
09
0C
01
09
0C
01
01
07
01
0A
09
0C
01
01
09
0C
01
01
12
0C
01
01
08
01
0A
0C
01
0A
0C
01
0A
0C
01
01
08
01
12
08
01
08
01
12
08
01
08
01
09
0C
01
08
01
08
01
08
01
0A
0C
01
01
08
01
08
01
0A
0C
01
01
08
01
08
01
08
01
08
01
08
01
08
01
08
01
08
01
08
01
08
01
08
01
08
01
0A
0C
01
01
08
01
08
01
0A
0C
01
08
01
08
01
12
0C
01
08
01
08
01
08
01
08
01
0A
07
0C
01
01
01
0A
0C
01
01
08
01
08
01
08
01
0A
08
01
08
01
08
01
08
01
08
01
0A
0C
01
01
0A
0C
01
12
08
01
08
01
07
01
0A
0A
0C
01
01
07
01
08
01
0A
0C
01
06
0A
0C
01
01
08
01
08
01
08
01
08
01
08
01
08
01
09
0C
01
01
0A
07
0C
01
01
01
0A
07
0C
01
01
01
0A
0C
01
0A
0C
01
01
08
01
08
01
08
01
08
01
08
01
08
01
08
01
08
01
08
01
0A
0C
01
0A
0C
01
0A
0C
0A
0C
01
09
07
0C
01
01
01
0A
0C
01
01
0A
07
0C
01
01
0A
0C
01
01
0A
0C
01
0A
0C
01
01
08
01
0A
0C
01
08
01
0A
0C
01
08
01
0A
0C
01
08
01
08
01
0A
0C
01
08
01
0A
0C
01
08
01
09
0C
01
0A
0C
01
01
09
07
0C
01
01
01
0A
07
0C
01
01
08
01
08
01
08
01
08
01
0A
0C
01
09
0C
01
09
0C
01
01
09
07
0C
01
01
0A
0C
01
01
12
0C
01
12
08
01
08
01
09
0C
01
0A
08
01
07
01
0A
0C
01
01
08
01
0A
0C
01
01
07
01
08
01
08
01
08
01
08
01
08
01
08
01
08
01
07
01
01
01
08
01
01
01
01
01
01
01
01
01
01
01
01
01
01
01
01
01
01
01
01
01
01
01
01
01
01
01
01
01
01
01
01
01
01
01
01
01
01
01
01
01
01
01
01
01
01
01
01
01
01
01
01
01
01
01
01
01
01
01
01
01
01
01
01
0F
0A
07
0C
01
01
08
01
08
01
08
01
08
01
08
01
08
01
08
01
01
01
01
07
01
07
01
01
0004
0072
006B
0001
019F
00000121
0004
0005
00000077
BB0014
59
B70016
4D
1273
4E
1B
990006
1275
4E
2C
1223
B6002B
57
2C
2D
BA00770000
B6002B
57
2C
127A
B6002B
57
2C
2D
B6002B
57
2C
127C
B6002B
57
2C
127E
B6002B
57
2C
2D
B6002B
57
2C
1280
B6002B
57
04
3604
1504
100A
A30018
2C
2A
1504
B80082
1B
B60088
B6002B
57
840401
A7FFE7
2C
128C
B6002B
57
2C
B60044
B0
0000
0003
01A0
00000046
0011
0000
00C5
0008
00C7
000B
00C8
000F
00CA
0012
00CE
0019
00CF
0024
00D0
002B
00D1
0031
00D2
0038
00D5
003F
00D6
0045
00D7
004C
00DA
0056
00DC
0065
00DA
006B
00DE
0072
00E0
01A1
00000034
0005
004F
001C
01A4
01A5
0004
0000
0077
01A2
01A3
0000
0000
0077
01AA
0157
0001
0008
006F
01A9
001A
0002
000B
006C
0012
0013
0003
01A8
00000012
0003
FD
0012
07
0014
07
017B
FC
003C
01
FA
001B
