09
09
09
09
09
0A
0A
0A
0A
0A
07
0A
07
07
01
01
01
01
01
01
07
01
01
01
01
01
01
01
01
01
01
01
01
01
01
01
01
01
01
01
01
01
01
01
01
01
01
07
01
01
01
01
01
01
01
07
0C
0C
0C
0C
0C
0C
0C
0C
0C
07
0C
07
0C
01
0C
01
01
07
01
01
01
01
01
01
01
01
01
01
01
01
01
01
01
01
01
01
0000
001B
001C
0001
001D
00000061
0003
0007
00000023
2A
2B
B50001
2A
2D
B50002
2A
1904
B50003
2A
1905
B50004
2A
1906
B50005
2A
2B
2C
B70006
B1
0000
0002
001E
00000006
0001
0000
0287
001F
00000020
0003
0000
0023
0020
0021
0000
0000
0023
0019
001A
0001
0000
0023
0022
0023
0002
