01
07
01
01
07
01
07
01
01
0C
0A
01
01
01
01
01
01
01
07
01
0C
0A
01
01
01
01
0C
09
01
01
07
01
01
01
08
01
07
01
01
0C
0A
0C
0A
01
07
01
01
0C
0B
01
07
01
01
0C
0B
01
01
0C
0B
01
07
01
0C
0A
01
01
0C
0B
01
07
01
0C
0A
01
01
07
01
01
01
08
01
08
01
07
01
0C
0B
01
01
0C
0A
01
07
0B
01
01
01
0C
0A
01
0C
0A
01
01
0A
01
0C
09
01
07
01
08
01
0C
0A
01
01
01
01
01
01
01
01
01
01
01
01
01
03
03
01
01
03
01
01
01
01
01
01
01
01
01
01
01
01
01
01
01
01
01
01
01
01
1041
004D
0064
0001
0090
00000048
0003
0003
0000000A
2A
2B
2C
C00046
B60066
B1
0000
0002
0091
00000006
0001
0000
00C7
0092
00000020
0003
0000
000A
000C
000D
0000
0000
000A
004F
005F
0001
0000
000A
0051
0067
0002
