0A
0A
07
0A
07
07
07
07
07
09
08
0B
08
08
0A
08
08
0A
0A
0A
0A
0A
0A
08
08
07
07
01
01
01
01
01
01
01
01
01
01
01
01
01
01
01
01
01
01
01
01
01
01
01
01
01
01
01
01
01
01
01
01
01
01
01
01
01
01
01
01
01
01
01
01
01
01
01
01
01
01
01
01
01
01
01
01
0C
0C
01
0C
01
01
01
01
01
0C
01
07
0C
01
01
0C
01
01
0C
0C
0C
0C
0C
0C
01
01
01
01
01
01
01
01
01
01
01
01
01
01
01
01
01
01
01
01
01
01
0001
0045
0046
0001
001E
00000047
0003
0002
0000000F
2A
1218
130007
B6000F
C00007
4C
2B
B0
0000
0002
001F
0000000A
0002
0000
00BC
000D
00BD
0020
00000016
0002
0000
000F
0021
0022
0000
000D
0002
002F
0047
0001
