0A
0A
07
0A
07
07
07
07
07
09
08
0B
08
08
0A
08
08
0A
0A
0A
0A
0A
0A
08
08
07
07
01
01
01
01
01
01
01
01
01
01
01
01
01
01
01
01
01
01
01
01
01
01
01
01
01
01
01
01
01
01
01
01
01
01
01
01
01
01
01
01
01
01
01
01
01
01
01
01
01
01
01
01
01
01
01
01
0C
0C
01
0C
01
01
01
01
01
0C
01
07
0C
01
01
0C
01
01
0C
0C
0C
0C
0C
0C
01
01
01
01
01
01
01
01
01
01
01
01
01
01
01
01
01
01
01
01
01
01
0001
0034
0037
0001
001E
00000052
0004
0003
00000010
2A
1211
1B
130006
B60012
C00006
4D
2C
B0
0000
0002
001F
0000000A
0002
0000
0083
000E
0084
0020
00000020
0003
0000
0010
0021
0022
0000
0000
0010
0038
0039
0001
000E
0002
002F
0036
0002
