0A
0A
07
0A
07
07
07
07
07
09
08
0B
08
08
0A
08
08
0A
0A
0A
0A
0A
0A
08
08
07
07
01
01
01
01
01
01
01
01
01
01
01
01
01
01
01
01
01
01
01
01
01
01
01
01
01
01
01
01
01
01
01
01
01
01
01
01
01
01
01
01
01
01
01
01
01
01
01
01
01
01
01
01
01
01
01
01
0C
0C
01
0C
01
01
01
01
01
0C
01
07
0C
01
01
0C
01
01
0C
0C
0C
0C
0C
0C
01
01
01
01
01
01
01
01
01
01
01
01
01
01
01
01
01
01
01
01
01
01
0001
002B
002C
0001
001E
0000002D
0001
0001
00000003
120D
B0
0000
0002
001F
00000006
0001
0000
0052
0020
0000000C
0001
0000
0003
0021
0022
0000
