01
07
01
07
01
07
01
01
01
01
01
01
01
01
01
01
01
01
01
01
01
0C
0B
01
01
01
01
01
01
01
0C
0B
01
07
01
01
0C
0B
01
07
01
01
0C
0A
01
07
01
07
01
01
0C
0A
01
01
01
01
01
0C
0B
01
01
01
0C
0A
01
01
01
01
01
08
01
07
01
01
0C
0A
01
07
01
0C
0A
01
07
01
07
01
01
0C
0A
01
07
01
01
01
01
07
0A
01
07
01
01
0C
0A
01
01
01
01
07
0A
01
01
0C
0A
01
07
01
01
01
07
0A
01
01
01
07
0A
01
01
07
0A
01
07
01
0C
0B
01
07
01
01
03
03
01
03
01
03
01
01
01
01
01
01
01
01
01
01
01
01
01
01
01
01
01
01
01
01
01
01
01
0001
0079
005D
0005
009F
00000042
0005
0002
0000001A
2B
1246
B8004C
BB007C
59
2A
2B
01
B7007D
C00063
01
05
01
B80067
B0
0000
0001
00A0
00000016
0002
0000
001A
0018
0019
0000
0000
001A
001A
001B
0001
009D
00000002
007A
009E
0000000A
0002
0044
0000
000A
0000
00A2
00000007
01
0001
000A
0000
00A3
00000005
01
001A
0000
