09
0A
0A
07
0A
0A
0A
0A
0A
0A
0A
0A
0A
0A
0A
0A
07
0A
09
0A
0A
0A
08
0A
09
07
0A
0A
07
0A
0A
0A
07
07
01
01
01
01
01
01
01
01
01
01
01
01
01
01
01
01
01
01
01
01
07
01
01
01
01
01
01
01
01
01
01
01
01
01
07
01
01
01
01
01
01
01
01
01
01
07
01
01
01
01
01
01
01
01
01
01
01
01
01
01
07
07
07
01
01
01
01
01
01
01
01
01
01
0C
0C
0C
07
01
0C
0C
0C
0C
0C
0C
0C
0C
0C
0C
0C
0C
01
0C
07
0C
0C
0C
01
0C
0C
01
01
0C
07
0C
01
0C
0C
01
01
01
01
01
01
01
01
01
01
01
01
01
01
01
01
01
01
01
01
07
01
01
01
01
01
01
01
01
01
01
01
01
01
01
01
01
01
01
0002
002C
002D
0001
002E
00000033
0001
0001
00000005
2A
B70002
B1
0000
0002
002F
0000000A
0002
0000
0A95
0004
0A96
0030
0000000C
0001
0000
0005
0031
0027
0000
