09
0A
0A
07
0A
0A
0A
0A
0A
0A
0A
0A
0A
0A
0A
0A
07
0A
09
0A
0A
0A
08
0A
09
07
0A
0A
07
0A
0A
0A
07
07
01
01
01
01
01
01
01
01
01
01
01
01
01
01
01
01
01
01
01
01
07
01
01
01
01
01
01
01
01
01
01
01
01
01
07
01
01
01
01
01
01
01
01
01
01
07
01
01
01
01
01
01
01
01
01
01
01
01
01
01
07
07
07
01
01
01
01
01
01
01
01
01
01
0C
0C
0C
07
01
0C
0C
0C
0C
0C
0C
0C
0C
0C
0C
0C
0C
01
0C
07
0C
0C
0C
01
0C
0C
01
01
0C
07
0C
01
0C
0C
01
01
01
01
01
01
01
01
01
01
01
01
01
01
01
01
01
01
01
01
07
01
01
01
01
01
01
01
01
01
01
01
01
01
01
01
01
01
01
0009
0032
003F
0003
002E
00000035
0002
0001
0000000B
B20001
2A
B80008
C00004
B0
0000
0002
002F
00000006
0001
0000
0AB3
0030
0000000C
0001
0000
000B
0034
0040
0000
0036
00000004
0001
0037
0038
00000005
01
0034
0000
