01
07
01
07
01
01
0C
0A
01
01
01
01
01
01
08
01
07
01
01
0C
0A
01
08
01
07
01
08
01
0C
0A
01
01
0A
01
01
01
01
03
03
03
01
01
03
01
01
01
01
01
01
01
01
01
01
01
01
01
01
01
01
0011
000B
000C
0003
0034
0000006A
0005
0003
00000018
2B
120F
B80015
2C
1217
B80015
BB0019
59
121B
2C
2B
B7001E
B0
0000
0002
0035
0000001A
0006
000C
003F
0010
0040
0012
0041
0013
0042
0014
003F
0017
0043
0036
00000020
0003
0000
0018
0009
000A
0000
0000
0018
000E
001F
0001
0000
0018
0016
001F
0002
0037
00000006
0001
000D
0000
0038
0000000D
02
0001
000D
0000
0001
000D
0000
