01
07
01
07
01
01
01
01
01
08
01
07
01
01
0C
0A
01
07
01
07
01
08
01
07
01
01
0C
0A
01
07
01
01
0C
0A
01
07
01
01
0C
0A
01
0C
0A
01
01
01
01
01
01
08
01
01
01
08
01
01
0C
0A
01
01
0C
0A
01
0A
01
01
01
01
03
03
01
03
03
01
01
01
01
01
01
01
01
01
01
01
07
01
01
01
01
01
01
01
01
01
01
01
01
01
0011
0030
0006
0004
0058
00000067
0009
0003
00000029
2B
120A
B80010
BB0012
59
04
BD0014
59
03
1232
BB0018
59
2B
B7001C
B80022
53
B80028
1C
01
07
01
B7002B
B0
0000
0002
0059
00000020
0003
0000
0029
002C
002D
0000
0000
0029
0007
002E
0001
0000
0029
0008
002F
0002
005A
00000006
0001
0006
00C7
005B
00000009
02
0007
0000
0008
0000
005C
00000006
0001
0009
0000
005D
00000009
02
0001
0009
0000
0000
