0A
07
0A
09
08
09
12
0A
08
09
09
08
09
09
08
08
0A
0A
0B
09
07
08
08
0A
09
08
0A
09
0B
0B
0A
08
0B
08
0A
0A
08
07
0A
0A
12
0B
07
0A
0A
07
0A
07
0A
0A
07
0A
07
0A
07
0A
07
0A
07
0A
07
0A
07
07
01
01
01
01
01
01
01
01
01
01
01
01
01
01
01
01
01
01
01
01
01
07
01
01
01
01
07
01
01
01
01
01
01
01
01
01
01
01
01
01
01
01
01
01
01
01
01
01
01
01
01
01
01
01
01
01
01
01
01
01
07
01
01
01
01
01
0C
01
07
0C
0C
01
0C
01
0F
10
0F
10
0C
0C
01
0C
0C
01
0C
0C
01
07
0C
0C
0C
0C
01
01
01
0C
07
0C
01
0C
0C
07
0C
0C
07
0C
01
07
0C
01
0C
0C
01
01
0C
10
0F
10
0C
0C
01
0C
0C
01
01
07
0C
0C
01
0C
01
0C
01
0C
01
0C
01
0C
01
0C
01
01
07
01
07
01
07
01
01
01
01
0A
01
0A
01
01
01
01
01
01
01
01
01
01
01
01
01
01
01
01
01
01
01
01
01
01
01
01
01
01
01
01
01
01
01
01
01
0A
01
01
01
01
01
01
01
01
01
01
01
01
01
01
01
01
01
01
01
01
07
0C
0C
0C
01
01
07
01
01
07
01
01
0001
0050
0051
0001
0049
0000002D
0001
0001
00000003
1209
B0
0000
0002
004A
00000006
0001
0000
0045
004B
0000000C
0001
0000
0003
004C
004D
0000
