0A
0A
09
09
09
0A
09
0A
09
0A
08
07
0A
07
0A
0A
0A
0A
0A
0A
0A
07
0A
07
0A
0A
0A
07
0A
07
07
0A
0A
0A
0A
0A
0A
09
0A
0A
0A
0A
0A
0A
09
0A
0A
0A
0A
0B
0B
0B
0B
0B
0B
0A
0A
0A
0A
0A
0A
0A
09
0A
0A
0A
0A
0A
0A
0A
07
0A
07
07
01
01
01
01
01
01
05
01
01
03
01
01
01
01
01
01
01
01
01
01
01
07
01
01
01
01
01
01
01
01
01
01
01
01
07
01
01
01
01
01
01
01
01
01
01
01
01
01
01
01
01
01
01
01
01
07
01
01
07
07
07
07
07
07
07
01
01
07
01
01
01
07
01
01
01
01
01
01
01
07
01
01
01
01
01
01
01
01
01
01
01
01
01
01
01
01
01
01
01
01
01
01
01
01
01
01
01
01
01
01
01
01
01
01
01
01
01
01
01
01
07
07
01
01
01
01
01
01
01
01
01
01
01
01
07
01
01
07
01
01
01
01
07
01
01
01
01
01
01
01
01
01
01
01
01
01
07
01
01
01
01
01
0C
0C
0C
0C
0C
0C
0C
0C
0C
01
07
01
01
07
0C
07
0C
0C
0C
0C
0C
01
0C
01
0C
0C
0C
01
0C
01
01
0C
0C
0C
0C
0C
0C
0C
0C
0C
0C
0C
0C
0C
07
0C
07
0C
0C
0C
0C
0C
0C
0C
0C
0C
0C
0C
0C
0C
0C
0C
0C
0C
0C
0C
0C
0C
01
01
01
01
01
01
01
01
01
01
07
01
01
01
01
07
01
07
01
01
01
01
01
01
01
01
01
01
01
01
01
01
01
01
01
01
01
01
01
01
01
01
01
01
01
01
01
01
01
01
01
01
01
01
01
01
01
01
01
01
01
01
01
01
01
01
01
01
01
0009
00C0
00BF
0001
0063
0000001F
0001
0000
00000007
B2003F
B60040
B0
0000
0001
0064
00000006
0001
0000
0D02
