01
07
01
07
01
01
01
01
0C
0A
01
01
0C
09
01
0C
09
01
01
01
01
01
01
01
01
01
0C
0A
01
01
0C
0A
01
01
01
07
0A
01
08
01
01
0C
0A
01
0C
0A
01
08
01
0C
0A
0C
0A
01
01
01
07
0C
0A
01
01
01
01
01
07
01
01
0C
0A
01
01
01
01
01
01
01
03
01
01
03
01
01
03
01
01
01
01
01
01
07
01
01
01
01
01
01
01
01
01
01
01
0001
0005
0006
0002
005F
00000059
0002
0003
0000000F
2A
B7000A
2A
2B
B5000E
2A
2C
B50011
B1
0000
0002
0060
00000012
0004
0000
0031
0004
0033
0009
0036
000E
0032
0061
00000020
0003
0000
000F
0012
0013
0000
0000
000F
000B
000C
0001
0000
000F
000F
000C
0002
0062
0000000D
02
0001
0007
0000
0001
0007
0000
