01
07
01
07
01
07
01
01
01
03
03
01
01
03
01
01
01
01
01
01
01
01
01
01
01
01
01
01
01
01
01
01
01
01
01
01
01
01
07
01
01
0C
0A
01
0C
09
01
08
01
07
01
01
0C
0A
08
0C
0A
01
07
01
01
0C
0A
01
07
01
01
0C
0A
01
07
01
07
01
01
0C
0A
01
01
0C
0A
01
07
01
07
01
01
0C
0A
01
07
01
0C
0A
01
07
01
07
01
07
01
07
01
01
0C
0A
01
0C
0A
01
07
01
01
0C
0A
01
01
0C
0A
01
0C
0A
01
01
01
01
01
01
01
01
07
01
0C
0A
01
0C
0A
01
01
01
0C
0A
01
0C
0A
01
01
01
0C
0A
01
0C
0A
01
01
01
01
01
01
01
01
0C
0A
01
01
0A
0C
09
01
01
01
01
01
01
01
01
01
01
01
0001
0087
0081
0001
00AA
0000002F
0001
0001
00000005
2A
B80089
AC
0000
0002
00AB
00000006
0001
0000
000A
00AC
0000000C
0001
0000
0005
002C
0012
0000
