09
0A
07
07
0A
0A
0A
09
09
0A
0A
09
09
0A
07
0A
0B
07
0B
0A
0A
09
0A
07
0A
08
0A
07
07
0A
0A
08
0A
0A
0A
07
0A
08
0A
08
0A
0B
07
08
0B
0A
08
0A
07
08
0A
08
0A
05
05
0A
0B
07
0A
0B
0B
0B
0B
08
0A
09
08
0A
0A
07
07
07
07
01
01
07
01
01
01
01
01
01
01
01
01
01
01
01
01
01
01
01
01
01
01
01
01
01
01
01
01
01
01
01
01
01
01
01
01
01
01
01
01
01
01
01
01
01
01
01
01
01
01
01
01
01
01
01
01
01
01
01
01
01
01
01
01
01
01
01
01
01
01
01
01
01
01
01
01
01
01
01
01
01
01
01
01
01
01
01
01
01
01
0C
07
0C
01
01
0C
0C
0C
0C
07
0C
0C
0C
0C
0C
01
07
0C
01
0C
0C
0C
0C
0C
01
0C
01
07
0C
01
01
0C
0C
0C
0C
0C
01
01
0C
01
07
0C
01
01
0C
0C
01
0C
01
01
0C
01
07
0C
0C
07
0C
01
0C
07
0C
0C
07
0C
01
0C
0C
01
0C
07
0C
01
01
01
01
01
01
01
01
01
01
01
01
01
01
01
01
01
01
01
01
01
01
01
01
01
01
01
01
01
01
01
01
01
01
01
01
01
01
01
01
01
01
01
01
01
01
01
01
01
01
01
01
01
01
01
01
01
0001
009B
008E
0001
0062
00000046
0002
0001
0000001C
BB0024
59
B70025
1242
B60027
2A
B40009
B60027
1029
B60043
B60029
B0
0000
0002
0063
00000006
0001
0000
00F6
0064
0000000C
0001
0000
001C
0065
0066
0000
