0A
09
09
0B
09
0A
09
0A
09
07
0A
0B
0B
0A
0A
0A
0A
0B
0B
07
0B
0B
0B
0B
0A
0B
07
0A
0A
0A
0B
0B
07
07
07
01
01
01
01
01
01
01
01
01
01
01
01
01
01
01
01
01
01
01
01
01
01
07
01
01
01
01
01
01
01
01
01
01
01
01
01
01
01
01
01
01
01
07
07
07
07
01
01
01
01
01
01
01
01
01
01
01
01
01
01
07
01
01
01
01
01
0C
0C
0C
07
0C
0C
07
0C
0C
07
0C
0C
01
0C
0C
07
0C
07
0C
0C
0C
0C
0C
07
0C
01
0C
07
0C
07
0C
0C
0C
0C
01
0C
0C
0C
0C
01
01
01
01
01
01
01
01
01
01
01
01
01
01
01
01
01
01
01
01
01
01
01
01
01
01
01
01
01
01
01
01
01
01
01
01
0001
0052
0053
0002
0030
0000004D
0002
0002
0000000E
2A
2B
B6000F
C60007
04
A70004
03
AC
0000
0003
0031
00000006
0001
0000
005A
0032
00000016
0002
0000
000E
0033
0034
0000
0000
000E
0037
0038
0001
004D
00000005
0002
0C
40
01
0039
00000004
0001
003A
