09
09
09
09
09
0A
0A
0A
09
09
0A
09
0A
0A
09
0A
0A
0A
0A
07
0A
09
0A
0B
09
0A
0A
0A
0A
07
0A
07
0A
0A
0A
0A
07
07
0A
09
0B
0B
07
07
07
07
07
07
0A
0A
0A
0A
08
0A
07
0A
0A
0A
0A
0A
0A
0A
0A
0A
0B
0B
0B
0B
0B
0B
0B
0B
0B
0B
0A
0A
0A
0A
0A
0A
0A
0A
0A
07
0A
0A
07
07
01
01
01
01
01
01
01
01
01
01
01
01
01
01
01
01
03
01
01
01
01
01
03
01
01
01
01
03
01
01
01
01
01
01
01
05
01
07
01
01
01
01
01
01
01
01
01
01
01
01
01
01
01
01
01
01
01
01
01
01
01
01
01
01
01
01
01
07
01
01
07
07
07
07
07
07
07
01
01
07
01
01
01
07
01
01
01
01
01
01
01
01
01
01
01
01
01
01
01
01
01
01
01
01
01
01
01
01
01
01
01
01
01
01
01
01
01
01
01
01
01
07
07
07
01
01
01
01
01
01
01
01
01
01
01
01
01
01
01
07
01
01
01
01
01
01
01
01
01
01
01
01
01
01
01
01
01
01
01
07
01
01
01
01
01
07
01
01
01
07
01
01
01
07
01
01
01
01
01
01
01
01
01
01
01
01
01
01
01
01
01
01
01
01
01
01
01
0C
0C
0C
0C
0C
0C
0C
0C
0C
0C
0C
0C
07
0C
0C
0C
0C
07
0C
0C
01
0C
0C
07
0C
0C
07
0C
0C
0C
01
0C
01
0C
0C
07
0C
0C
01
01
0C
0C
0C
01
01
01
01
01
01
0C
0C
0C
0C
0C
01
07
0C
0C
0C
0C
0C
0C
0C
07
0C
0C
0C
0C
0C
0C
0C
0C
0C
0C
0C
0C
0C
0C
0C
0C
0C
0C
0C
01
0C
01
01
01
01
01
01
01
01
07
01
01
01
01
01
07
01
01
01
01
01
01
01
01
01
01
01
01
01
01
01
01
01
01
01
01
01
01
01
01
01
01
01
01
01
01
01
01
01
01
01
01
01
01
01
01
01
01
01
01
01
01
01
01
01
01
01
01
01
01
01
01
01
01
01
0001
00B9
00BA
0001
0081
00000034
0001
0001
0000000A
2A
B40005
B900290100
AC
0000
0002
0082
00000006
0001
0000
2A1A
0083
0000000C
0001
0000
000A
0084
005E
0000
