09
09
09
09
09
0A
0A
0A
09
09
0A
09
0A
0A
09
0A
0A
0A
0A
07
0A
09
0A
0B
09
0A
0A
0A
0A
07
0A
07
0A
0A
0A
0A
07
07
0A
09
0B
0B
07
07
07
07
07
07
0A
0A
0A
0A
08
0A
07
0A
0A
0A
0A
0A
0A
0A
0A
0A
0B
0B
0B
0B
0B
0B
0B
0B
0B
0B
0A
0A
0A
0A
0A
0A
0A
0A
0A
07
0A
0A
07
07
01
01
01
01
01
01
01
01
01
01
01
01
01
01
01
01
03
01
01
01
01
01
03
01
01
01
01
03
01
01
01
01
01
01
01
05
01
07
01
01
01
01
01
01
01
01
01
01
01
01
01
01
01
01
01
01
01
01
01
01
01
01
01
01
01
01
01
07
01
01
07
07
07
07
07
07
07
01
01
07
01
01
01
07
01
01
01
01
01
01
01
01
01
01
01
01
01
01
01
01
01
01
01
01
01
01
01
01
01
01
01
01
01
01
01
01
01
01
01
01
01
07
07
07
01
01
01
01
01
01
01
01
01
01
01
01
01
01
01
07
01
01
01
01
01
01
01
01
01
01
01
01
01
01
01
01
01
01
01
07
01
01
01
01
01
07
01
01
01
07
01
01
01
07
01
01
01
01
01
01
01
01
01
01
01
01
01
01
01
01
01
01
01
01
01
01
01
0C
0C
0C
0C
0C
0C
0C
0C
0C
0C
0C
0C
07
0C
0C
0C
0C
07
0C
0C
01
0C
0C
07
0C
0C
07
0C
0C
0C
01
0C
01
0C
0C
07
0C
0C
01
01
0C
0C
0C
01
01
01
01
01
01
0C
0C
0C
0C
0C
01
07
0C
0C
0C
0C
0C
0C
0C
07
0C
0C
0C
0C
0C
0C
0C
0C
0C
0C
0C
0C
0C
0C
0C
0C
0C
0C
0C
01
0C
01
01
01
01
01
01
01
01
07
01
01
01
01
01
07
01
01
01
01
01
01
01
01
01
01
01
01
01
01
01
01
01
01
01
01
01
01
01
01
01
01
01
01
01
01
01
01
01
01
01
01
01
01
01
01
01
01
01
01
01
01
01
01
01
01
01
01
01
01
01
01
01
01
01
0002
00D9
00DA
0001
0081
0000004B
0002
0001
00000015
2A
B80034
B50005
2A
B80034
B50004
2A
1235
B50003
B1
0000
0002
0082
00000012
0004
0000
2A7A
0007
2A7B
000E
2A7C
0014
2A7D
0083
0000000C
0001
0000
0015
0084
005E
0000
