0A
09
0A
0A
09
0A
0A
07
0A
0A
0B
0B
0B
07
0A
0A
0B
0A
07
0A
0B
08
0A
08
07
06
0B
0A
0A
0A
0A
06
06
06
0A
06
06
06
06
09
07
01
01
01
05
01
01
01
01
01
01
01
01
01
01
01
01
01
01
01
01
01
01
01
01
01
01
01
01
01
01
01
01
01
01
01
01
01
01
01
01
01
01
01
01
01
01
01
01
01
07
07
01
01
01
01
01
01
07
01
01
01
01
01
01
0C
0C
0C
0C
0C
0C
01
07
0C
0C
07
0C
07
0C
0C
01
0C
0C
0C
01
01
0C
01
01
0C
07
0C
0C
0C
07
0C
0C
01
01
01
01
01
01
01
01
01
01
01
01
01
01
01
01
01
01
01
01
01
01
01
01
01
01
01
01
01
0001
0047
0048
0002
0040
00000063
0002
0002
0000000B
2A
2B
B70003
2A
04
B50002
B1
0000
0003
0041
0000000E
0003
0000
001D
0005
001E
000A
001F
0042
00000016
0002
0000
000B
0043
0044
0000
0000
000B
0049
004A
0001
0045
00000016
0002
0000
000B
0043
0046
0000
0000
000B
0049
004B
0001
0039
00000002
004C
