09
0A
07
07
0A
09
07
08
0A
09
0A
09
09
09
09
09
09
09
09
09
09
09
09
09
09
09
0A
0A
0A
0B
07
0A
0A
07
0A
08
0A
09
0A
08
0A
08
08
08
08
08
08
08
08
08
08
08
08
08
08
07
0A
0A
07
07
01
01
01
01
01
01
01
01
01
01
01
01
01
01
01
01
01
01
01
01
03
01
03
01
03
01
03
01
03
01
03
01
03
01
03
01
03
01
03
01
03
01
03
01
03
01
03
01
07
01
01
01
01
01
01
01
01
01
01
01
01
01
01
01
01
01
01
01
01
01
01
01
01
01
01
01
01
01
01
01
01
01
01
01
01
01
01
01
01
01
01
01
01
01
01
01
0C
07
0C
01
0C
0C
01
01
0C
0C
0C
0C
0C
0C
0C
0C
0C
0C
0C
0C
0C
0C
0C
0C
0C
0C
0C
0C
0C
07
0C
07
01
07
0C
07
0C
01
0C
01
0C
0C
0C
0C
01
0C
0C
01
01
07
01
01
01
01
01
01
01
01
01
01
01
01
01
01
01
01
01
01
01
01
01
0009
0088
0089
0002
0078
0000001C
0001
0000
00000004
B2001A
B0
0000
0001
0079
00000006
0001
0000
012B
0070
00000002
008A
