0A
09
09
09
09
09
09
09
09
09
09
09
09
09
09
09
09
09
07
0A
07
0A
08
0A
08
08
08
08
08
08
08
08
0A
08
08
08
08
08
08
08
08
08
0A
07
07
01
01
01
01
01
01
01
01
01
01
01
01
01
01
01
01
01
01
01
01
01
01
01
01
01
01
01
01
01
01
01
01
01
01
01
01
01
0C
0C
0C
0C
0C
0C
0C
0C
0C
0C
0C
0C
0C
0C
0C
0C
0C
0C
07
01
0C
01
01
0C
01
01
01
01
01
01
01
01
0C
01
01
01
01
01
01
01
01
01
0C
01
01
01
01
01
01
01
0001
0034
004B
0001
0043
0000003B
0002
0002
00000007
2A
2B
B50007
2A
B0
0000
0002
0044
00000006
0001
0000
006F
0045
00000016
0002
0000
0007
0046
004A
0000
0000
0007
0034
002F
0001
