0A
07
0C
01
01
01
07
01
0A
09
07
0C
01
01
01
09
0C
01
09
0C
01
07
01
0A
09
0C
01
01
0A
07
0C
01
01
01
09
0C
01
01
09
0C
01
09
0C
01
0B
07
0C
01
01
01
09
0C
01
01
09
0C
01
01
09
0C
01
01
09
0C
01
01
0B
07
0C
01
01
01
09
0C
01
01
0A
0C
01
01
0A
07
0C
01
01
01
0A
0C
01
01
07
01
0A
08
01
0A
0C
01
01
08
01
0A
0C
01
01
08
01
08
01
08
01
08
01
08
01
08
01
08
01
08
01
08
01
08
01
08
01
08
01
08
01
0A
0C
01
01
08
01
0A
08
01
0A
07
0C
01
01
01
01
01
08
01
01
01
08
01
08
01
08
01
01
08
01
01
01
08
01
01
08
01
01
01
08
01
01
08
01
01
08
01
01
08
01
01
01
08
01
01
01
01
01
01
01
01
01
01
01
01
01
01
01
01
01
01
01
01
01
01
01
01
01
01
01
01
01
01
01
01
01
01
01
01
01
01
01
01
01
01
01
01
01
01
01
01
01
01
01
01
01
01
01
01
01
01
01
01
01
01
01
01
01
01
01
01
01
01
01
01
01
01
01
01
01
01
01
01
01
01
01
01
01
01
01
01
01
01
01
01
01
01
01
01
01
01
01
01
01
01
01
01
01
01
01
01
01
01
01
01
01
01
01
01
01
01
07
01
07
01
01
0001
001B
00FA
0002
00BB
00000051
0002
0002
00000007
2A
2B
B50019
2A
B0
0000
0003
00BC
0000000A
0002
0000
012D
0005
012E
00BD
00000016
0002
0000
0007
00BE
00BF
0000
0000
0007
001B
001C
0001
00C1
0000000C
0001
0000
0007
001B
00AC
0001
0096
00000002
00FB
