09
0A
07
08
08
08
08
08
08
08
08
08
08
08
08
08
08
08
08
08
08
08
08
09
09
09
0A
07
0A
08
0A
08
0A
0A
07
0A
07
0A
07
0A
09
0A
09
07
0A
0B
0A
0A
0A
0A
0A
0A
08
0A
0A
09
06
0A
08
08
0A
09
06
08
09
09
09
06
0A
08
08
08
08
06
08
0A
08
06
09
06
0A
08
0A
0A
0A
0A
0A
0A
0A
06
0A
08
0A
06
06
09
06
08
06
08
08
06
08
06
08
08
08
06
09
06
08
08
08
08
0A
08
08
08
06
09
06
08
0A
08
08
06
08
08
08
08
08
08
06
06
08
08
08
08
0A
08
08
08
08
08
06
08
08
0A
08
08
08
06
09
06
08
08
06
09
08
08
06
06
08
08
08
08
08
08
07
0A
0A
06
06
08
08
08
08
0A
08
06
0A
06
08
09
07
0A
08
08
08
08
0A
08
08
08
08
06
06
0A
08
06
08
06
06
08
06
06
08
06
09
0A
08
06
09
06
08
09
06
06
08
08
08
08
08
0A
0A
08
08
08
08
08
08
08
08
08
08
08
08
08
08
08
08
08
06
08
08
08
0A
0A
09
08
08
08
08
06
08
08
06
08
08
08
08
08
08
08
08
06
06
08
08
08
08
07
0A
0A
08
08
06
08
06
08
06
08
06
08
06
08
06
08
06
08
06
08
06
08
06
08
06
08
06
08
08
08
08
08
08
08
08
08
08
08
08
08
08
08
08
08
08
08
08
08
08
08
08
08
08
06
08
08
06
08
08
08
06
08
08
08
08
08
06
08
08
08
08
08
08
08
08
08
08
09
08
0A
05
0A
0A
08
0A
0A
0A
0A
0A
0A
0A
07
0A
07
07
01
01
01
01
01
01
01
01
01
01
01
01
01
01
01
01
01
01
01
01
01
01
01
01
01
01
01
01
01
01
01
01
01
01
01
01
01
01
01
01
01
01
01
01
01
01
01
01
01
01
01
01
01
01
01
01
01
01
01
01
01
01
01
01
01
01
01
01
01
01
01
01
01
01
01
01
01
01
01
01
01
01
01
01
0C
0C
01
01
01
01
01
01
01
01
01
01
01
01
01
01
01
01
01
01
01
01
01
0C
0C
0C
0C
01
01
0C
01
0C
0C
01
01
01
0C
0C
0C
0C
01
0C
07
0C
0C
0C
0C
0C
0C
0C
01
0C
0C
01
01
0C
0C
01
0C
0C
0C
0C
01
01
01
01
01
0C
01
0C
0C
01
0C
0C
0C
0C
0C
0C
0C
0C
01
0C
0C
01
01
01
01
01
01
01
0C
01
01
01
01
0C
01
01
01
0C
01
0C
01
01
01
01
01
01
01
01
01
01
01
01
0C
01
01
01
01
01
01
01
0C
01
01
01
0C
01
01
0C
01
01
01
01
01
01
01
01
01
07
0C
01
01
01
01
0C
01
0C
01
0C
01
01
01
01
01
0C
01
01
01
01
0C
01
01
01
01
0C
0C
01
0C
01
0C
01
01
01
01
01
0C
0C
01
01
01
01
01
01
01
01
01
01
01
01
01
01
01
01
01
01
01
01
0C
0C
0C
01
01
01
01
01
01
01
01
01
01
01
01
01
01
01
01
01
01
01
07
0C
0C
01
01
01
01
01
01
01
01
01
01
01
01
01
01
01
01
01
01
01
01
01
01
01
01
01
01
01
01
01
01
01
01
01
01
01
01
01
01
01
01
01
01
01
01
01
01
01
01
01
01
01
01
01
01
01
01
01
01
01
0C
01
07
0C
0C
0C
01
0C
0C
0C
0C
0C
0C
0C
01
07
0C
01
01
01
01
01
01
01
01
01
01
01
01
01
01
01
01
01
01
01
01
01
01
01
01
01
01
01
01
01
01
01
01
01
01
01
01
01
01
01
01
01
01
0008
0201
01D2
0001
01D3
00000035
0001
0000
00000019
1301AC
B601AD
9A0007
04
A70004
03
B300D6
B801A3
BE
B30001
B1
0000
0001
01D4
0000000A
0002
0000
002A
0011
037E
