0A
09
07
0A
0B
07
0A
0A
0A
07
0A
0A
0A
0A
09
0A
09
0A
0A
09
0A
0A
0A
07
0A
0A
0A
0A
0A
09
08
08
08
07
09
07
01
01
01
05
01
01
01
01
01
01
01
01
01
01
01
01
01
01
01
01
01
01
01
01
01
01
01
01
01
07
01
01
01
01
01
01
01
01
01
01
01
01
01
01
01
01
01
01
01
01
01
01
01
01
01
01
01
01
01
01
01
01
01
01
01
01
01
01
01
01
01
01
01
01
07
01
01
01
01
01
01
01
01
01
01
01
01
01
01
01
01
01
0C
0C
01
0C
07
0C
01
07
0C
0C
0C
01
0C
0C
0C
0C
0C
0C
0C
0C
0C
0C
0C
0C
0C
01
0C
0C
0C
0C
0C
0C
01
01
01
01
0C
01
01
01
01
01
01
01
01
01
01
01
01
01
01
01
01
01
01
01
01
01
01
01
01
01
01
01
01
01
01
01
01
01
01
01
0001
0030
003F
0002
0032
0000005F
0007
0004
00000013
2A
2B
B20002
BB0003
59
2C
03
B70004
1D
B70001
B1
0000
0002
0033
0000000A
0002
0000
005D
0012
005E
0034
0000002A
0004
0000
0013
0035
0036
0000
0000
0013
0037
0038
0001
0000
0013
0040
0041
0002
0000
0013
003C
003D
0003
0042
00000004
0001
0043
