0A
09
0A
09
08
0B
09
08
09
07
09
09
09
0A
0A
0A
0A
0A
0A
0A
0A
0A
0A
07
0A
08
0A
0A
08
08
08
08
08
08
0A
0A
07
01
01
01
01
01
03
01
03
01
01
01
01
01
01
01
01
01
01
01
01
01
01
01
01
01
01
01
01
01
01
01
01
01
01
01
01
01
01
01
01
01
01
01
01
01
01
01
01
01
01
01
01
07
07
01
01
01
01
01
01
01
01
01
01
01
01
01
01
0C
0C
07
0C
0C
01
07
0C
0C
01
0C
01
0C
0C
0C
0C
0C
0C
0C
0C
0C
0C
07
0C
0C
0C
01
01
0C
0C
01
01
01
01
01
01
0C
07
0C
01
01
01
01
01
01
01
01
01
01
01
01
01
0001
004E
004F
0001
0039
0000003A
0002
0002
00000006
2A
2B
B50002
B1
0000
0002
003A
00000006
0001
0000
0010
003B
00000016
0002
0000
0006
003C
003D
0000
0000
0006
0034
0035
0001
