0A
0A
07
0A
07
07
07
07
09
08
0B
08
08
0A
08
08
0A
0A
0A
0A
0A
0A
08
07
07
01
01
01
01
01
01
01
01
01
01
01
01
01
01
01
01
01
01
01
01
01
01
01
01
01
01
01
01
01
01
01
01
01
01
01
01
01
01
01
01
01
01
01
01
01
01
01
01
01
01
01
01
01
0C
0C
01
0C
01
01
01
01
0C
01
07
0C
01
01
0C
01
01
0C
0C
0C
0C
0C
0C
01
01
01
01
01
01
01
01
01
01
01
01
01
01
01
01
01
01
01
01
01
0001
001A
001B
0001
001C
00000052
0003
0003
0000000C
2A
2B
2C
B70001
2A
2C
B70002
B1
0000
0002
001D
0000000E
0003
0000
003D
0006
003E
000B
003F
001E
00000020
0003
0000
000C
001F
0020
0000
0000
000C
0021
0022
0001
0000
000C
0023
0024
0002
