01
07
01
01
07
01
07
01
01
01
01
0C
09
01
01
0C
09
01
0C
0A
01
01
01
01
01
01
01
08
01
07
01
01
0C
0A
01
07
01
01
0C
09
01
07
01
01
0C
0A
01
07
01
01
0C
0A
08
01
0C
0A
01
07
01
01
0C
09
01
07
01
01
0C
0A
01
07
01
07
01
01
0C
0B
01
01
0C
0A
01
01
01
01
03
03
03
01
03
01
03
01
01
01
01
01
01
07
01
0C
01
07
01
07
01
01
07
01
07
01
01
01
01
01
01
01
01
01
01
01
0011
0017
0018
0003
0070
0000006D
0004
0002
0000002D
2B
121C
B80022
B20028
2A
B4000D
B6002E
B60034
2A
B40011
59
1235
B80038
B2003E
2B
B60044
C00046
B9004C0400
B1
0000
0002
0072
00000012
0004
0006
0047
0013
0048
0027
0047
002C
0049
0071
00000016
0002
0000
002D
0015
0016
0000
0000
002D
001B
004D
0001
0073
00000002
0019
0074
00000007
01
0001
001A
0000
