0A
0A
08
0A
0A
08
0A
08
0A
08
0A
08
0A
08
0A
0A
0A
0A
07
0A
07
07
0A
07
07
0A
07
07
0A
07
07
0A
07
07
0A
07
07
0A
07
07
0A
07
07
0A
07
07
0A
07
07
0A
07
07
0A
07
07
0A
07
07
0A
07
07
0A
07
07
0A
07
07
0A
07
07
0A
07
07
0A
07
07
0A
07
07
07
07
07
0A
07
07
0A
07
07
07
01
01
01
01
01
01
01
01
01
01
01
01
01
01
07
01
07
01
01
07
01
01
01
01
01
01
01
01
0C
0C
01
0C
0C
01
0C
01
0C
01
0C
01
0C
01
0C
0C
0C
0C
01
0C
01
01
01
01
01
01
01
01
01
01
01
01
01
01
01
01
01
01
01
01
01
01
01
01
01
01
01
01
01
01
01
01
01
01
01
01
01
01
01
01
01
01
01
01
01
01
01
01
01
01
01
01
01
01
01
01
01
01
0002
006F
0062
0002
005C
0000006C
0002
0002
0000001E
2B
1233
A6000B
BB0034
59
B70035
B0
2B
1236
A6000B
BB0037
59
B70038
B0
01
B0
0000
0003
005D
00000016
0005
0000
00AE
0006
00AF
000E
00B1
0014
00B2
001C
00B4
005E
00000016
0002
0000
001E
005F
0060
0000
0000
001E
0063
0064
0001
0067
00000004
0002
0E
0D
0069
00000004
0001
006A
