09
0A
07
0A
07
0A
07
07
0A
0A
0A
07
07
01
01
01
01
01
01
01
01
01
01
01
01
01
01
01
01
01
01
01
01
01
01
01
07
01
01
01
01
01
07
0C
0C
01
0C
01
0C
01
01
0C
0C
01
01
01
01
01
01
01
01
01
01
01
01
0001
0020
0021
0002
0012
0000008C
0003
0004
0000001E
2B
C00003
4E
2D
2C
C00005
B60006
A70010
4E
BB0008
59
2D
B60009
B7000A
BF
B1
0001
0000
000D
0010
0007
0002
0013
0000001A
0006
0000
0080
0005
0081
000D
0084
0010
0082
0011
0083
001D
0085
0014
00000034
0005
0005
0008
001D
001E
0003
0011
000C
0022
0023
0003
0000
001E
0015
0018
0000
0000
001E
001B
001C
0001
0000
001E
0024
001C
0002
001F
00000006
0002
0008
0025
