09
09
09
0A
09
09
09
09
09
09
0A
0A
0A
07
0A
08
0A
0A
0A
08
0A
0A
08
0A
07
07
01
01
01
01
01
01
01
01
01
01
01
01
01
01
01
01
01
01
01
01
01
01
01
01
01
01
01
01
01
01
01
01
01
01
01
01
01
01
01
01
01
01
01
01
01
01
01
01
01
01
01
01
01
01
01
01
01
01
01
01
01
01
01
01
01
01
01
01
01
01
01
01
01
01
01
01
01
0C
0C
0C
0C
0C
0C
0C
0C
0C
0C
07
0C
0C
0C
01
01
0C
07
0C
0C
01
07
0C
0C
01
0C
01
01
01
01
01
01
01
01
01
01
01
01
01
01
01
0001
005B
004D
0001
002D
0000003E
0002
0002
00000006
2A
2B
B5000A
B1
0000
0002
002E
0000000A
0002
0000
01A8
0005
01A9
002F
00000016
0002
0000
0006
0030
0033
0000
0000
0006
005C
0023
0001
