0A
07
0C
01
01
01
07
01
0A
09
07
0C
01
01
01
0B
07
0C
01
01
01
09
0C
01
01
09
0C
01
01
09
0C
01
0A
0C
01
01
0A
07
0C
01
01
01
0A
0C
01
01
07
01
0A
08
01
0A
0C
01
01
08
01
0A
0C
01
01
08
01
08
01
08
01
08
01
08
01
0A
0C
01
01
08
01
0A
08
01
0A
07
0C
01
01
01
0A
0C
01
01
08
01
12
0C
01
08
01
08
01
07
01
08
01
0A
0C
01
0A
0C
01
01
0B
0C
01
01
0B
0C
01
01
07
01
08
01
0A
0C
08
01
0A
07
0C
01
01
01
0A
0C
01
01
0A
0A
0C
01
0A
0C
01
01
12
0C
01
0A
0C
01
08
01
0A
0C
08
01
0A
07
0C
01
01
08
01
08
01
0A
0C
01
07
01
07
01
0A
0C
01
0A
0C
01
08
01
0A
01
01
08
01
01
01
08
01
08
01
08
01
01
01
01
01
01
01
01
01
01
01
01
01
01
01
01
01
01
01
01
01
01
01
01
01
01
01
01
01
01
01
01
01
01
01
01
01
01
01
01
01
01
01
01
01
07
01
01
01
01
01
01
01
0F
0A
07
0C
01
01
08
01
08
01
01
07
01
07
01
01
07
01
07
01
01
0001
0096
004B
0002
00C1
0000002F
0001
0001
00000005
2A
B4001A
B0
0000
0002
00C2
00000006
0001
0000
0087
00C3
0000000C
0001
0000
0005
00C4
00C5
0000
00CE
0000001A
0003
00CF
0000
00D0
0001
000100D1
73
001C
00D2
0001
000100D1
65
00D3
00D4
