0A
07
0C
01
01
01
09
07
0C
01
01
01
09
07
0C
01
01
01
09
0C
01
09
07
0C
01
01
01
09
0C
01
0A
0C
01
0A
0C
01
0A
07
0C
01
01
01
0B
07
0C
01
01
01
07
01
08
01
0A
0C
01
0B
07
0C
01
01
01
07
01
08
01
0A
0C
01
0A
0C
01
0A
0C
01
0A
07
01
08
01
0A
0B
07
0C
01
01
01
09
0C
01
01
0A
0C
01
01
0A
0C
01
01
07
01
0A
01
01
01
01
01
01
01
01
01
01
01
01
01
01
01
01
01
01
01
01
01
01
01
01
01
01
01
01
01
01
01
01
01
01
01
01
01
01
01
01
0002
0005
0047
0001
0069
00000067
0002
0003
00000019
2A
2C
B7001F
2A
2B
B50007
2A
B2000D
B50013
2A
B20016
B5001C
B1
0000
0002
006A
00000016
0005
0000
0025
0005
0026
000A
0027
0011
0028
0018
0029
006B
00000020
0003
0000
0019
006C
006D
0000
0000
0019
000B
000C
0001
0000
0019
006E
006F
0002
