0A
0A
0A
09
07
0A
09
0A
0A
0A
0A
07
07
07
0A
08
0A
0A
0A
0B
0A
07
07
08
0A
0A
0A
07
07
01
01
01
01
01
01
01
01
01
01
01
01
01
01
01
01
01
01
01
01
01
01
01
01
01
01
01
01
01
01
07
07
07
07
01
01
01
01
01
01
01
01
01
01
01
07
01
01
01
01
01
07
01
01
01
01
01
01
01
0C
0C
07
0C
0C
01
0C
0C
07
0C
07
0C
0C
01
01
01
01
0C
0C
0C
07
0C
0C
01
01
01
0C
07
0C
01
01
01
01
01
01
01
01
01
01
01
01
01
01
01
01
01
01
01
01
01
01
01
01
01
01
01
0001
0046
0047
0002
0026
000000C2
0004
0003
0000002C
2B
B60015
4D
2A
B40007
2C
B900140200
AC
4D
BB000D
59
BB000E
59
B7000F
1218
B60011
2B
B60019
B60012
B70013
BF
0002
0000
000F
0010
0016
0000
000F
0010
0017
0004
0027
00000012
0004
0000
0035
0005
0036
0010
0037
0011
0038
0028
0000002A
0004
0005
000B
0042
0043
0002
0011
001B
0032
0048
0002
0000
002C
0029
002A
0000
0000
002C
0034
0049
0001
002B
00000020
0003
0005
000B
0042
0044
0002
0000
002C
0029
002C
0000
0000
002C
0034
004A
0001
003B
00000006
0001
50
07
004B
0022
00000002
004C
