0A
07
08
08
08
08
08
08
08
08
08
08
08
08
08
08
09
08
08
08
08
08
08
08
08
08
08
08
08
09
08
08
08
08
08
08
08
08
08
08
08
09
0B
07
0A
0A
0A
0A
0A
08
0B
0A
08
08
0A
07
07
0A
08
0A
08
08
0A
08
0A
0A
07
0A
08
0A
0A
08
08
0A
0A
0A
08
08
0A
08
0A
08
0A
08
0A
08
08
08
08
08
08
0A
08
07
08
08
07
0A
07
0A
0A
0A
0A
0A
0A
09
0A
0A
08
0A
08
0A
08
08
08
08
08
08
08
08
08
0A
0A
08
0B
0A
08
0A
08
08
08
08
08
08
08
08
08
08
08
07
08
0A
0A
08
0B
03
0A
0A
08
0A
0A
0A
0A
0A
0A
07
07
01
01
01
01
01
01
01
01
01
01
01
01
01
01
01
01
01
01
01
01
01
01
01
01
01
01
01
01
07
01
01
01
01
01
01
01
01
01
01
01
01
01
01
01
01
01
01
01
01
01
01
01
01
01
01
01
01
01
01
01
01
01
01
01
01
07
07
01
01
01
01
01
01
01
01
01
01
01
01
01
01
01
01
01
01
01
01
01
01
01
01
01
01
01
01
01
01
0C
01
01
01
01
01
01
01
01
01
01
01
01
01
01
01
0C
01
01
01
01
01
01
01
01
01
01
01
01
0C
01
01
01
01
01
01
01
01
01
01
01
0C
07
0C
01
07
0C
0C
0C
07
0C
0C
01
0C
0C
01
01
0C
01
01
01
0C
01
01
0C
01
0C
0C
01
01
0C
0C
01
01
0C
0C
0C
01
01
0C
01
07
0C
01
0C
01
0C
01
01
01
01
01
01
07
0C
01
01
01
01
01
0C
01
0C
0C
0C
0C
0C
0C
07
0C
0C
07
0C
01
0C
01
01
01
01
01
01
01
01
01
01
07
0C
0C
01
0C
0C
01
0C
01
01
01
01
01
01
01
01
01
01
01
01
01
0C
0C
01
0C
0C
0C
01
0C
0C
07
0C
07
0C
0C
01
01
01
01
01
01
01
01
01
01
01
01
01
01
01
01
01
01
01
01
01
01
01
01
01
01
01
01
01
01
01
01
01
01
01
01
01
01
01
01
01
01
01
01
01
01
01
01
01
01
01
01
01
01
01
01
01
01
01
01
01
01
01
01
01
01
01
01
01
0001
00A5
00A6
0001
00A7
00000122
0005
0001
000000EC
2A
B70001
2A
100E
BD0002
59
03
1203
53
59
04
1204
53
59
05
1205
53
59
06
1206
53
59
07
1207
53
59
08
1208
53
59
1006
1209
53
59
1007
120A
53
59
1008
120B
53
59
1009
120C
53
59
100A
120D
53
59
100B
120E
53
59
100C
120F
53
59
100D
1210
53
B50011
2A
100C
BD0002
59
03
1212
53
59
04
1213
53
59
05
1214
53
59
06
1215
53
59
07
1216
53
59
08
1217
53
59
1006
1218
53
59
1007
1219
53
59
1008
121A
53
59
1009
121B
53
59
100A
121C
53
59
100B
121D
53
B5001E
2A
100B
BD0002
59
03
121F
53
59
04
1220
53
59
05
1221
53
59
06
1222
53
59
07
1223
53
59
08
1224
53
59
1006
1225
53
59
1007
1226
53
59
1008
1227
53
59
1009
1228
53
59
100A
1229
53
B5002A
B1
0000
0002
00A8
00000012
0004
0000
0019
0004
002D
005B
003A
00A6
007D
00A9
0000000C
0001
0000
00EC
00AA
00AB
0000
