0A
09
09
0B
09
07
0A
0B
0B
0B
0B
07
0B
07
09
09
0A
09
0B
07
0B
07
0B
0A
0A
0B
07
0A
09
0B
09
07
0A
07
07
01
01
01
01
01
01
01
01
01
01
01
01
01
01
01
01
01
01
01
01
01
01
01
01
01
01
01
01
01
01
01
01
01
01
01
01
01
01
01
01
01
01
01
01
01
01
01
01
01
01
01
01
01
01
01
07
07
07
01
01
01
01
01
01
01
01
01
01
01
01
01
01
01
01
0C
0C
0C
07
0C
0C
01
0C
0C
07
0C
07
0C
0C
01
0C
01
0C
0C
0C
0C
0C
01
0C
01
0C
0C
07
0C
07
0C
01
0C
0C
0C
0C
01
0C
01
01
01
01
01
01
01
01
01
01
01
01
01
01
01
01
01
01
01
01
01
01
01
01
01
01
01
01
01
01
01
01
01
01
01
01
01
0001
003A
003B
0002
002E
00000066
0001
0005
00000002
01
B0
0000
0003
002F
00000006
0001
0000
003F
0030
00000034
0005
0000
0002
0031
0032
0000
0000
0002
003C
0029
0001
0000
0002
003D
003E
0002
0000
0002
003F
0040
0003
0000
0002
0041
0040
0004
0042
0000000C
0001
0000
0002
003C
002B
0001
002A
00000002
0043
