0A
07
0A
07
0A
08
0A
0A
09
0A
08
0A
08
05
0A
07
0A
08
08
08
0A
0A
0A
07
07
01
01
01
01
01
01
01
01
01
01
01
01
01
01
01
01
01
07
01
01
01
01
01
01
01
01
0C
01
01
01
0C
07
0C
0C
07
0C
01
0C
01
07
0C
01
07
0C
01
01
01
07
0C
0C
0C
01
01
01
01
01
01
01
01
01
01
01
01
01
01
01
01
01
01
01
01
01
01
01
0004
002E
002F
0002
001F
00000050
0002
0002
00000010
B20009
1215
B6000C
B80016
2A
B60017
B1
0000
0002
0020
00000012
0004
0000
0040
0008
0041
000B
0042
000F
0043
0021
00000016
0002
0000
0010
0022
0023
0000
0000
0010
0030
0031
0001
002B
00000004
0001
002C
