09
09
09
09
09
09
09
09
09
09
09
09
09
09
09
09
09
09
0A
0A
0A
09
0B
07
0A
07
07
01
07
01
01
01
01
01
01
07
01
01
01
01
07
01
01
01
01
01
01
01
01
01
01
01
01
07
01
01
01
07
01
01
01
01
01
01
01
01
07
01
01
01
07
01
01
01
01
01
01
01
01
01
01
01
01
01
01
01
01
01
01
01
01
01
01
01
01
01
01
01
01
01
01
01
01
01
01
01
01
01
01
01
01
01
01
01
01
01
01
01
01
01
01
01
01
01
01
01
01
01
01
01
01
01
01
01
01
01
01
0C
0C
0C
0C
0C
0C
0C
0C
0C
0C
0C
0C
0C
0C
0C
0C
0C
0C
0C
07
0C
0C
0C
07
0C
01
0C
01
07
01
01
01
01
01
01
01
01
01
01
01
01
01
01
01
01
01
07
01
01
01
0001
004A
004B
0001
004C
0000002F
0001
0001
00000005
2A
B70013
B1
0000
0002
004D
00000006
0001
0000
01C3
004E
0000000C
0001
0000
0005
004F
0051
0000
