0A
09
09
09
09
09
09
09
09
09
09
09
09
09
09
09
09
09
09
07
07
01
01
01
05
01
01
01
01
01
01
01
01
01
01
01
01
01
01
01
01
01
01
01
01
01
01
01
01
01
01
01
01
01
01
01
01
01
01
01
01
01
01
01
01
01
01
01
01
01
01
01
01
01
01
01
01
01
01
01
01
01
01
01
01
01
01
01
01
01
01
01
01
01
01
01
01
01
01
01
01
01
01
01
01
01
01
01
01
01
01
01
01
01
01
01
01
01
01
01
01
01
01
0C
0C
0C
0C
0C
0C
0C
0C
0C
0C
0C
0C
0C
0C
0C
0C
0C
0C
0C
01
01
0001
006B
0055
0001
0049
0000003E
0002
0002
00000006
2A
2B
B5000E
B1
0000
0002
004A
0000000A
0002
0000
00D9
0005
00DA
004B
00000016
0002
0000
0006
004C
004D
0000
0000
0006
0037
0022
0001
