01
07
01
01
07
01
07
01
01
01
01
01
0C
09
01
01
0C
09
01
0C
0A
01
01
01
01
01
01
01
01
01
01
01
03
01
01
01
01
01
01
01
01
01
07
01
01
0C
0A
01
01
0C
09
01
07
01
01
0C
0A
01
07
01
07
01
01
0C
0A
01
07
01
08
01
0C
0A
01
01
01
07
01
01
01
0C
0A
01
01
01
01
0C
0A
01
07
01
01
0C
09
0C
0A
01
01
01
01
01
07
0C
0A
01
01
03
03
01
03
01
03
01
01
01
01
01
01
01
01
0C
01
01
01
01
01
01
01
01
01
01
01
0011
0053
0054
0004
0079
00000042
0003
0003
00000010
2A
2B
2C
B60057
C00002
B2005D
B6005F
B0
0000
0001
007A
00000020
0003
0000
0010
0016
0017
0000
0000
0010
0060
0061
0001
0000
0010
0062
001A
0002
007B
00000002
0055
007E
00000006
0001
0028
0000
007F
0000000D
02
0001
0029
0000
0001
0028
0000
