07
01
09
0C
01
01
09
0C
01
09
0C
01
01
0A
07
0C
01
01
0A
07
0C
01
01
01
0A
0C
01
01
07
01
12
0C
01
01
0A
0C
01
01
09
0C
01
01
0B
07
0C
01
01
01
0A
0C
01
09
0C
01
01
09
0C
01
01
08
08
01
0A
0C
01
08
08
01
0A
0C
01
01
07
01
0A
0C
01
0A
07
0C
01
01
01
0A
0C
01
01
0B
07
0C
01
01
01
0B
0C
01
0A
0C
01
01
0B
0C
01
01
07
01
01
01
01
01
01
01
01
01
01
01
01
01
01
01
01
01
01
01
01
01
01
01
01
01
01
01
01
01
07
01
01
0F
0A
07
0C
01
01
08
01
01
01
07
01
07
01
01
0009
0017
0070
0001
006E
00000034
0002
0001
0000000A
1201
2A
B80013
C00001
B0
0000
0002
006F
00000006
0001
0000
0018
0071
0000000C
0001
0000
000A
0072
003B
0000
