01
07
01
07
01
07
01
01
07
01
01
07
01
07
01
07
01
01
07
01
07
01
01
07
01
01
07
01
01
07
01
07
01
07
01
07
01
01
05
01
01
03
01
01
01
03
01
01
01
03
01
01
01
01
01
01
01
01
01
01
01
01
01
0C
0A
0C
09
01
01
01
01
01
0C
0A
01
08
0C
09
01
07
01
01
0C
0A
0C
09
01
01
0A
01
01
01
01
01
01
0C
09
01
01
01
07
01
01
0C
09
01
01
01
01
0C
09
01
01
0C
0A
01
01
01
07
01
07
01
07
01
0C
0A
01
01
01
01
01
01
01
01
01
0C
0A
01
01
01
0C
09
01
01
01
01
01
01
01
07
01
0C
0B
01
01
01
01
0C
0B
01
07
01
01
01
01
07
01
01
01
01
07
01
01
0C
0A
01
01
0C
0A
01
07
01
01
0C
0A
01
01
0C
0A
0C
0A
01
07
0C
0A
01
01
01
01
01
0C
09
01
01
0C
0A
01
01
0C
0A
01
01
0C
0A
0C
0A
01
0C
0A
0C
0A
0A
0C
0A
0C
0A
0B
0A
01
01
01
01
0C
09
0C
0A
0C
0A
0A
01
07
01
01
0C
0A
0C
0A
0B
0A
01
01
01
01
07
0C
09
01
07
01
0C
0B
01
01
01
01
0C
0B
01
01
01
01
0C
0B
01
01
0C
0B
01
01
0C
0B
01
01
01
0C
0B
01
01
01
0C
0A
01
01
01
01
0C
0A
01
01
0C
0A
0C
0A
01
01
0C
0A
01
01
01
0C
0A
01
01
01
0C
0A
0C
09
01
0C
0A
01
01
0C
0A
01
01
0C
0A
01
01
0C
0A
01
01
01
01
01
01
01
01
01
01
01
0C
0A
01
0C
0A
01
01
0C
0A
01
01
0A
01
01
01
01
01
01
01
01
01
01
01
01
01
01
01
0C
09
01
01
01
07
01
0C
0A
01
0A
01
01
01
01
01
01
01
01
01
01
1041
013A
0160
0001
0183
0000002F
0001
0001
00000005
2A
B6015F
B0
0000
0002
0184
00000006
0001
0000
0009
0185
0000000C
0001
0000
0005
0045
003A
0000
