0A
09
09
07
0A
07
0A
0A
0A
0A
0A
08
08
0A
08
0A
0A
0A
0A
0A
0A
0A
0A
07
07
01
01
01
01
01
01
01
01
01
01
01
01
01
01
01
01
01
01
01
01
01
01
01
01
01
01
01
01
01
01
01
01
01
01
01
01
01
01
01
01
01
01
01
01
01
01
01
07
01
01
01
01
01
0C
0C
0C
01
01
07
0C
0C
0C
07
0C
07
0C
01
0C
0C
0C
0C
0C
0C
0C
01
01
07
01
01
01
01
01
01
01
01
01
01
01
01
01
01
01
01
01
01
01
0001
0036
0037
0001
0026
0000003F
0002
0002
00000007
2A
2B
B50003
2A
B0
0000
0002
0027
0000000A
0002
0000
0052
0005
0053
0028
00000016
0002
0000
0007
0029
002A
0000
0000
0007
0020
0023
0001
