0A
09
0A
07
08
0A
0A
0A
04
08
0A
04
08
04
0A
0A
07
0A
0A
0A
0A
0A
0A
0A
0A
07
07
01
01
01
01
01
01
01
01
01
01
01
01
01
01
01
01
01
01
01
01
01
01
01
01
01
01
01
01
01
01
01
01
01
01
01
01
01
01
01
01
01
01
01
01
01
01
01
01
01
01
01
01
01
01
01
01
01
01
01
01
01
01
01
01
01
01
01
01
01
01
07
01
01
01
01
01
01
01
01
01
01
01
01
01
0C
0C
07
0C
01
01
0C
0C
0C
01
07
0C
01
0C
0C
01
0C
0C
0C
0C
0C
0C
0C
0C
01
01
01
01
01
01
01
01
01
01
01
01
01
01
01
01
01
01
01
0001
0026
0027
0001
0020
00000032
0001
0001
00000008
2A
B40002
B60003
B0
0000
0002
0021
00000006
0001
0000
0037
0022
0000000C
0001
0000
0008
0023
0024
0000
