0A
09
0A
07
08
0A
0A
0A
04
08
0A
04
08
04
0A
0A
07
0A
0A
0A
0A
0A
0A
0A
0A
07
07
01
01
01
01
01
01
01
01
01
01
01
01
01
01
01
01
01
01
01
01
01
01
01
01
01
01
01
01
01
01
01
01
01
01
01
01
01
01
01
01
01
01
01
01
01
01
01
01
01
01
01
01
01
01
01
01
01
01
01
01
01
01
01
01
01
01
01
01
01
01
07
01
01
01
01
01
01
01
01
01
01
01
01
01
0C
0C
07
0C
01
01
0C
0C
0C
01
07
0C
01
0C
0C
01
0C
0C
0C
0C
0C
0C
0C
0C
01
01
01
01
01
01
01
01
01
01
01
01
01
01
01
01
01
01
01
0001
001E
001F
0001
0020
00000046
0002
0002
0000000A
2A
B70001
2A
2B
B50002
B1
0000
0002
0021
0000000E
0003
0000
002C
0004
002D
0009
002E
0022
00000016
0002
0000
000A
0023
0024
0000
0000
000A
0025
001D
0001
