07
07
0A
08
0B
07
08
0A
07
0A
08
0A
08
0A
0A
08
0A
07
0A
0A
0A
0A
0A
08
08
0A
08
07
08
08
0A
0A
0A
07
0A
0A
0A
07
08
0A
07
0A
0A
0B
0B
0B
0A
0A
08
0A
08
0A
08
0A
0A
0A
0A
0B
07
0A
0B
07
08
08
08
0A
08
08
0A
0A
07
07
0A
0A
01
01
01
08
01
01
01
01
01
01
01
01
01
01
01
01
01
01
01
01
01
01
01
01
01
01
01
01
01
01
01
01
01
01
01
01
01
01
01
07
01
01
01
01
01
01
01
01
01
01
01
01
07
01
01
01
01
01
01
01
01
01
01
01
01
01
07
01
01
01
01
07
0C
01
07
0C
01
01
0C
01
0C
01
0C
01
0C
0C
01
0C
01
0C
0C
0C
0C
01
01
0C
01
01
01
01
0C
0C
01
0C
0C
0C
01
01
0C
01
0C
07
0C
07
0C
0C
0C
07
01
0C
01
01
07
0C
0C
0C
0C
07
01
0C
01
01
01
01
0C
01
01
0C
0C
01
01
0C
0C
01
01
01
01
01
01
01
01
01
01
01
01
01
01
01
01
01
01
01
01
01
01
01
01
01
01
01
01
01
01
01
01
01
01
01
01
01
01
01
01
01
01
01
01
01
01
01
01
01
01
01
01
01
01
01
01
01
01
0001
0082
0074
0001
005C
0000002D
0001
0001
00000003
123F
B0
0000
0002
005D
00000006
0001
0000
00EA
005E
0000000C
0001
0000
0003
0065
0066
0000
