09
0A
07
07
0A
0A
09
0A
0A
12
0B
0B
12
0A
0A
0A
07
07
0A
08
0A
08
0A
0A
0A
08
08
0A
09
08
08
09
08
08
09
08
08
09
08
08
09
08
08
09
08
08
09
08
08
09
08
08
09
08
08
09
08
08
09
08
08
09
08
08
09
08
08
09
08
08
09
08
08
09
08
08
09
08
08
09
08
08
09
08
08
09
08
08
09
08
08
09
08
08
09
08
08
09
08
08
09
08
08
09
08
08
09
08
08
09
08
08
09
08
08
09
08
08
09
08
08
09
08
08
09
08
08
09
08
08
09
08
08
09
08
08
09
08
08
09
08
08
09
08
08
09
08
08
09
08
08
09
08
08
09
08
08
09
08
08
09
08
08
09
08
08
09
08
08
09
08
08
09
08
08
09
08
08
09
08
08
09
08
08
09
08
08
09
08
08
09
08
08
09
08
08
09
08
08
09
08
08
09
08
08
09
08
08
09
08
08
09
08
08
09
08
08
09
08
08
09
08
08
09
08
08
09
08
08
09
08
08
09
08
08
09
08
08
09
08
08
09
08
08
09
08
08
09
08
08
09
08
08
09
08
08
09
08
08
09
07
01
01
01
01
01
01
01
01
01
01
01
01
01
01
01
01
01
01
01
01
01
01
01
01
01
01
01
01
01
01
01
01
01
01
01
01
01
01
01
01
01
01
01
01
01
01
01
01
01
01
01
01
01
01
01
01
01
01
01
01
01
01
01
01
01
01
01
01
01
01
01
01
01
01
01
01
01
01
01
01
01
01
01
01
01
01
01
01
01
01
01
01
01
01
01
01
01
01
01
01
01
01
01
01
01
01
01
01
01
01
01
01
01
01
01
01
01
01
01
01
0C
07
0C
01
0C
0C
0C
0C
07
0C
01
0F
10
0F
10
0C
07
0C
0C
10
0F
10
0C
07
0C
07
0C
0C
01
01
0C
01
0C
01
0C
0C
07
0C
01
0C
0C
01
0C
01
0C
01
0C
01
0C
01
0C
01
0C
01
0C
01
0C
01
0C
01
0C
01
0C
01
0C
01
0C
01
0C
01
0C
01
0C
01
0C
01
0C
01
0C
01
0C
01
0C
01
0C
01
0C
01
0C
01
0C
01
0C
01
0C
01
0C
01
0C
01
0C
01
0C
01
0C
01
0C
01
0C
01
0C
01
0C
01
0C
01
0C
01
0C
01
0C
01
0C
01
0C
01
0C
01
0C
01
0C
01
0C
01
0C
01
0C
01
0C
01
0C
01
0C
01
0C
01
0C
01
0C
01
0C
01
0C
01
0C
01
0C
01
0C
01
0C
01
0C
01
0C
01
0C
01
0C
01
0C
01
0C
01
0C
01
0C
01
0C
01
0C
01
0C
01
0C
01
0C
01
0C
01
0C
01
0C
01
0C
01
01
01
01
01
01
01
01
0A
01
0A
01
01
01
01
01
01
01
01
0A
01
01
01
01
01
01
01
01
01
01
01
01
01
07
0C
0C
0C
01
01
07
01
01
01
07
01
01
000A
016E
016F
0002
015B
00000032
0001
0001
00000008
2A
B6000F
B80010
B0
0000
0002
015C
00000006
0001
0000
006F
015F
0000000C
0001
0000
0008
0170
0171
0000
0161
00000005
01
0170
0000
