0A
07
0C
01
01
01
07
01
0A
09
07
0C
01
01
01
09
0C
01
09
0C
01
09
0C
01
01
09
0C
01
01
09
0C
01
09
0C
01
09
0C
01
01
01
01
01
01
01
01
01
01
01
01
01
01
01
01
01
01
01
01
01
01
01
01
01
01
01
01
01
01
01
01
01
01
01
01
01
01
01
01
01
01
01
01
01
01
01
01
01
01
01
01
01
01
01
01
01
01
01
01
01
01
07
01
07
01
01
01
01
07
01
07
01
01
0001
0041
0042
0002
002F
0000002F
0001
0001
00000005
2A
B40013
B0
0000
0002
0030
00000006
0001
0000
0039
0031
0000000C
0001
0000
0005
0032
0033
0000
0028
00000002
0043
