01
07
01
07
01
01
01
07
01
07
01
01
01
01
01
01
01
0C
0A
01
07
01
08
01
0C
0A
01
07
0C
09
01
01
01
01
01
01
08
01
07
01
01
0C
0A
01
01
0C
0A
01
07
01
01
0C
0A
01
07
01
01
0C
0B
01
01
0C
0B
01
01
01
01
01
01
07
0A
01
01
0C
0B
01
01
01
0C
0A
01
07
01
01
0C
0A
01
07
01
01
0C
0A
01
01
01
07
0A
01
01
01
07
0A
01
01
01
0C
0B
01
07
01
01
0C
0A
01
07
01
01
0C
0B
01
07
01
01
0C
0B
01
01
0C
0B
01
01
01
01
01
01
01
01
01
01
01
01
0001
0021
004D
0004
0084
00000078
0003
0002
00000027
2B
C7000D
BB0015
59
1225
B7001A
BF
2A
B4001E
B60050
2B
B60056
B6005C
2B
B60056
B9003F0300
57
B1
0000
0003
0085
00000003
0001
0E
0086
0000001A
0006
0000
0034
000E
0035
0016
0036
001D
0037
0020
0035
0026
0038
0087
00000016
0002
0000
0027
001F
0020
0000
0000
0027
0040
005D
0001
008A
00000006
0001
0023
0000
0088
00000009
0001
16
00
00
0010
0000
0089
00000007
01
0001
0010
0000
