09
0A
0A
07
0A
07
0A
07
0A
07
0A
0A
07
0A
07
01
01
01
01
01
01
01
01
01
01
01
01
01
01
01
01
01
07
01
01
01
01
01
01
01
01
01
01
01
01
01
01
01
01
01
01
01
01
01
01
01
01
01
01
01
01
01
01
01
01
01
01
0C
0C
0C
01
01
0C
01
0C
01
0C
01
0C
01
07
01
01
01
01
07
01
01
01
01
01
0000
0018
0023
0003
001A
00000069
0004
0002
00000011
2A
B70003
2A
BB0004
59
2B
B70005
B50001
B1
0000
0003
001B
0000000E
0003
0000
001E
0004
001F
0010
0020
001C
00000016
0002
0000
0011
001D
001E
0000
0000
0011
0024
0025
0001
001F
00000016
0002
0000
0011
001D
0020
0000
0000
0011
0024
0026
0001
0016
00000002
0027
0028
00000007
01
0001
0029
0000
