0A
09
09
09
09
09
09
09
0A
0A
09
09
09
09
09
09
09
09
09
09
0A
0A
09
09
09
09
09
0A
09
0A
09
09
09
09
0A
07
09
09
0A
08
0A
0A
0A
07
08
0A
09
0A
0A
0B
0A
0A
0A
07
08
0A
0A
0A
08
0A
08
08
08
08
08
0A
08
0A
08
08
0A
08
08
08
08
08
0A
08
08
0B
0B
0B
07
08
08
08
08
08
08
08
08
08
08
08
0A
07
07
01
01
01
01
01
01
01
01
01
01
01
01
01
01
01
01
01
01
01
01
01
01
01
01
01
01
01
01
01
01
01
01
01
01
01
01
01
01
01
01
01
01
01
01
01
01
01
01
01
01
01
01
01
01
01
01
01
01
01
01
01
01
01
01
01
01
01
01
01
01
01
01
01
01
01
01
01
01
01
01
01
01
01
01
01
01
07
07
07
01
01
01
07
01
01
01
01
0C
0C
0C
0C
0C
0C
0C
0C
07
0C
0C
0C
0C
0C
0C
0C
0C
0C
0C
0C
0C
0C
0C
0C
0C
0C
0C
0C
0C
0C
0C
0C
0C
0C
0C
0C
01
07
0C
07
0C
0C
01
0C
0C
07
0C
01
01
0C
0C
07
0C
07
0C
07
0C
0C
0C
07
0C
01
01
0C
07
0C
01
0C
01
01
01
01
01
01
07
01
01
01
01
01
01
01
07
01
01
07
0C
07
0C
0C
01
01
01
01
01
01
01
01
01
01
01
01
0C
01
01
01
01
01
01
01
01
01
01
01
01
01
01
01
01
01
01
01
01
01
01
01
01
01
01
01
01
01
01
01
01
01
01
01
01
01
01
01
01
01
01
01
01
01
01
01
01
01
01
01
0001
008C
008D
0001
0087
0000003F
0002
0002
00000007
2A
2B
B50004
2A
B0
0000
0002
0088
0000000A
0002
0000
004E
0005
004F
0089
00000016
0002
0000
0007
008A
008B
0000
0000
0007
0065
0063
0001
