0A
07
0C
01
01
01
09
07
0C
01
01
01
09
0C
01
01
0A
0C
01
0B
07
0C
01
01
01
07
01
0B
07
0C
01
01
01
0A
0C
01
01
07
01
0A
0A
0C
01
01
0B
07
0C
01
01
01
0B
07
0C
01
01
0A
0C
01
0A
0C
01
0B
0C
01
01
0A
0C
01
01
0B
0C
01
07
01
0A
0C
01
07
01
07
01
0A
0C
01
01
0A
0C
01
07
01
0A
07
0C
01
01
0A
0C
01
0B
0C
01
01
0A
07
0C
01
07
01
0B
0C
01
01
0A
0C
01
0A
07
0C
01
01
01
09
07
0C
01
01
01
0A
0C
01
01
0A
07
0C
01
01
09
0C
01
01
0A
07
0C
01
01
01
0A
0C
01
09
0C
01
09
0C
01
01
0B
07
0C
01
01
01
0B
07
0C
01
01
01
0B
0C
01
01
0B
0C
01
0A
07
0C
01
01
12
0C
01
0B
0C
01
01
0A
0C
01
12
0C
01
12
0C
01
01
12
0C
01
01
07
01
07
01
01
01
01
01
01
01
01
01
01
01
01
01
01
01
01
01
01
01
01
01
01
01
01
01
01
01
01
01
01
01
01
01
01
01
01
01
01
01
01
01
01
01
01
01
01
01
01
01
01
01
01
01
01
01
01
01
01
01
01
01
01
01
01
01
01
01
01
01
01
01
10
01
0F
0A
0C
10
08
01
0F
0F
0F
0A
07
0C
01
01
01
0F
0A
07
0C
01
01
01
01
01
01
01
07
01
07
01
01
0011
00C8
0109
0001
00D1
0000003C
0002
0002
00000008
2A
2B
BA00C60000
AC
0000
0002
00D2
00000006
0001
0000
0019
00D3
00000016
0002
0000
0008
00D4
00D5
0000
0000
0008
010A
010B
0001
