01
07
01
07
01
01
0C
0A
01
01
01
01
01
01
07
01
0C
0A
01
07
01
01
01
01
01
01
01
01
01
01
01
08
01
07
01
01
0C
0A
08
08
01
07
01
0C
0A
01
07
0C
0A
01
01
01
01
07
01
01
0C
09
01
07
0C
0A
01
01
07
0A
01
0C
0A
01
01
01
01
08
01
07
01
0C
0A
01
01
0C
0A
01
01
07
0A
01
0C
0A
01
01
07
0A
01
0C
0A
01
01
07
0A
01
0C
0A
01
0A
01
0C
09
01
01
03
03
03
01
01
03
01
01
01
01
01
01
01
01
01
01
01
01
01
01
01
01
01
01
01
0011
005B
0047
0004
007F
0000006C
0004
0004
00000024
2B
124A
B80026
2C
1227
B80026
2D
1228
B80026
2A
BB005D
59
2B
B7005E
C0002F
2D
2C
B70031
B0
0000
0002
0080
00000006
0001
0012
0041
0081
0000002A
0004
0000
0024
0009
000A
0000
0000
0024
0049
0018
0001
0000
0024
0019
001A
0002
0000
0024
0017
0018
0003
0082
00000002
0048
0083
00000006
0001
001E
0000
0084
00000013
03
0001
001E
0000
0001
001E
0000
0001
001E
0000
