01
07
01
07
01
01
01
01
08
01
07
01
01
0C
0A
01
08
01
0C
0A
01
0C
09
01
01
0C
09
01
0C
09
01
01
0C
09
01
0C
09
01
01
01
01
01
01
01
01
01
01
01
01
01
01
01
01
0C
0A
01
01
0C
0A
01
01
08
01
07
01
01
0C
0A
0F
01
0C
12
01
01
07
0C
0A
01
07
01
0C
0A
01
07
0A
01
07
01
0C
0A
01
01
01
01
01
01
0C
0A
01
01
01
01
03
03
03
01
01
03
01
01
01
01
01
01
01
07
01
01
01
01
01
01
01
01
01
01
01
01
01
0011
0034
0035
0003
0079
0000006B
0007
0006
0000001B
2B
1209
B8000F
2D
1211
B8000F
BB0002
59
2B
1C
2D
1504
1505
B70037
B0
0000
0001
007B
0000003E
0006
0000
001B
0026
0027
0000
0000
001B
0008
0015
0001
0000
001B
0018
0019
0002
0000
001B
0010
001C
0003
0000
001B
001F
0020
0004
0000
001B
0023
0020
0005
0078
00000006
0001
0007
0000
007C
00000013
05
0001
0007
0000
0000
0001
0007
0000
0000
0000
