0A
09
0A
0A
0A
07
0A
0A
0A
0A
0A
07
0A
0A
0A
0A
0A
0A
0A
0A
0A
07
0A
0A
07
0A
0A
0A
0A
0A
0A
0A
07
0A
0A
08
0A
0A
08
08
0A
08
0A
0A
07
0A
0A
09
0A
0A
07
0A
0A
07
0A
0A
07
07
0A
0B
0B
0B
07
08
0A
08
0A
08
08
08
0A
08
08
09
09
09
09
09
09
09
09
09
09
08
0A
0A
08
08
0A
0A
0A
07
0A
0A
08
08
08
0A
07
08
0A
0A
0A
08
0A
0A
07
01
01
01
01
01
01
01
01
01
01
01
01
01
01
01
01
01
01
01
01
01
01
01
01
01
01
01
01
01
01
01
01
01
01
01
01
01
01
01
01
01
01
01
01
01
07
07
01
07
01
01
01
01
01
01
07
01
01
01
01
01
01
01
01
01
01
01
01
01
01
01
01
01
01
07
07
01
01
01
01
01
01
01
01
01
01
01
01
01
01
01
01
01
01
01
07
07
01
01
01
01
01
01
01
01
01
01
01
01
01
01
01
01
01
01
01
01
01
01
01
01
01
01
01
01
01
01
01
01
01
01
01
01
01
01
01
01
01
01
01
01
01
01
01
01
01
01
01
01
01
01
01
01
01
01
01
01
01
01
01
01
01
07
01
01
01
0C
0C
0C
0C
07
0C
01
07
0C
07
0C
0C
0C
07
0C
01
0C
0C
0C
0C
07
0C
0C
0C
0C
01
0C
0C
01
0C
0C
0C
0C
0C
0C
0C
01
0C
01
0C
0C
01
01
0C
01
0C
0C
01
0C
0C
0C
0C
0C
01
0C
01
0C
01
01
07
0C
07
0C
0C
01
01
0C
01
0C
01
01
01
0C
01
01
0C
0C
0C
0C
0C
0C
0C
0C
0C
0C
01
0C
0C
01
01
0C
0C
0C
01
0C
0C
01
01
01
0C
01
01
0C
0C
07
0C
01
0C
0C
01
01
01
01
01
01
01
01
01
01
01
01
01
01
01
01
01
01
01
01
01
01
01
01
01
01
01
01
01
01
01
01
01
01
01
01
01
01
01
01
01
01
01
01
01
01
01
01
01
01
01
01
01
01
01
01
01
01
0001
00E5
00E3
0001
008C
0000003F
0002
0002
00000007
2A
1B
B5004F
2A
B0
0000
0002
008D
0000000A
0002
0000
0327
0005
0328
008E
00000016
0002
0000
0007
008F
0090
0000
0000
0007
0083
0082
0001
