0A
07
0C
01
01
01
0A
0C
01
01
0A
07
0C
01
01
09
0C
01
01
09
0C
01
01
09
0C
01
01
09
0C
01
01
07
01
0A
0C
01
09
0C
01
01
09
0C
01
07
01
0A
0C
01
0A
0C
01
01
0B
07
0C
01
01
01
07
01
07
01
0A
0C
01
0A
07
0C
01
01
01
0A
07
0C
01
01
01
0B
07
0C
01
01
01
0A
0C
01
01
0A
0C
01
01
0B
07
0C
01
01
0A
0C
01
01
07
01
0A
0C
01
07
01
09
0C
01
01
08
01
0A
0C
01
0A
07
0C
01
01
01
0B
07
0C
01
01
01
0A
0C
01
01
0A
07
0C
01
01
0A
0C
01
01
08
01
0A
07
0C
01
01
01
07
01
01
01
01
01
01
01
01
01
01
01
01
01
01
01
01
01
01
01
01
01
01
01
01
01
01
01
01
01
01
01
01
01
01
01
01
01
01
01
01
01
01
01
01
01
07
01
0009
0083
00A4
0001
009D
00000021
0003
0000
00000009
BB002C
59
01
B7002E
B0
0000
0001
009E
00000006
0001
0000
0043
