07
01
0A
07
0C
01
01
01
09
07
0C
01
01
01
0A
07
0C
01
01
01
0A
0C
01
01
09
0C
01
09
0C
01
09
0C
01
09
0C
01
0A
0C
01
01
0A
0C
01
01
01
01
01
01
01
01
01
01
01
01
01
01
01
01
01
01
01
01
01
01
01
01
01
01
01
01
01
07
01
01
01
01
01
01
01
01
01
01
01
01
01
01
01
01
01
01
01
01
01
01
0001
0007
002C
0004
002D
00000072
0005
0004
0000000A
2A
2B
2C
2D
1201
B70003
B1
0000
0003
002E
0000000A
0002
0000
0022
0009
0023
002F
0000002A
0004
0000
000A
0030
0031
0000
0000
000A
0032
0033
0001
0000
000A
0034
0035
0002
0000
000A
0036
0037
0003
0038
00000016
0002
0000
000A
0034
0039
0002
0000
000A
0036
003A
0003
003B
0000000D
03
0032
0010
0034
0010
0036
0010
003C
00000002
003D
003E
00000013
03
0001
003F
0000
0001
003F
0000
0001
0040
0000
