0A
09
09
09
07
0A
0B
0B
0A
07
0A
07
0A
07
0A
08
0A
08
0A
08
08
08
08
0A
08
0A
08
0A
09
0A
07
08
0A
0A
0A
0A
08
0A
0A
0A
08
0A
0A
0A
0A
07
0A
09
0A
08
07
01
01
01
01
01
01
01
01
01
01
01
01
01
01
01
01
01
01
01
01
01
01
01
01
01
01
01
01
01
01
01
01
01
01
01
01
01
01
01
01
01
01
01
01
01
01
01
01
01
01
01
01
01
01
01
01
01
01
01
01
01
01
01
01
01
07
01
07
01
01
01
01
01
01
0C
0C
0C
0C
01
07
0C
0C
0C
01
07
0C
01
0C
01
01
0C
01
0C
01
01
01
01
0C
01
01
07
0C
0C
0C
01
01
0C
0C
07
0C
0C
0C
0C
01
07
0C
07
0C
0C
01
0C
0C
01
01
01
01
01
01
01
01
01
01
01
01
01
01
01
01
01
01
01
01
01
01
01
01
01
01
01
01
01
01
01
01
01
01
01
0001
0058
0059
0001
004A
0000003E
0002
0002
00000006
2A
2B
B50003
B1
0000
0002
004B
0000000A
0002
0000
0069
0005
006A
004C
00000016
0002
0000
0006
004D
004E
0000
0000
0006
003E
003F
0001
