0A
0A
0A
09
09
07
0A
09
07
0A
09
07
0A
09
07
0A
09
0A
0A
07
0A
0A
07
0A
0A
08
0A
08
08
0A
07
08
0A
08
08
0A
0A
08
0A
08
07
0A
08
0A
08
0A
08
0A
08
0A
08
08
0A
08
08
08
0B
0A
07
0A
08
0B
0A
08
0A
0A
0B
07
08
0B
0A
08
0A
08
08
0A
07
0A
0A
0A
08
0A
08
08
08
0A
08
08
08
0B
07
0A
0A
0A
08
0A
0A
0A
0A
08
08
08
0A
0A
0A
0A
08
0B
0A
0A
0B
0A
0A
0A
0A
0A
0A
0A
0A
0B
0B
07
0B
07
0A
0B
07
0A
0A
07
08
0A
07
08
0B
08
0A
0A
0A
08
0B
0A
0A
08
0A
0A
0A
0A
0A
08
0A
0A
08
0A
08
0A
08
0A
0A
0A
0A
0A
0A
0A
0A
0A
0A
0A
0A
0A
0A
0A
07
07
01
01
01
01
01
01
01
01
01
01
01
01
01
01
01
01
01
01
01
01
01
01
01
01
01
01
01
01
01
01
01
01
01
01
01
01
01
01
01
01
01
01
01
01
01
01
01
01
01
01
01
01
01
01
01
01
01
01
01
01
01
01
07
07
01
01
01
01
01
01
01
01
01
01
01
01
01
01
01
01
01
01
01
01
01
01
01
01
01
01
01
01
01
01
01
01
01
01
01
01
01
01
01
01
01
01
01
01
01
01
01
01
01
01
01
01
01
01
01
01
01
01
01
01
01
01
01
01
01
01
01
01
01
01
01
01
01
01
01
01
01
01
01
01
01
01
01
01
01
01
01
01
01
01
01
01
01
01
01
01
01
01
01
01
01
01
01
01
01
01
01
01
01
01
01
01
01
01
01
01
01
07
07
01
01
01
01
07
07
07
07
01
01
01
01
01
01
01
07
01
01
01
01
01
07
01
01
01
01
01
01
01
01
01
01
01
01
01
01
01
01
01
01
01
01
01
01
01
01
07
01
01
01
01
01
01
01
01
01
01
01
01
01
01
01
01
01
01
01
01
01
01
0C
0C
07
0C
0C
0C
01
0C
0C
01
0C
01
0C
01
0C
07
0C
07
0C
01
0C
0C
01
0C
0C
01
0C
0C
01
01
0C
01
01
07
0C
0C
01
0C
01
01
01
0C
01
0C
01
0C
01
0C
01
01
0C
01
01
01
07
0C
0C
01
0C
01
07
0C
0C
01
0C
0C
0C
01
01
0C
07
0C
01
0C
01
01
0C
01
0C
0C
0C
01
0C
01
01
01
0C
01
01
01
0C
01
0C
0C
01
0C
0C
0C
01
01
01
07
0C
0C
0C
0C
01
0C
0C
0C
0C
0C
0C
07
0C
07
0C
0C
0C
0C
07
0C
01
0C
0C
0C
01
0C
0C
01
01
0C
01
01
0C
01
07
0C
0C
0C
01
0C
0C
0C
01
0C
0C
0C
0C
0C
01
0C
0C
01
0C
01
0C
01
0C
0C
0C
0C
0C
0C
0C
0C
0C
0C
0C
0C
0C
0C
0C
01
01
01
01
01
01
01
01
01
01
01
01
01
01
01
01
01
01
01
01
01
01
01
01
01
01
01
01
01
01
01
01
01
01
01
01
01
01
01
01
01
01
01
01
01
01
01
01
01
01
01
01
01
01
01
01
01
01
01
01
01
01
01
01
01
01
01
01
01
01
01
01
01
01
01
01
01
01
01
01
01
01
01
01
01
01
01
01
01
01
01
01
01
01
01
01
01
01
01
01
01
01
01
01
01
01
01
01
01
01
01
01
01
01
0001
00EF
00F0
0001
00BD
0000002F
0001
0001
00000005
2A
B40005
B0
0000
0002
00BE
00000006
0001
0000
0087
00BF
0000000C
0001
0000
0005
00C0
00C1
0000
