07
01
07
01
01
01
01
08
01
01
08
01
01
08
01
01
08
01
01
08
01
01
08
01
01
08
01
01
08
01
01
08
01
01
08
01
01
08
01
01
08
01
01
08
01
01
08
01
01
08
01
01
08
01
01
08
01
01
08
01
01
08
01
01
08
01
01
08
01
01
08
01
01
08
01
01
08
01
01
08
01
01
08
01
01
08
01
01
01
01
0A
0C
01
01
01
01
01
01
07
01
0A
0A
0C
01
01
08
01
0A
0C
01
0A
0C
01
01
01
01
01
01
01
01
01
01
01
08
01
0A
07
01
0C
01
01
0A
0C
01
01
01
01
01
01
01
01
0A
0C
01
0A
0C
01
0A
0C
0A
0C
01
01
01
01
07
01
01
0009
0030
0083
0001
005A
00000031
0002
0001
00000007
122F
2A
B80096
B0
0000
0002
005D
00000006
0001
0000
0095
005E
0000000C
0001
0000
0007
0077
0075
0000
