07
01
07
01
01
01
01
08
01
01
08
01
01
08
01
01
08
01
01
08
01
01
08
01
01
08
01
01
08
01
01
08
01
01
08
01
01
08
01
01
08
01
01
08
01
01
08
01
01
08
01
01
08
01
01
08
01
01
08
01
01
08
01
01
08
01
01
08
01
01
08
01
01
08
01
01
08
01
01
08
01
01
08
01
01
08
01
01
01
01
0A
0C
01
01
01
01
01
01
07
01
0A
0A
0C
01
01
08
01
0A
0C
01
0A
0C
01
01
01
01
01
01
01
01
01
01
01
08
01
0A
07
01
0C
01
01
0A
0C
01
01
01
01
01
01
01
01
0A
0C
01
0A
0C
01
0A
0C
0A
0C
01
01
01
01
07
01
01
0009
0045
008D
0001
005A
0000003C
0003
0002
00000008
1244
2A
2B
B8008E
B0
0000
0002
005D
00000006
0001
0000
0085
005E
00000016
0002
0000
0008
0077
0075
0000
0000
0008
0078
0075
0001
