0B
0B
0A
0A
0B
09
09
09
09
09
09
0B
0B
0B
0B
0B
07
0B
07
0B
08
0A
12
07
07
07
01
01
01
01
01
01
01
01
01
01
01
01
01
01
01
01
01
01
01
01
01
01
01
01
01
01
01
01
01
01
01
01
01
01
01
01
01
01
01
01
01
01
01
01
01
01
07
0C
0C
0C
0C
0C
0C
0C
0C
0C
0C
0C
07
0C
07
0C
07
0C
07
0C
07
0C
01
07
0C
01
07
0C
01
07
0C
01
0F
08
0C
01
01
01
01
01
01
01
01
01
01
01
01
01
01
01
01
01
01
01
01
01
01
01
01
01
01
01
01
01
01
0A
01
01
01
07
0C
01
07
01
01
01
07
01
01
0001
0029
0034
0002
002B
000000AB
0002
0006
00000025
2A
B70004
2A
2B
B900050100
B50006
2A
2C
B50007
2A
2D
B50008
2A
1904
B50009
2A
1905
B5000A
B1
0000
0003
002C
0000001E
0007
0000
0035
0004
0036
000E
0037
0013
0038
0018
0039
001E
003A
0024
003B
002D
0000003E
0006
0000
0025
002E
002F
0000
0000
0025
0030
0031
0001
0000
0025
001D
001E
0002
0000
0025
001F
0020
0003
0000
0025
0023
0024
0004
0000
0025
0025
0026
0005
0032
0000000C
0001
0000
0025
001F
0022
0003
0021
00000002
0035
