0A
07
0C
01
01
01
09
07
0C
01
01
01
0A
07
0C
01
01
01
0B
07
0C
01
01
01
0B
07
0C
01
01
01
09
0C
01
01
07
01
0B
07
0C
01
01
01
0A
07
0C
01
01
01
0B
07
0C
01
01
01
0A
07
0C
01
01
12
0C
01
01
07
01
01
01
01
01
01
01
01
01
01
01
01
01
01
01
01
01
01
01
01
01
01
01
01
0F
0A
07
0C
01
01
08
01
01
01
07
01
07
01
01
0001
004C
004D
0001
0045
000000A2
0002
0002
00000037
B8000D
4C
2B
B900130100
B900190100
57
2A
04
B5001F
A70009
4C
2A
03
B5001F
2A
B40007
B900250100
2A
B4001F
B8002B
B900310200
B8002B
B0
0001
0000
0015
0018
0023
0003
0046
0000001E
0007
0000
0024
0004
0025
0010
0026
0015
002A
0018
0028
0019
0029
001E
002C
0047
00000020
0003
0004
0011
004E
004F
0001
0019
0005
0050
0051
0001
0000
0037
0048
0049
0000
0052
00000007
0002
58
07
0023
05
