01
07
01
07
01
01
01
01
01
08
01
07
01
01
0C
0A
0C
0A
01
01
01
01
01
08
0A
01
01
01
01
01
0C
09
01
07
01
01
0C
0A
01
07
01
01
01
07
01
0C
0B
01
01
01
01
07
01
07
01
01
0C
0A
01
07
01
01
01
08
01
07
01
07
01
0C
0A
01
07
01
08
01
01
0C
0A
01
07
01
0C
0A
01
0C
0A
01
01
0C
0B
01
01
01
01
07
01
01
0C
0A
01
0C
0B
01
01
0C
0B
01
01
01
01
0C
0A
01
01
01
03
03
01
01
03
01
01
01
01
01
01
01
01
01
01
01
01
01
01
01
01
01
0011
006E
006F
0002
0083
00000035
0002
0001
00000007
2A
01
B50020
2A
B0
0000
0002
0084
0000000A
0002
0000
003C
0005
003D
0085
0000000C
0001
0000
0007
0013
0014
0000
0082
00000006
0001
0008
0000
