0A
09
0A
09
0A
0A
0B
0B
12
0A
09
0A
12
0A
0A
0A
08
0A
07
0A
07
07
01
01
01
01
01
01
01
01
01
01
01
01
01
01
01
01
01
01
01
01
01
01
01
01
01
01
01
01
01
01
01
01
07
01
01
01
01
01
01
07
01
01
01
01
01
01
01
01
01
0C
0C
0C
0C
07
0C
0C
07
0C
07
0C
01
0F
10
0F
10
0C
07
0C
0C
07
0C
0F
10
0C
07
0C
07
0C
07
0C
01
07
0C
07
01
0C
01
01
01
01
01
01
01
01
01
01
01
01
01
01
0A
01
0A
01
01
01
01
01
01
01
01
01
0A
01
01
01
01
01
01
01
01
01
01
01
01
01
01
01
01
01
07
0C
0C
0C
01
01
07
01
01
07
01
01
1000
0021
003F
0001
0023
00000044
0002
0003
00000006
2A
2B
B70001
B1
0000
0002
0024
00000006
0001
0000
025C
0025
00000020
0003
0000
0006
0026
001E
0000
0000
0006
0040
0020
0001
0000
0006
0041
0042
0002
