01
07
01
07
01
01
01
03
03
01
01
03
01
01
01
01
01
01
01
01
01
01
01
01
01
01
01
01
01
01
01
01
01
01
01
01
01
01
01
01
01
01
01
01
01
01
01
01
01
01
01
01
01
01
01
01
01
01
01
01
01
01
01
01
01
01
01
01
01
01
01
01
01
01
01
01
01
01
01
01
01
01
01
01
01
01
01
01
01
01
01
01
01
01
01
01
01
01
01
01
01
01
01
01
01
01
01
01
01
01
01
01
01
01
01
01
01
01
01
01
01
01
01
01
01
01
01
01
01
01
01
01
01
01
01
01
01
01
01
01
01
01
01
01
01
01
01
01
01
01
01
01
01
01
01
01
01
01
01
01
01
01
01
01
01
01
01
01
01
01
01
01
01
01
01
01
01
01
01
01
01
01
01
01
01
01
01
01
01
01
01
01
01
01
01
01
01
01
01
01
01
01
01
01
01
01
01
01
01
01
01
01
01
01
01
01
01
01
01
01
01
01
01
01
01
01
01
01
01
01
01
01
01
01
01
01
01
01
01
01
01
01
01
01
01
01
01
01
01
01
01
01
01
01
01
01
01
01
01
01
01
01
01
01
01
01
01
01
01
01
01
01
01
01
01
01
01
01
01
01
01
01
01
01
01
01
01
01
01
01
01
01
01
01
01
01
01
01
01
01
01
01
01
01
01
01
01
01
01
01
01
01
01
01
01
01
01
01
01
01
01
01
01
01
01
01
01
01
01
01
01
01
01
01
01
01
01
01
01
01
01
01
01
01
01
01
01
01
01
01
01
01
01
01
01
01
01
01
01
01
01
01
01
01
01
01
01
01
01
01
01
01
01
01
01
01
01
01
01
01
01
01
01
01
01
01
01
01
01
01
01
01
01
01
01
01
07
01
07
01
07
01
07
01
07
01
01
01
01
08
01
0C
0A
01
01
01
07
01
0C
0A
01
08
01
08
01
01
0C
0A
01
0C
09
0C
09
0C
09
0C
09
0C
09
0C
09
0C
09
0C
09
0C
09
0C
09
0C
09
0C
09
0C
09
0C
09
0C
09
0C
09
0C
09
0C
09
01
01
08
01
07
01
01
0C
0A
01
08
01
07
01
08
01
07
01
07
01
01
0C
0A
01
01
0C
0A
0C
0A
01
01
01
08
08
01
07
0A
01
01
0C
0A
01
08
01
0C
0A
0C
09
0C
09
01
08
08
01
08
01
08
01
08
0C
09
0C
09
0C
09
0C
09
0C
09
0C
09
0C
09
0C
09
0C
09
0C
09
08
01
08
0C
09
0C
09
01
08
01
08
01
0C
0A
01
08
0C
09
0C
09
0C
09
0C
09
0C
09
0C
09
0C
09
01
08
01
08
0C
09
0C
09
0C
09
0C
09
0C
09
01
01
08
08
0C
09
01
07
01
01
0C
0A
01
07
01
01
0C
0A
01
08
01
0C
0A
0C
09
0C
09
0C
09
0C
09
08
0C
09
08
0C
09
01
07
01
01
0C
0B
01
08
01
07
08
01
08
08
08
0C
09
0C
09
01
01
08
01
08
01
08
01
08
01
0C
0A
01
08
01
01
08
08
08
01
08
01
08
01
08
01
08
01
01
08
08
08
01
07
01
01
0C
0B
01
08
01
08
01
08
01
07
01
08
01
0C
09
01
07
01
08
01
08
01
08
01
08
01
08
01
0C
09
01
08
01
01
0C
09
0C
09
0C
09
0C
09
0C
09
0C
09
0C
09
01
08
01
08
01
0C
09
08
01
08
01
08
0C
09
08
01
08
01
08
01
0C
0A
08
08
01
08
01
08
0C
09
01
08
08
01
08
01
08
08
01
08
01
08
08
08
01
08
01
08
01
08
01
08
01
08
01
08
01
08
01
08
08
08
01
08
01
08
01
08
01
08
01
08
01
08
0C
09
01
01
08
01
08
01
08
01
08
01
08
01
08
01
08
01
08
01
08
01
08
0C
09
0C
09
01
01
08
08
01
08
01
08
01
08
01
08
08
01
08
08
01
08
01
08
0C
09
08
01
08
01
01
08
08
01
08
01
08
01
08
0C
09
0C
09
08
01
08
01
08
0C
09
01
08
08
08
01
08
01
08
0C
09
0C
09
01
01
08
08
01
08
01
08
01
08
08
01
08
01
08
01
01
01
08
01
08
01
08
01
08
01
08
01
08
01
08
01
08
01
08
08
08
01
08
01
08
01
08
0C
09
0C
09
0C
09
0C
09
08
08
08
01
08
01
08
01
08
01
08
0C
09
0C
09
0C
09
0C
09
0C
09
01
08
01
08
0C
09
0C
09
0C
09
08
01
08
01
08
0C
09
01
08
01
08
0C
09
0C
09
08
08
01
08
0C
09
0C
09
0C
09
0C
09
0C
09
0C
09
01
08
01
08
0C
09
08
01
08
0C
09
0C
09
01
08
01
08
08
08
01
08
01
08
01
08
01
08
01
08
01
08
01
08
01
08
0C
09
0C
09
0C
09
08
08
01
08
01
08
01
08
01
08
01
08
01
08
01
08
01
08
08
01
08
01
08
01
07
01
0C
09
01
08
01
0C
09
01
08
01
0C
09
01
08
01
08
01
01
01
01
0C
09
01
08
01
07
01
0C
09
01
01
0C
0A
01
08
01
08
08
08
01
08
01
08
01
08
01
08
01
08
01
08
08
01
08
01
08
01
08
0C
09
01
08
01
08
01
08
01
08
01
08
0C
09
0C
09
01
08
01
08
0C
09
08
01
08
01
08
01
01
08
01
08
01
08
01
08
08
08
01
08
01
08
01
08
01
08
01
08
01
08
01
08
01
08
01
08
01
08
01
08
01
08
01
08
01
08
01
08
01
08
01
08
01
08
01
08
01
08
01
08
01
08
01
08
01
08
01
08
01
08
01
08
01
08
01
08
01
08
01
08
08
08
01
08
01
08
01
08
01
08
08
01
08
01
08
0C
09
0C
09
01
08
01
08
0C
09
0C
09
01
0A
0C
09
01
08
01
07
01
08
01
07
01
08
01
07
01
08
01
07
01
08
01
07
01
08
01
08
01
08
01
07
01
01
0C
09
01
07
01
01
0C
0A
01
0C
09
01
08
01
08
01
08
01
08
01
08
01
08
01
08
01
08
01
08
01
08
01
08
01
08
01
08
01
08
01
08
01
08
01
08
01
08
01
08
01
08
01
08
01
08
01
08
01
08
01
08
01
08
01
08
01
08
01
08
01
08
01
08
01
08
01
08
01
08
01
08
01
07
01
0C
09
01
0C
0A
01
08
01
08
01
08
01
08
01
08
01
08
01
08
01
08
01
08
01
08
01
08
01
08
01
08
01
08
01
08
01
08
01
08
01
08
01
08
01
08
01
08
01
08
01
08
01
08
01
07
01
0C
09
01
07
0A
01
0C
09
01
08
01
08
01
08
01
08
01
08
01
08
01
08
01
08
01
08
01
08
01
08
01
08
01
08
01
08
01
08
01
08
01
08
01
08
01
08
01
07
01
0C
09
01
0C
0A
01
08
01
08
01
08
01
08
01
08
01
08
01
08
01
08
01
08
01
08
01
08
01
08
01
08
01
07
01
07
01
01
0C
0A
01
07
01
0C
0B
01
08
01
08
01
08
01
08
01
07
01
0C
0A
01
08
01
08
01
08
01
08
01
08
01
08
01
08
01
08
01
08
01
01
01
01
01
01
01
01
01
01
01
0011
0159
01D2
0004
0611
0000006F
000B
0002
00000027
2B
1301D4
B801DA
2A
1301DC
2B
C001DE
1301E0
C001E2
01
01
03
01
01
103E
01
B801E8
B801EC
B701EE
B0
0000
0002
0612
0000001A
0006
0007
0045
0008
0041
000B
0045
0020
0041
0023
0045
0026
0041
0613
00000016
0002
0000
0027
019E
0010
0000
0000
0027
015A
01EF
0001
0614
00000002
01D3
060F
00000006
0001
0197
0000
0615
00000007
01
0001
0197
0000
