07
01
0A
07
0C
01
01
01
0A
0C
01
0A
0C
01
01
08
01
09
0C
01
01
07
01
0B
0C
01
01
0A
07
0C
01
01
01
07
01
0A
0C
01
01
08
01
0B
0C
01
01
0A
07
0C
01
01
01
08
01
0B
0C
01
08
01
0B
0C
01
08
01
0B
0C
01
01
08
01
0B
0C
01
01
0A
07
0C
01
01
01
01
01
01
01
01
01
01
01
01
01
01
01
01
01
01
01
01
07
01
01
01
01
01
01
01
01
01
01
01
01
01
01
01
01
01
07
01
01
01
01
01
01
01
01
01
01
0001
006E
006F
0002
004F
000000A4
0006
0004
00000037
2A
B6000C
57
123E
4D
2A
B40012
C00016
B900400100
4E
2D
2B
B8001C
9A001B
2A
2C
06
BD0022
59
03
2A
B40012
53
59
04
2B
53
59
05
2D
53
B60024
2A
B0
0000
0003
0050
0000001A
0006
0000
0083
0005
0086
0008
0089
0015
008A
001D
008B
0035
008F
0051
0000002A
0004
0000
0037
0052
0053
0000
0000
0037
0070
0071
0001
0008
002F
005E
005D
0002
0015
0022
0072
0071
0003
0060
0000000B
0001
FD
0035
07
0061
07
0073
0055
00000005
01
0070
0000
