0A
07
0C
01
01
01
09
07
0C
01
01
01
0A
0C
01
01
0A
0C
01
01
0A
0C
01
0A
07
0C
01
01
01
0A
07
0C
01
01
01
0A
0C
01
0A
07
0C
01
01
01
0A
0C
01
01
0A
0C
01
0A
0C
01
01
0A
07
0C
01
01
01
0A
0C
01
01
0A
07
0C
01
01
07
01
0A
08
01
0A
0C
01
01
08
01
0A
0C
01
01
0A
0C
01
01
08
01
08
01
08
01
0A
08
01
0A
08
01
0A
07
0C
01
01
01
0A
0C
01
01
08
01
12
0C
01
08
01
08
01
07
01
08
01
0A
0C
01
0A
0C
01
01
08
01
0A
0C
08
01
0A
07
0C
01
01
01
08
01
08
01
0A
0C
01
0A
0C
01
01
0A
0C
01
01
07
01
07
01
0A
0C
01
0A
0C
01
08
01
0A
0C
01
08
01
0A
0C
01
08
01
0A
0A
0C
01
01
0A
0C
01
0A
0C
01
01
01
01
08
01
01
01
01
01
01
01
01
01
01
01
01
01
01
01
01
01
01
01
01
01
01
01
01
01
01
01
01
01
01
01
01
01
01
01
01
01
01
01
01
01
01
01
01
01
01
03
01
01
01
01
01
01
01
01
01
01
0F
0A
07
0C
01
01
08
01
01
07
01
07
01
01
07
01
07
01
01
07
01
01
07
01
07
01
01
0001
0036
0037
0001
00C4
00000043
0004
0001
00000019
05
BD0019
59
03
2A
B40007
53
59
04
2A
B70034
B80038
53
B8003E
AC
0000
0002
00C5
00000006
0001
0000
0076
00C6
0000000C
0001
0000
0019
00C7
00C8
0000
