01
07
01
07
01
01
01
01
01
01
01
01
01
01
01
01
01
01
0C
09
01
01
01
01
08
01
07
01
01
0C
0A
0C
0A
01
01
01
01
07
01
01
0C
0B
01
08
01
0C
0A
01
07
01
01
01
01
01
01
01
03
01
07
0A
01
07
01
01
01
01
01
01
01
0C
0B
01
01
01
01
01
01
01
01
01
01
0C
0B
01
01
01
01
01
0C
0B
01
01
01
01
01
01
01
08
0C
0A
01
01
01
07
0A
01
08
01
01
0C
0A
01
0C
0A
01
08
01
01
0C
0A
01
01
01
01
0C
0A
01
01
01
0C
0A
01
01
0C
0A
01
01
01
01
0C
0A
0C
0A
01
01
0C
0A
01
01
03
03
01
03
01
01
01
01
01
01
01
01
01
01
01
01
01
01
01
01
01
01
0009
007F
0080
0002
00A4
00000030
0002
0003
0000001B
2B
C10002
990015
2B
C00002
B60083
4D
2A
2C
B80087
990005
04
AC
03
AC
0000
0001
00AA
00000003
0001
19
00A8
00000009
02
0000
0001
0038
0000
