0A
07
0C
01
01
01
0B
07
0C
01
01
01
12
0C
01
01
0B
07
0C
01
01
0A
07
0C
01
01
01
0B
07
0C
01
01
01
07
01
09
07
0C
01
01
01
12
09
0C
01
12
0A
0C
01
01
0A
0C
01
01
09
0C
01
12
12
09
0C
01
0B
0C
01
01
0A
0C
01
0B
0C
01
01
07
01
0A
07
0C
01
01
01
0B
0C
01
01
07
01
0A
07
0C
01
01
01
0A
0C
01
01
09
07
0C
01
01
01
09
0C
01
01
09
07
01
09
09
01
01
01
01
01
01
01
01
01
01
01
01
01
01
01
01
01
01
01
01
01
01
01
01
01
01
01
01
01
01
01
01
01
01
01
01
01
01
01
01
01
01
01
01
01
01
01
01
01
01
01
01
01
01
01
0F
0A
07
0C
01
01
01
10
0F
0A
0C
10
0F
0A
0C
10
0F
0A
0C
10
0F
0A
0C
10
0F
0A
0C
10
01
07
01
07
01
01
100A
0093
0094
0001
0076
00000032
0001
0001
00000008
2A
B40062
B80058
B0
0000
0002
0077
00000006
0001
0000
0026
0078
0000000C
0001
0000
0008
0095
0096
0000
