07
01
0A
07
0C
01
01
01
07
01
0A
0C
01
01
0A
0C
01
01
0A
07
0C
01
01
01
07
01
0A
0C
01
09
0C
01
01
07
01
0B
0C
01
01
0B
0C
01
07
01
0B
0C
01
01
0B
07
0C
01
01
01
01
01
01
01
01
01
01
01
01
01
01
01
01
01
01
01
01
01
01
01
01
01
01
01
01
01
01
01
01
01
01
01
01
01
01
01
01
01
01
01
0001
0052
0053
0002
003D
0000006D
0002
0002
0000001A
2B
C1002B
99000E
2B
C0002B
2A
B9002D0200
B0
2B
2A
B900310200
B0
0000
0004
003E
0000000A
0002
0000
0114
0012
0115
003F
00000016
0002
0000
001A
0040
0041
0000
0000
001A
0054
0055
0001
0056
0000000C
0001
0000
001A
0054
0057
0001
0050
00000003
0001
12
0039
00000002
0058
