0A
09
0B
0B
0B
07
0A
08
0A
09
07
0A
0A
0A
08
0A
0A
0B
0A
0A
07
07
08
0A
0A
09
07
07
01
01
01
01
01
01
01
01
01
01
01
01
01
01
01
01
01
01
01
01
01
01
01
01
01
01
07
07
01
07
01
01
01
01
01
01
01
01
0C
0C
07
0C
07
0C
0C
01
07
0C
01
07
0C
0C
01
0C
0C
01
07
0C
07
0C
0C
0C
01
01
01
0C
0C
0C
01
01
01
01
01
01
01
01
01
01
01
01
01
01
01
01
01
01
01
01
01
01
01
01
01
01
01
01
01
01
01
01
01
0001
003F
0040
0001
0025
0000003E
0002
0002
00000006
2A
2B
B5001A
B1
0000
0002
0026
0000000A
0002
0000
002E
0005
002F
0027
00000016
0002
0000
0006
0028
0029
0000
0000
0006
0021
0022
0001
