07
01
0A
0C
01
01
07
01
0A
0C
01
01
0A
0C
01
07
01
0A
0A
07
0C
01
01
09
0C
01
01
09
0C
01
01
08
01
0A
07
0C
01
01
01
0A
0C
01
08
01
08
01
08
01
0A
07
0C
01
01
01
0A
0C
01
01
07
01
0A
0C
01
01
0A
07
0C
01
01
01
01
01
01
03
01
01
01
01
01
01
01
01
01
01
01
01
01
01
01
01
01
01
01
01
01
01
01
01
01
01
01
01
01
01
01
01
01
01
01
01
01
01
01
01
01
01
01
0009
0005
0006
0003
004C
0000005B
0005
0003
0000000B
BB0007
59
2A
2B
1C
B70009
B0
0000
0003
004D
00000006
0001
0000
0043
004E
00000020
0003
0000
000B
001A
001B
0000
0000
000B
004F
0050
0001
0000
000B
0056
0048
0002
0051
0000000C
0001
0000
000B
004F
0052
0001
0053
0000000D
03
001A
0000
004F
0000
0056
0000
0054
00000002
0057
