01
07
01
07
01
07
01
01
01
01
01
0C
09
01
01
01
01
01
07
01
0C
0A
01
01
01
0C
0A
01
01
01
01
0C
0A
01
0C
0A
01
07
01
0C
0A
01
01
01
07
01
0C
0A
01
0C
0A
01
01
01
0C
0A
01
07
01
01
0C
0A
01
01
01
01
0C
0A
01
01
01
0C
0A
01
08
01
01
0C
0A
0C
0A
01
01
01
01
01
01
0C
0A
01
01
01
03
03
03
01
01
03
01
01
01
01
01
01
01
01
01
01
01
01
01
01
01
01
01
0001
0007
0008
0002
006C
0000002F
0001
0001
00000005
2A
B4000D
B0
0000
0002
006D
00000006
0001
0000
0086
006E
0000000C
0001
0000
0005
000E
000F
0000
006B
00000006
0001
0009
0000
