01
07
01
07
01
07
01
01
07
01
01
07
01
01
07
01
07
01
07
01
07
01
07
01
07
01
01
07
01
01
07
01
01
07
01
07
01
07
01
07
01
07
01
01
01
01
01
01
01
01
01
01
01
03
01
01
01
01
01
01
01
05
01
01
0C
0A
0C
09
0C
09
01
01
0C
0A
0C
09
01
01
01
01
01
01
0C
0A
01
0C
0A
01
01
01
0C
09
01
01
01
07
01
07
01
0C
0A
01
01
0C
0A
01
07
01
07
01
01
0C
0A
01
01
0C
0A
0C
09
01
01
0C
0A
0C
09
01
0C
0A
01
0C
0A
01
01
0C
0A
01
01
0C
0A
01
0C
0A
01
07
01
01
01
01
01
01
01
01
01
01
01
01
01
01
0C
0A
01
01
01
0C
0A
01
01
0C
0A
01
01
0C
09
01
01
01
06
01
01
01
01
0C
0A
01
07
01
01
0C
0A
0A
0C
0A
01
01
01
01
0C
0A
0A
01
01
01
01
07
0C
0A
01
01
01
07
01
0C
0B
01
01
01
01
0C
0B
01
01
0C
0B
01
01
01
0C
0B
01
01
0C
0B
01
01
01
0C
0B
01
0C
0B
0C
0B
01
01
0C
0B
01
01
0C
0B
01
01
0C
0A
01
0C
0A
01
01
0C
0A
01
01
0C
0A
01
01
0C
0A
01
01
01
01
0C
0A
01
0C
0A
0C
0A
01
01
0C
0A
01
01
0C
0A
01
01
01
01
01
01
0C
09
01
0A
01
01
01
01
01
0A
0C
0A
01
01
01
01
01
01
01
01
01
01
01
1000
0040
012B
0001
0137
00000038
0002
0003
00000006
2A
2B
B7012C
B1
0000
0001
0138
00000020
0003
0000
0006
004E
002D
0000
0000
0006
0123
0051
0001
0000
0006
0124
0126
0002
