09
09
09
09
0A
0A
0A
0A
07
0A
07
0A
09
07
09
0A
09
08
08
0A
0A
0A
0A
0A
0A
0A
08
0A
07
0A
09
0A
0A
0A
07
08
0A
0A
08
0A
0B
0B
0A
0A
07
0A
0A
0A
09
08
0A
07
0A
0A
0A
0A
0A
07
0A
07
0A
0A
0A
0A
0A
07
0A
07
0A
07
0A
0A
07
0A
0A
0A
0A
0A
0A
0A
0A
0A
0A
0A
09
0A
08
0A
08
08
08
08
08
08
08
08
08
08
08
08
08
08
08
08
08
08
08
08
08
08
08
08
08
08
08
08
08
08
08
08
08
08
08
08
08
08
08
08
08
08
08
08
08
08
08
08
08
08
08
07
07
07
01
07
01
07
01
07
01
01
07
01
07
01
07
01
07
01
01
01
01
01
01
01
01
03
01
03
01
03
01
03
01
08
01
01
01
08
01
08
01
08
01
08
01
08
01
08
01
08
01
01
08
01
08
01
08
01
08
01
08
01
08
01
08
01
08
01
01
08
01
08
01
01
08
01
08
01
08
01
01
01
01
01
01
01
01
01
01
01
01
01
01
01
01
01
01
01
01
01
01
01
01
01
01
01
01
01
01
01
01
01
01
01
01
01
01
07
07
01
01
01
01
01
01
07
07
01
01
01
01
01
01
01
01
01
01
01
07
07
07
07
07
07
07
01
01
01
01
07
01
01
01
01
01
01
01
01
01
01
01
01
01
01
01
01
07
01
01
01
01
01
01
01
01
01
01
01
01
01
01
01
01
01
01
01
0C
0C
0C
0C
0C
0C
0C
0C
01
01
0C
0C
01
0C
0C
0C
01
01
0C
0C
0C
0C
0C
0C
0C
01
0C
01
0C
0C
0C
0C
01
01
0C
0C
01
0C
07
0C
0C
0C
0C
01
0C
0C
0C
01
0C
01
0C
0C
0C
0C
01
01
0C
0C
0C
0C
0C
01
0C
01
0C
01
0C
0C
01
0C
0C
0C
0C
0C
0C
0C
0C
07
0C
07
0C
01
0C
01
01
01
01
01
01
01
01
01
01
01
01
01
01
01
01
01
01
01
01
01
01
01
01
01
01
01
01
01
01
01
01
01
01
01
01
01
01
01
01
01
01
01
01
01
01
01
01
01
01
01
01
01
01
01
01
01
01
01
01
01
01
01
01
01
01
01
01
01
01
01
01
01
01
01
01
01
01
01
01
01
01
01
01
01
01
01
01
01
01
01
01
01
01
01
01
01
01
01
01
01
01
01
01
01
01
01
01
01
01
01
01
01
01
01
01
01
01
01
01
01
01
01
01
01
01
01
01
01
01
01
01
01
01
01
01
01
0001
0123
0124
0002
00F0
00000053
0005
0003
00000015
2A
BB0034
59
2B
B70035
BB0034
59
2C
B70035
B6004F
B0
0000
0002
00F1
00000006
0001
0000
00B8
00F2
00000020
0003
0000
0015
00F3
00F4
0000
0000
0015
00F5
00A0
0001
0000
0015
0107
00A0
0002
0104
00000004
0001
0023
