08
08
08
08
08
08
08
08
08
08
08
08
08
08
08
08
08
08
08
08
08
08
08
08
08
08
08
01
01
01
01
01
01
01
01
01
01
01
01
01
01
01
01
01
01
01
01
01
01
01
01
01
01
01
01
01
01
01
01
01
01
01
01
01
01
01
01
01
01
01
01
01
01
01
01
01
01
01
01
01
01
01
01
01
01
01
01
01
01
01
01
01
01
01
01
01
01
01
01
01
01
01
01
01
01
01
01
01
01
01
01
08
07
07
07
07
07
07
07
07
07
07
07
07
07
07
07
07
07
07
07
07
07
01
01
01
01
01
01
01
01
01
01
01
01
01
01
01
0C
0C
0C
0C
0C
0C
0C
0C
0C
0C
0C
0C
0C
0C
0C
0C
0C
0C
0C
0C
0C
0C
0C
0C
0C
0C
0C
0C
0C
0C
09
09
09
09
09
09
09
09
09
09
09
09
09
09
09
09
09
09
09
09
0A
0A
0A
0A
0A
0A
0A
0A
0A
0A
0A
0B
0B
01
01
01
01
01
1008
003A
008C
0001
00D6
00000010
0001
0000
00000004
B200C5
B0
0000
0000
