0A
09
07
0A
09
09
09
09
09
09
09
09
09
09
09
09
09
09
07
07
01
01
01
01
01
01
01
01
01
01
01
01
01
01
03
01
01
01
01
01
01
01
01
01
01
01
01
03
01
01
01
01
01
01
01
01
01
01
01
01
01
01
01
01
01
01
01
01
01
01
01
01
01
01
01
01
01
01
01
01
01
01
01
01
01
01
01
01
01
01
01
01
01
01
01
01
01
01
01
01
01
01
01
01
01
01
01
01
01
01
01
01
01
01
01
01
01
01
01
01
01
01
0C
0C
01
0C
0C
0C
0C
0C
0C
0C
0C
0C
0C
0C
0C
0C
0C
01
01
0001
0056
0057
0001
0041
0000002F
0001
0001
00000005
2A
B40009
B0
0000
0002
0042
00000006
0001
0000
00F1
0043
0000000C
0001
0000
0005
0044
0045
0000
