0A
09
07
0A
09
09
09
09
09
09
09
09
09
09
09
09
09
08
07
07
01
01
01
01
01
01
01
01
01
01
01
01
01
01
01
01
01
01
01
01
01
01
01
01
01
01
01
01
01
01
03
01
01
01
01
01
01
01
01
01
01
01
01
01
01
01
01
01
01
01
01
01
01
01
01
01
01
01
01
01
01
01
01
01
01
01
01
01
01
01
01
01
01
01
01
01
01
01
01
01
01
01
01
01
01
01
01
01
01
01
01
0C
0C
01
0C
0C
0C
0C
0C
0C
0C
0C
0C
0C
0C
0C
0C
01
01
01
0001
0050
0051
0001
0037
0000003E
0002
0002
00000006
2A
2B
B5000A
B1
0000
0002
0038
0000000A
0002
0000
010D
0005
010E
0039
00000016
0002
0000
0006
003A
003B
0000
0000
0006
0044
0023
0001
