0A
09
09
09
09
0A
0B
0B
0B
0B
07
0B
0A
0A
07
0A
0A
08
0A
07
07
01
01
01
01
01
01
01
01
01
01
01
01
01
01
01
01
01
01
01
01
01
01
01
01
01
01
01
01
01
01
01
01
01
07
01
01
01
01
01
0C
0C
0C
0C
0C
07
0C
07
0C
07
0C
07
0C
0C
01
0C
07
0C
0C
01
0C
01
0C
01
01
01
01
01
01
01
01
01
01
01
01
01
01
01
01
01
01
01
01
01
01
0001
002D
002E
0001
0021
0000004E
0001
0001
00000013
2A
B40004
C6000D
2A
B40004
B900070100
B0
01
B0
0000
0003
0022
0000000E
0003
0000
002D
0007
002E
0011
0030
0023
0000000C
0001
0000
0013
0024
0025
0000
002F
00000003
0001
11
