01
07
01
07
01
07
01
01
07
01
07
01
01
01
01
01
01
01
01
01
01
01
01
07
01
01
0C
0A
01
01
0C
0B
01
07
01
01
01
01
01
01
0C
0A
01
01
01
01
01
0C
0A
01
01
01
01
0C
0A
01
01
01
08
01
08
01
07
01
07
08
08
08
08
08
08
08
01
01
0C
0A
01
07
01
01
0C
0A
01
07
0A
01
07
01
01
01
01
01
01
01
01
01
0001
0025
0026
0004
005B
0000004B
0002
0002
0000000E
2B
C70007
04
B80020
2A
2B
B8002A
B0
0000
0003
005C
00000003
0001
08
005D
00000006
0001
0008
0029
005E
00000016
0002
0000
000E
0023
0024
0000
0000
000E
002B
002C
0001
0058
00000006
0001
000F
0000
0059
0000000F
0002
14
00
000F
0000
16
00
00
0013
0000
005A
00000007
01
0001
0013
0000
