0A
0A
07
0A
0A
0A
0A
0A
0A
0A
0A
0A
0A
07
01
01
01
01
01
01
01
01
01
01
01
01
01
01
01
01
01
01
01
01
01
01
01
01
01
01
01
01
01
01
01
07
01
01
01
01
01
01
01
01
0C
07
01
0C
0C
0C
07
0C
07
0C
0C
0C
0C
0C
0C
01
01
01
01
01
01
01
01
01
01
01
01
01
01
01
01
01
01
01
0001
0027
0028
0002
0011
0000004F
0003
0002
00000013
2A
B60004
B8000B
2A
B60006
B60007
2B
B80008
B0
0000
0002
0012
0000000E
0003
0000
0206
0001
0207
000F
0206
0013
00000016
0002
0000
0013
0014
0017
0000
0000
0013
0020
0029
0001
0022
00000002
002A
