0A
09
0A
09
09
09
09
09
09
09
09
09
07
07
01
01
01
01
01
01
01
01
01
01
01
01
01
01
01
01
01
01
01
01
01
01
01
01
01
01
01
01
01
01
01
01
01
01
01
01
01
01
01
01
01
01
01
01
07
01
01
01
01
01
01
01
01
07
01
01
01
01
01
01
01
01
01
01
01
01
01
01
01
01
0C
07
0C
07
0C
0C
0C
0C
0C
0C
0C
0C
0C
0C
01
01
07
01
01
01
01
01
01
01
01
01
0001
004B
004C
0001
0022
0000003E
0003
0003
00000006
2A
1F
B5000A
B1
0000
0002
0023
0000000A
0002
0000
0058
0005
0059
0024
00000016
0002
0000
0006
0025
0026
0000
0000
0006
001B
001C
0001
