0A
07
0C
01
01
01
07
01
0A
09
07
0C
01
01
01
09
0C
01
07
01
0A
09
0C
01
01
0A
12
0C
01
01
09
0C
01
01
0B
07
0C
01
01
01
0A
07
0C
01
01
01
0A
0C
01
0B
0C
01
01
0A
0C
09
0C
01
01
09
0C
01
01
07
01
0A
0C
01
0B
0C
01
01
12
0C
01
07
01
0A
0C
01
0A
0C
01
01
07
01
0B
07
0C
01
01
01
07
01
01
01
01
01
01
01
01
01
01
01
01
01
01
01
01
01
01
01
01
01
01
01
01
01
01
01
01
01
01
01
01
01
01
01
01
01
01
01
01
01
01
01
01
07
01
01
01
01
01
01
01
01
0F
0A
07
0C
01
01
01
10
01
0F
0A
0C
10
0F
0A
0C
01
01
01
07
01
07
01
01
0001
007C
007D
0001
0063
0000003F
0002
0002
00000007
2A
2B
B50038
2A
B0
0000
0002
0064
0000000A
0002
0000
010B
0005
010C
0065
00000016
0002
0000
0007
0066
0067
0000
0000
0007
007E
007F
0001
