0A
08
0A
0A
08
08
08
08
09
09
09
09
09
07
0A
0A
0A
07
0A
07
0A
0A
01
01
01
01
01
01
01
01
01
01
01
01
01
01
01
01
07
01
01
01
01
01
01
01
01
01
01
01
01
01
01
01
01
01
01
01
01
01
01
01
01
01
01
01
01
01
01
01
01
01
01
01
01
01
01
01
01
01
01
01
01
01
01
0C
07
0C
07
0C
0C
0C
0C
0C
0C
01
07
0C
0C
01
07
0C
01
0C
0C
07
01
01
01
01
01
01
01
01
01
01
01
01
01
01
01
01
01
01
01
01
0001
004F
0050
0001
002E
0000006E
0005
0001
00000034
08
BD0014
59
03
2A
B40009
53
59
04
2A
B4000A
B80004
53
59
05
2A
B4000B
B80004
53
59
06
2A
B4000C
53
59
07
2A
B4000D
B80004
53
B80015
AC
0000
0002
002F
00000016
0005
0000
009E
0011
00A0
001B
00A1
002C
00A3
0030
009E
0030
0000000C
0001
0000
0034
0031
0032
0000
