09
09
09
09
09
09
09
09
09
0A
0A
07
08
07
0A
07
0A
0A
0A
0A
0A
0B
07
07
08
08
08
0A
08
08
08
08
08
08
07
07
07
01
01
07
01
07
01
07
01
07
01
07
01
07
01
07
01
01
01
01
01
01
01
01
01
01
01
01
01
01
01
01
01
01
01
01
01
01
01
01
01
01
01
01
01
01
01
01
01
01
01
01
01
01
01
01
01
01
01
01
01
01
01
01
07
01
01
01
01
0C
0C
0C
0C
0C
0C
0C
0C
0C
0C
0C
01
01
01
07
01
07
0C
07
0C
0C
07
0C
01
07
01
01
01
01
0C
01
01
01
01
01
01
01
01
01
01
01
01
01
01
01
01
01
01
01
01
01
01
01
01
01
01
01
0009
004C
0050
0001
0047
00000033
0001
0001
00000005
2A
B8000B
B1
0000
0002
0048
0000000A
0002
0000
000E
0004
0010
0049
0000000C
0001
0000
0005
004E
0051
0000
