0A
0A
0A
0A
0A
0A
0A
0A
0A
0A
0A
09
09
07
08
0A
0B
0A
07
0A
0A
0B
07
0A
0A
08
08
0A
0A
08
08
08
0A
0A
08
0A
08
08
0A
0A
0B
0B
07
0B
0B
0B
08
07
07
01
07
01
07
01
07
01
07
01
07
01
07
01
07
01
07
01
07
01
07
01
07
01
07
01
01
01
01
01
01
01
01
01
01
01
01
01
01
01
01
01
01
07
07
07
01
01
01
01
01
01
01
01
01
01
01
01
01
01
01
01
01
01
01
01
01
01
01
01
01
01
01
01
07
07
07
01
01
01
01
01
01
07
01
01
01
01
01
01
01
01
01
01
01
01
01
01
01
01
01
01
01
01
01
01
01
01
01
01
01
01
01
07
01
01
01
01
01
01
01
01
01
01
01
01
01
01
01
01
01
01
01
01
01
0C
0C
0C
0C
0C
0C
0C
0C
0C
0C
0C
0C
0C
01
01
0C
0C
0C
01
0C
0C
0C
01
0C
01
01
0C
0C
01
01
01
07
0C
07
0C
01
0C
01
01
0C
0C
07
0C
0C
01
0C
07
0C
0C
01
01
01
01
01
01
01
01
01
01
01
01
01
01
01
01
01
01
01
01
01
01
01
01
01
01
01
01
01
01
01
01
01
01
01
01
01
01
01
01
1008
00B1
009B
0001
0053
0000003A
0002
0002
00000006
2A
2B
B80004
B0
0000
0002
0054
00000006
0001
0000
002B
0055
00000016
0002
0000
0006
00A8
0073
0000
0000
0006
00A9
008E
0001
