0A
07
0C
01
01
01
08
01
0A
07
0C
01
01
01
0A
0C
01
01
07
01
0A
07
0C
01
01
01
07
01
07
01
07
01
0A
08
01
0A
0C
01
01
08
01
0A
0C
01
01
0A
0C
01
0A
0C
01
08
01
08
01
09
0C
01
01
0A
0C
01
0A
0C
01
01
09
0C
01
01
0A
0C
01
01
0A
0C
01
0A
0C
01
0A
0C
01
0A
0C
01
08
01
0A
07
0C
01
01
01
0A
07
0C
01
01
01
0A
0C
01
01
0A
07
0C
01
01
01
0A
0C
01
01
0B
07
0C
01
01
01
0B
0C
01
07
01
0A
0C
01
01
0A
07
0C
01
01
01
08
01
08
01
08
01
08
01
0A
0C
01
01
08
01
07
01
08
01
0A
0C
01
0A
0C
01
01
04
04
04
04
04
07
01
08
01
0A
0C
01
01
0A
0C
01
08
01
08
01
0A
07
0C
01
01
01
08
01
0A
0C
01
01
08
01
08
01
08
01
08
01
08
01
08
01
08
01
08
01
08
01
08
01
08
01
08
01
08
01
08
01
08
01
0A
0C
01
09
07
0C
01
01
01
08
01
08
01
0A
0C
01
01
0A
0C
01
08
01
08
01
08
01
0A
07
0C
01
01
01
0A
0C
01
07
01
03
0A
0C
01
07
01
03
0A
03
07
01
03
03
0A
0C
01
08
01
0A
0C
01
07
01
07
01
0A
0C
01
07
01
0A
0C
01
0A
0C
01
08
01
0A
07
0C
01
01
0A
0C
01
0A
0C
01
08
01
0A
08
01
07
01
0A
08
01
08
01
08
01
08
01
0A
07
0C
01
01
09
0C
01
01
08
01
08
01
08
01
08
01
08
01
08
01
08
01
08
01
08
01
08
01
08
01
0A
0C
01
01
08
01
08
01
09
07
0C
01
01
01
07
01
0A
0A
0C
01
01
08
01
09
0C
01
08
01
08
01
08
01
08
01
07
01
03
03
03
0A
0C
01
08
01
08
01
08
01
08
01
08
01
08
01
08
01
08
01
08
01
08
01
08
01
08
01
08
01
08
01
03
08
01
08
01
08
01
08
01
08
01
07
01
0A
08
01
08
01
03
08
01
08
01
08
01
08
01
09
0C
01
08
01
08
01
08
01
08
01
08
01
07
01
0A
08
01
08
01
0A
0C
01
01
08
01
08
01
08
01
08
01
08
01
08
01
08
01
08
01
08
01
08
01
08
01
08
01
08
01
08
01
08
01
08
01
08
01
08
01
08
01
08
01
08
01
08
01
08
01
08
01
08
01
08
01
08
01
08
01
08
01
08
01
08
01
08
01
08
01
08
01
08
01
08
01
08
01
08
01
08
01
08
01
08
01
08
01
08
01
08
01
08
01
08
01
08
01
0A
0C
01
01
08
01
08
01
08
01
08
01
08
01
08
01
08
01
08
01
08
01
08
01
08
01
08
01
08
01
08
01
08
01
08
01
08
01
08
01
08
01
08
01
08
01
08
01
08
01
08
01
0A
0C
01
08
01
08
01
08
01
07
01
03
0A
08
01
03
08
01
08
01
08
01
08
01
08
01
08
01
08
01
08
01
08
01
08
01
08
01
08
01
08
01
03
03
0A
03
03
0A
0C
01
08
01
08
01
08
01
08
01
08
01
08
01
0A
0C
01
01
08
01
08
01
08
01
03
03
08
01
08
01
08
01
08
01
08
01
08
01
08
01
08
01
08
01
08
01
08
01
08
01
08
01
08
01
08
01
0A
0C
01
01
08
01
0A
07
0C
01
01
01
0A
0A
0C
01
01
07
01
0A
0C
01
0A
07
0C
01
01
01
07
01
07
01
0A
0C
01
0A
0C
01
08
01
08
01
08
01
0A
0C
01
01
0A
0C
01
0B
07
0C
01
01
0A
0C
01
01
08
01
0A
0C
01
01
0A
0C
01
01
0A
0C
01
01
0B
0C
01
08
01
08
01
01
01
01
05
01
01
08
01
01
08
01
01
08
01
01
08
01
01
01
01
01
01
01
01
01
01
01
01
01
01
01
01
01
01
01
01
01
01
01
01
01
01
01
01
01
01
01
01
01
01
01
01
01
01
01
01
01
01
01
01
01
01
01
01
01
01
01
01
01
01
01
01
01
01
01
01
01
01
01
01
01
01
07
01
01
01
01
01
01
01
07
07
01
01
01
01
01
01
01
01
01
01
01
01
01
01
01
01
01
01
01
01
07
01
01
01
01
07
01
01
0004
0050
004A
0001
033A
00000391
000A
0015
000001DC
2A
B6009D
4D
12A1
46
12A2
3804
12A3
3805
12A4
3806
12A4
3807
12A5
3808
03
3609
04
360A
BB00A6
59
12A8
01
04
BD0060
59
03
2C
1509
1704
B600AA
53
B700AE
3A0B
BB00A6
59
12A8
01
04
BD0060
59
03
2C
150A
1704
B600AA
53
B700AE
3A0C
BB00A6
59
12A8
01
04
BD0060
59
03
2C
1509
1706
B600AA
53
B700AE
3A0D
BB00A6
59
12A8
01
04
BD0060
59
03
2C
150A
1706
B600AA
53
B700AE
3A0E
BB00A6
59
12A8
01
04
BD0060
59
03
2C
1509
1708
B600AA
53
B700AE
3A0F
2C
3A10
BB00A6
59
12A8
01
04
BD0060
59
03
2C
1509
1707
B600AA
53
B700AE
3A11
BB00A6
59
12A8
01
04
BD0060
59
03
2C
1509
1705
B600AA
53
B700AE
3A12
BB00A6
59
12A8
01
04
BD0060
59
03
2C
1509
25
B600AA
53
B700AE
3A13
12B1
12B3
B800B5
12BB
B600BD
990017
190D
3A12
190D
3A0B
190E
3A0C
190D
3A13
190D
3A10
101E
BD0060
59
03
12C1
53
59
04
190B
53
59
05
12C3
53
59
06
190C
53
59
07
12C5
53
59
08
190D
53
59
1006
12C7
53
59
1007
190E
53
59
1008
12C9
53
59
1009
190F
53
59
100A
12CB
53
59
100B
190F
53
59
100C
12CD
53
59
100D
1910
53
59
100E
12CF
53
59
100F
1911
53
59
1010
12D1
53
59
1011
1912
53
59
1012
12D3
53
59
1013
1913
53
59
1014
12D5
53
59
1015
1912
53
59
1016
12D7
53
59
1017
190B
53
59
1018
12D9
53
59
1019
190D
53
59
101A
12DB
53
59
101B
190D
53
59
101C
12DD
53
59
101D
190D
53
3A14
2A
2B
1914
B600DF
B1
0000
0003
033B
0000008E
0023
0000
00D3
0005
00D8
0008
00D9
000C
00DA
0010
00DB
0014
00DC
0018
00DD
001C
00DE
001F
00DF
0022
00E2
0034
00E3
003D
00E6
004F
00E7
0058
00ED
006A
00EE
0073
00F2
0085
00F3
008E
00F6
00A0
00F7
00A9
0102
00AC
0108
00BE
0109
00C7
010C
00D9
010D
00E2
0110
00F3
0111
00FC
0114
010B
0115
010F
0116
0113
0117
0117
0119
011B
011A
011F
011D
01D4
0127
01DB
0128
033C
000000D4
0015
0000
01DC
033F
0340
0000
0000
01DC
0348
0046
0001
0005
01D7
034F
0350
0002
0008
01D4
0351
0352
0003
000C
01D0
0353
0352
0004
0010
01CC
0354
0352
0005
0014
01C8
0355
0352
0006
0018
01C4
0356
0352
0007
001C
01C0
0357
0352
0008
001F
01BD
0358
0359
0009
0022
01BA
035A
0359
000A
003D
019F
035B
035C
000B
0058
0184
035D
035C
000C
0073
0169
035E
035C
000D
008E
014E
035F
035C
000E
00A9
0133
0360
035C
000F
00AC
0130
0361
035C
0010
00C7
0115
0362
035C
0011
00E2
00FA
0363
035C
0012
00FC
00E0
0364
035C
0013
01D4
0008
034D
034E
0014
0342
00000035
0001
FF
011F
0014
07
0016
07
0083
07
0096
02
02
02
02
02
02
01
01
07
0060
07
0060
07
0060
07
0060
07
0060
07
0060
07
0060
07
0060
07
0060
0000
