0A
07
0C
01
01
01
08
01
0A
07
0C
01
01
01
0A
0C
01
01
07
01
0A
07
0C
01
01
01
07
01
07
01
07
01
0A
08
01
0A
0C
01
01
08
01
0A
0C
01
01
0A
0C
01
0A
0C
01
08
01
08
01
09
0C
01
01
0A
0C
01
0A
0C
01
01
09
0C
01
01
0A
0C
01
01
0A
0C
01
0A
0C
01
0A
0C
01
0A
0C
01
08
01
0A
07
0C
01
01
01
0A
07
0C
01
01
01
0A
0C
01
01
0A
07
0C
01
01
01
0A
0C
01
01
0B
07
0C
01
01
01
0B
0C
01
07
01
0A
0C
01
01
0A
07
0C
01
01
01
08
01
08
01
08
01
08
01
0A
0C
01
01
08
01
07
01
08
01
0A
0C
01
0A
0C
01
01
04
04
04
04
04
07
01
08
01
0A
0C
01
01
0A
0C
01
08
01
08
01
0A
07
0C
01
01
01
08
01
0A
0C
01
01
08
01
08
01
08
01
08
01
08
01
08
01
08
01
08
01
08
01
08
01
08
01
08
01
08
01
08
01
08
01
0A
0C
01
09
07
0C
01
01
01
08
01
08
01
0A
0C
01
01
0A
0C
01
08
01
08
01
08
01
0A
07
0C
01
01
01
0A
0C
01
07
01
03
0A
0C
01
07
01
03
0A
03
07
01
03
03
0A
0C
01
08
01
0A
0C
01
07
01
07
01
0A
0C
01
07
01
0A
0C
01
0A
0C
01
08
01
0A
07
0C
01
01
0A
0C
01
0A
0C
01
08
01
0A
08
01
07
01
0A
08
01
08
01
08
01
08
01
0A
07
0C
01
01
09
0C
01
01
08
01
08
01
08
01
08
01
08
01
08
01
08
01
08
01
08
01
08
01
08
01
0A
0C
01
01
08
01
08
01
09
07
0C
01
01
01
07
01
0A
0A
0C
01
01
08
01
09
0C
01
08
01
08
01
08
01
08
01
07
01
03
03
03
0A
0C
01
08
01
08
01
08
01
08
01
08
01
08
01
08
01
08
01
08
01
08
01
08
01
08
01
08
01
08
01
03
08
01
08
01
08
01
08
01
08
01
07
01
0A
08
01
08
01
03
08
01
08
01
08
01
08
01
09
0C
01
08
01
08
01
08
01
08
01
08
01
07
01
0A
08
01
08
01
0A
0C
01
01
08
01
08
01
08
01
08
01
08
01
08
01
08
01
08
01
08
01
08
01
08
01
08
01
08
01
08
01
08
01
08
01
08
01
08
01
08
01
08
01
08
01
08
01
08
01
08
01
08
01
08
01
08
01
08
01
08
01
08
01
08
01
08
01
08
01
08
01
08
01
08
01
08
01
08
01
08
01
08
01
08
01
08
01
08
01
08
01
08
01
08
01
08
01
0A
0C
01
01
08
01
08
01
08
01
08
01
08
01
08
01
08
01
08
01
08
01
08
01
08
01
08
01
08
01
08
01
08
01
08
01
08
01
08
01
08
01
08
01
08
01
08
01
08
01
08
01
0A
0C
01
08
01
08
01
08
01
07
01
03
0A
08
01
03
08
01
08
01
08
01
08
01
08
01
08
01
08
01
08
01
08
01
08
01
08
01
08
01
08
01
03
03
0A
03
03
0A
0C
01
08
01
08
01
08
01
08
01
08
01
08
01
0A
0C
01
01
08
01
08
01
08
01
03
03
08
01
08
01
08
01
08
01
08
01
08
01
08
01
08
01
08
01
08
01
08
01
08
01
08
01
08
01
08
01
0A
0C
01
01
08
01
0A
07
0C
01
01
01
0A
0A
0C
01
01
07
01
0A
0C
01
0A
07
0C
01
01
01
07
01
07
01
0A
0C
01
0A
0C
01
08
01
08
01
08
01
0A
0C
01
01
0A
0C
01
0B
07
0C
01
01
0A
0C
01
01
08
01
0A
0C
01
01
0A
0C
01
01
0A
0C
01
01
0B
0C
01
08
01
08
01
01
01
01
05
01
01
08
01
01
08
01
01
08
01
01
08
01
01
01
01
01
01
01
01
01
01
01
01
01
01
01
01
01
01
01
01
01
01
01
01
01
01
01
01
01
01
01
01
01
01
01
01
01
01
01
01
01
01
01
01
01
01
01
01
01
01
01
01
01
01
01
01
01
01
01
01
01
01
01
01
01
01
07
01
01
01
01
01
01
01
07
07
01
01
01
01
01
01
01
01
01
01
01
01
01
01
01
01
01
01
01
01
07
01
01
01
01
07
01
01
0004
009F
00A0
0001
033A
00000037
0005
0001
0000000D
BB0096
59
1298
03
100D
B7009A
B0
0000
0002
033B
00000006
0001
0000
00CF
033C
0000000C
0001
0000
000D
033F
0340
0000
