0A
07
09
09
09
0A
08
0A
07
0A
08
09
0A
0A
07
07
0A
07
0A
07
07
01
01
01
01
01
01
01
01
01
01
01
01
01
01
01
01
01
01
01
01
01
01
01
01
01
07
01
01
01
01
01
01
01
01
01
07
01
01
0C
01
0C
0C
0C
0C
07
0C
01
0C
0C
07
0C
0C
07
01
01
0C
01
01
0C
01
07
01
01
01
01
01
01
01
01
01
01
01
01
01
01
01
0004
001C
001D
0001
001E
00000053
0002
0002
00000013
2A
B70001
2A
1006
BD0002
B50003
2A
1B
B50004
B1
0000
0002
001F
00000012
0004
0000
02AA
0004
02A6
000D
02AB
0012
02AC
0020
00000016
0002
0000
0013
0021
0024
0000
0000
0013
0016
0017
0001
