0A
09
0A
0A
07
0B
0A
0A
0A
0A
0A
0A
0A
07
07
01
01
01
01
01
01
01
01
01
01
01
01
01
01
01
01
01
01
01
01
01
01
01
01
01
01
01
01
01
01
01
01
01
01
01
01
01
01
01
01
01
07
01
01
07
01
01
01
01
01
01
0C
0C
0C
07
0C
01
0C
0C
07
0C
0C
0C
0C
0C
01
01
07
01
01
01
01
01
01
01
01
01
01
0001
001B
001C
0002
0014
0000005E
0002
0002
00000014
2A
B40002
B80004
C00005
B900060100
2B
B60007
B0
0000
0003
0015
0000000A
0002
0000
0C7B
0010
0C7C
0016
00000016
0002
0000
0014
0017
001A
0000
0000
0014
001D
001E
0001
001F
0000000C
0001
0000
0014
001D
0020
0001
0021
00000002
0022
