09
07
0C
01
01
01
09
0C
01
01
09
0C
01
01
09
0C
01
09
0C
01
0A
07
0C
01
01
01
07
01
0A
0B
07
0C
01
01
01
07
01
0B
0C
01
01
07
01
0A
0C
01
0A
0C
01
07
01
0A
0C
01
0A
0C
01
01
0A
0C
01
01
01
01
01
01
01
01
01
01
01
01
01
01
01
01
01
01
01
01
01
01
01
01
01
01
01
01
01
01
01
01
01
07
01
0011
0011
0047
0002
0040
0000003F
0002
0002
00000007
2A
2B
B5000F
2A
B0
0000
0002
0041
0000000A
0002
0000
00DF
0005
00E0
0042
00000016
0002
0000
0007
0043
0044
0000
0000
0007
0046
0006
0001
0048
00000007
01
0001
003F
0000
