01
07
01
07
01
07
01
01
07
01
01
07
01
07
01
07
01
01
07
01
07
01
01
07
01
01
07
01
01
07
01
07
01
07
01
07
01
01
05
01
01
03
01
01
01
03
01
01
01
01
01
01
01
01
01
01
01
0C
0A
0C
09
01
01
01
01
01
0C
0A
01
01
0A
01
01
01
01
01
07
01
01
0C
09
01
01
01
01
0C
09
01
01
0C
0A
01
01
0C
09
01
01
01
07
01
0C
0A
01
01
01
07
01
0C
09
01
01
01
01
01
01
07
0C
0A
01
07
01
01
0C
0A
0C
0A
01
01
0C
0A
01
07
0C
0A
01
01
01
01
01
0C
09
01
01
0C
0A
0C
0A
01
01
01
0C
0A
0C
0A
0A
0C
0A
0A
01
01
01
01
01
0C
09
0C
0A
01
07
0C
0A
0A
0A
01
01
01
01
07
0C
09
01
07
01
0C
0B
01
01
01
01
0C
0B
01
01
01
01
0C
0B
01
01
01
0C
0B
01
01
0C
0B
01
01
01
0C
0B
01
01
01
0C
0A
01
01
01
01
0C
0A
01
01
0C
0A
0C
0A
01
01
0C
0A
01
01
01
0C
0A
01
01
01
0C
0A
0C
09
01
0C
0A
01
01
0C
0A
01
01
0C
0A
01
01
0C
0A
01
01
01
01
01
01
01
01
01
01
0C
0A
01
0C
0A
01
01
0C
0A
01
01
0A
01
01
01
01
01
01
01
0A
01
01
01
01
01
01
01
01
01
01
1044
00EF
010E
0001
0125
00000030
0002
0002
00000006
2A
2B
B60110
B0
0000
0002
0126
00000006
0001
0000
000F
0127
0000000C
0001
0000
0006
003F
0034
0000
