0A
09
09
09
09
09
09
09
07
0A
0B
09
09
09
09
09
07
0A
0B
0B
0A
07
0A
07
0A
07
0A
08
0A
08
0A
08
08
08
08
08
08
08
08
08
08
08
08
08
0A
08
0A
08
0A
09
0A
07
08
0A
0A
0A
0A
08
0A
0A
0A
08
0A
08
0A
0A
08
0A
0A
0A
08
08
0A
0A
0A
07
0A
09
0A
08
08
08
08
08
08
08
08
07
01
01
01
01
01
01
01
01
01
01
01
01
01
01
01
01
01
01
01
01
01
01
01
01
01
01
01
01
01
01
01
01
01
01
01
01
01
01
01
01
01
01
01
01
01
01
01
01
01
01
01
01
01
01
01
01
01
01
01
01
01
01
01
01
01
01
01
01
01
01
01
01
01
01
01
01
01
01
01
01
01
01
01
01
01
01
01
01
01
01
01
01
01
01
01
01
01
01
01
01
01
01
01
01
01
01
01
01
01
01
01
01
01
01
01
01
01
01
01
01
01
01
07
07
01
07
01
01
01
01
01
01
0C
0C
0C
0C
0C
0C
0C
0C
01
07
0C
0C
0C
0C
0C
0C
01
07
0C
0C
0C
01
07
0C
01
0C
01
01
0C
01
0C
01
01
01
01
01
01
01
01
01
01
01
01
01
0C
01
01
07
0C
0C
0C
01
01
0C
0C
07
0C
0C
0C
0C
01
0C
0C
01
0C
0C
07
0C
01
07
0C
07
0C
0C
01
0C
01
01
01
01
01
01
01
01
01
01
01
01
01
01
01
01
01
01
01
01
01
01
01
01
01
01
01
01
01
01
01
01
01
01
01
01
01
01
01
01
01
01
01
0001
008A
008B
0002
0084
0000002F
0001
0001
00000005
2A
B40002
B0
0000
0002
0085
00000006
0001
0000
0077
0086
0000000C
0001
0000
0005
0087
0088
0000
005F
00000006
0001
008C
0000
