01
07
01
01
07
01
07
01
01
0C
0A
01
01
01
01
01
01
01
07
01
0C
0A
01
01
01
01
0C
09
01
07
01
01
07
01
07
01
01
0C
09
01
07
01
0C
09
01
07
01
01
0C
0A
01
01
01
08
01
07
01
01
0C
0A
0C
0A
01
07
01
01
0C
0B
01
07
01
01
0C
0B
01
01
0C
0B
01
07
01
01
0C
0B
01
07
01
01
0C
0B
01
01
0C
0B
01
07
01
0C
0A
01
01
0C
0B
01
07
01
0C
0A
01
01
01
01
08
01
08
01
07
01
0C
0B
01
01
0C
0A
01
07
0B
01
01
01
0C
0A
01
0C
0A
01
01
0A
0C
09
01
07
01
08
01
0C
0A
01
08
01
01
0C
0A
01
08
01
08
01
08
01
08
01
01
01
01
01
01
01
01
01
01
01
01
01
03
03
03
01
01
03
01
01
01
01
01
01
01
01
01
01
01
01
01
01
01
01
01
01
01
01
01
01
1041
0033
0082
0001
00C1
0000003A
0002
0002
00000006
2A
2B
B60084
B0
0000
0002
00C2
00000006
0001
0000
00E2
00C3
00000016
0002
0000
0006
000C
000D
0000
0000
0006
0035
006D
0001
