0A
07
0A
09
07
0A
09
07
0A
0B
0B
0B
07
0A
08
0A
0A
0B
0B
07
09
0A
0A
0B
0B
0A
07
0A
0A
09
09
07
0A
07
07
07
01
01
01
01
01
01
01
01
01
01
01
01
01
01
01
01
01
01
01
01
01
01
01
01
01
01
01
01
01
01
01
01
01
01
01
07
07
07
07
01
01
01
01
01
01
01
01
01
01
01
01
01
07
01
01
01
01
01
01
01
01
0C
01
0C
01
0C
01
07
0C
07
0C
0C
01
0C
01
0C
0C
07
0C
0C
01
0C
0C
0C
0C
0C
0C
01
0C
07
0C
0C
0C
01
07
0C
01
01
01
01
01
01
01
01
01
01
01
01
01
01
01
01
01
01
01
01
01
01
01
01
01
01
01
01
01
01
01
01
01
01
01
0001
0054
0055
0002
0036
000000BE
0002
0005
00000032
2A
2B
B50015
BB0002
59
B70003
4D
2B
B9000A0100
4E
2D
B9000B0100
990017
2D
B9000C0100
C00020
3A04
1904
2C
B80021
A7FFE6
B1
0000
0004
0037
0000001A
0006
0000
007C
0005
007E
000D
007F
0028
0080
002E
0081
0031
0082
0038
0000002A
0004
0028
0006
0056
0057
0004
0000
0032
0039
003A
0000
0000
0032
0032
0027
0001
000D
0025
0058
0027
0002
0046
00000016
0002
0000
0032
0032
0033
0001
000D
0025
0058
0029
0002
0047
0000000E
0002
FD
0014
07
0059
07
0049
FA
001C
0028
00000002
005A
