01
07
01
07
01
01
01
01
01
01
01
01
01
01
01
01
01
01
01
07
01
0C
0A
0C
09
0C
09
01
07
01
0C
0A
01
0C
0A
0C
09
0C
0A
0C
09
01
08
01
07
01
01
0C
0A
01
08
01
07
01
07
01
01
0C
0A
01
07
01
01
0C
0A
01
07
01
07
01
07
01
01
0C
0A
0C
09
0C
09
01
01
01
01
01
01
01
01
01
01
01
01
01
01
0C
0A
01
01
01
01
01
01
01
01
01
01
08
01
01
0C
0A
01
01
0C
0A
01
07
01
01
0C
0A
01
07
01
0C
09
01
07
01
01
0C
09
01
08
01
07
01
01
0C
0A
01
07
01
01
0C
0A
01
07
01
07
0A
01
08
01
01
0C
0A
01
0C
0A
01
08
01
0C
0A
01
01
0C
0A
0A
01
01
0C
0A
01
07
01
0C
0A
01
01
01
01
0A
01
07
01
08
01
0C
0A
01
08
0A
01
01
01
01
01
0001
0067
0068
0001
00C2
00000062
0008
0006
00000010
2A
2A
B40025
126A
1B
1C
21
1505
B7005F
B0
0000
0002
00C3
00000034
0005
0000
0010
0052
0053
0000
0000
0010
0061
0009
0001
0000
0010
0062
0009
0002
0000
0010
0063
0064
0003
0000
0010
0065
0009
0005
00C4
00000006
0001
0000
0074
