07
08
0A
07
0A
0A
07
0A
0B
0A
0A
0A
07
01
01
01
01
01
01
01
01
01
01
01
01
01
01
01
01
01
01
01
01
01
01
01
01
01
01
01
01
01
01
01
01
01
01
01
0C
01
07
0C
0C
01
0C
07
0C
0C
0C
0C
01
01
01
01
01
01
01
01
01
01
01
01
01
01
0081
0018
001E
0002
0013
00000085
0006
0004
00000023
BB0007
59
B70008
4E
2B
2D
B900090200
2A
04
BD0004
59
03
2D
B6000A
2C
B80005
53
B60006
B0
0000
0003
0014
0000000E
0003
0000
0036
0008
0037
000F
0038
0015
0000002A
0004
0000
0023
0016
0017
0000
0000
0023
001F
0020
0001
0000
0023
001C
001D
0002
0008
001B
0021
0022
0003
0023
0000000C
0001
0000
0023
001F
0024
0001
0025
00000002
0026
