0A
0A
09
0A
09
09
09
09
09
0A
0A
07
0A
08
0A
0A
08
07
0A
0A
08
0A
08
0A
07
07
01
01
01
01
01
01
01
01
01
01
01
01
01
01
01
01
01
01
01
01
01
01
01
01
07
07
07
07
01
01
01
01
01
01
01
01
01
01
01
01
01
01
01
01
01
01
0C
07
0C
0C
07
0C
0C
0C
0C
0C
0C
07
0C
07
0C
01
01
0C
0C
01
01
0C
0C
01
0C
01
0C
01
01
01
01
01
01
01
01
01
01
01
01
01
01
01
01
01
0001
003A
003B
0001
002B
00000041
0002
0001
00000005
2A
B40003
AD
0000
0003
002C
00000006
0001
0000
006D
002D
0000000C
0001
0000
0005
002E
002F
0000
0030
0000000C
0001
0000
0005
002E
0031
0000
