0A
09
09
09
09
09
09
09
09
0A
09
07
0A
0A
0A
0A
0A
0A
0A
0A
0A
0A
0A
0A
0A
0A
0A
12
07
01
01
01
01
01
01
01
01
01
01
01
01
01
01
01
01
01
01
01
01
01
01
01
01
01
01
01
01
01
01
01
01
01
01
01
01
01
01
01
01
01
01
01
01
01
01
01
01
01
01
01
01
01
01
01
01
01
01
01
01
01
01
01
01
01
01
01
01
01
01
01
01
01
01
01
01
0C
0C
0C
0C
0C
0C
0C
0C
0C
07
0C
0C
01
0C
0C
0C
0C
0C
0C
0C
0C
07
0C
0C
0C
0C
0C
0C
0C
01
0F
08
0C
01
01
01
01
01
01
01
01
0A
01
01
01
07
0C
01
07
01
01
01
07
01
01
0001
0043
0040
0002
002F
0000002F
0002
0001
00000005
2A
B4000B
AD
0000
0002
0030
00000006
0001
0000
0011
0031
0000000C
0001
0000
0005
0032
0033
0000
0036
00000006
0001
0037
0000
