0A
09
09
09
09
05
07
08
0A
08
09
09
0B
0A
07
05
05
0A
0B
0A
0A
07
0A
08
07
0A
0B
07
0A
08
07
06
06
06
0A
07
0A
0A
0A
0A
07
07
01
01
01
01
01
01
01
01
01
01
01
01
01
01
01
01
01
01
01
01
07
01
01
01
01
01
01
01
01
01
01
01
01
01
01
01
01
01
01
01
01
01
01
01
01
01
01
01
01
01
01
01
01
01
01
01
01
01
01
01
01
07
01
01
01
01
01
01
01
01
01
01
01
0C
0C
0C
0C
0C
01
01
0C
01
0C
0C
0C
07
0C
01
0C
0C
0C
0C
01
0C
01
01
07
0C
01
0C
01
01
0C
01
0C
0C
0C
0C
01
01
01
01
01
01
01
01
01
01
01
01
01
01
01
1041
0048
0076
0001
003C
00000045
0002
0002
00000009
2A
2B
C0002A
B6002E
AD
0000
0003
003D
00000006
0001
0000
0031
003E
0000000C
0001
0000
0009
003F
0040
0000
0042
0000000C
0001
0000
0009
003F
0043
0000
