0A
09
09
09
0A
07
0A
0A
0A
0A
07
0A
0A
07
0A
08
0A
08
0A
08
08
08
0A
08
0A
08
0A
07
01
01
01
05
01
01
08
01
01
01
01
01
01
08
01
01
01
01
01
01
01
01
01
01
01
01
01
01
01
01
01
01
01
01
01
01
01
01
01
01
07
01
01
01
01
01
01
01
01
01
01
01
01
01
01
01
01
01
01
01
01
01
01
0C
07
0C
0C
0C
0C
01
07
0C
07
0C
0C
0C
01
0C
07
0C
01
01
0C
01
0C
01
01
01
0C
01
01
07
0C
01
01
01
01
01
01
01
01
01
01
01
01
01
01
01
01
01
01
01
01
01
01
0002
0059
005A
0001
0030
00000058
0003
0002
00000013
2B
C70006
1218
B0
2B
B60019
1214
121A
B6001B
B0
0000
0003
0031
0000000E
0003
0000
0082
0004
0083
0007
0085
0032
00000016
0002
0000
0013
0033
0034
0000
0000
0013
0042
0043
0001
0045
00000003
0001
07
