0A
09
09
09
09
0A
07
0A
07
0A
07
0A
08
0A
08
0A
08
08
08
08
08
0A
08
0A
08
0A
0A
08
12
08
08
07
08
0A
0A
08
0A
09
0A
08
08
0A
0A
0A
0A
08
0A
12
0A
0A
08
0A
01
01
01
08
01
01
08
01
01
08
01
01
01
08
01
01
01
01
01
01
01
01
01
01
01
01
01
01
01
01
01
07
01
01
01
01
01
01
01
01
01
01
01
01
01
01
01
01
01
01
01
01
01
01
01
01
01
01
01
01
01
01
01
01
01
01
01
01
01
01
01
07
01
01
01
0C
0C
0C
0C
0C
0C
01
07
0C
01
0C
01
01
0C
01
0C
01
01
01
01
01
0C
01
01
0C
0C
01
01
0F
08
0C
01
01
01
01
0C
0C
01
0C
07
0C
07
0C
01
01
0C
0C
0C
0C
01
0C
08
0C
07
0C
01
07
01
01
01
01
01
01
01
01
01
01
01
01
0A
01
01
01
01
01
01
01
01
01
01
01
01
01
01
01
01
01
01
01
07
0C
01
07
01
01
07
01
01
0001
0063
0064
0002
0047
0000002F
0001
0001
00000005
2A
B40005
B0
0000
0002
0048
00000006
0001
0000
0094
0049
0000000C
0001
0000
0005
004A
004B
0000
004F
0000001A
0003
0050
0000
0051
0001
00010052
73
0043
0053
0001
00010052
65
0057
0058
