09
09
0A
09
0A
0A
09
07
0A
07
0A
0A
0A
07
0A
0A
0A
07
0B
0A
0A
0A
0A
07
0A
07
0A
09
09
07
0A
0B
0B
07
07
0A
0A
09
0A
0A
0A
0A
0B
0A
09
0A
0A
0A
0B
0A
09
0B
0B
0B
0B
0B
0B
0A
0A
0A
0A
0A
0A
0A
09
0A
0A
0A
0A
0A
0A
0A
07
0A
07
07
01
01
01
01
01
05
01
01
03
01
01
01
01
01
01
01
01
01
01
01
01
07
01
01
01
01
01
01
01
01
01
01
01
01
07
01
01
01
01
01
01
01
01
01
01
01
01
01
01
01
01
01
01
01
07
01
01
07
07
07
01
01
07
01
01
01
07
01
01
01
01
01
01
01
01
01
01
01
01
01
01
01
01
01
01
01
01
01
01
01
01
01
01
01
01
01
01
01
01
01
01
01
01
01
01
01
01
01
01
01
01
01
01
01
01
01
01
01
01
01
07
01
01
01
01
01
01
01
01
01
01
01
01
07
01
01
07
01
01
01
01
01
01
01
01
01
01
01
01
0C
0C
0C
0C
0C
07
0C
0C
01
01
07
0C
0C
01
0C
0C
01
07
0C
0C
0C
0C
0C
01
0C
01
0C
07
0C
0C
01
0C
0C
0C
01
01
07
0C
0C
0C
0C
0C
0C
0C
0C
0C
07
0C
0C
0C
07
0C
0C
0C
0C
0C
0C
0C
0C
0C
0C
0C
0C
0C
0C
0C
0C
0C
0C
0C
0C
01
01
01
01
01
01
01
01
01
07
01
01
01
07
01
01
01
01
01
01
01
01
01
01
01
01
01
01
01
01
01
01
01
01
01
01
01
01
01
01
01
01
01
01
01
01
01
01
01
01
01
01
01
01
01
01
01
01
01
01
01
01
01
01
01
01
01
01
01
01
0001
00D2
00CD
0001
0065
0000002E
0001
0001
00000004
B20041
B0
0000
0002
0066
00000006
0001
0000
02FE
0067
0000000C
0001
0000
0004
0068
005E
0000
