0A
09
09
0A
0A
07
07
0A
0A
0A
0A
07
0A
0A
0A
07
0A
08
0A
0B
08
0B
08
0B
08
0B
08
0B
07
07
01
01
01
01
01
01
01
01
01
01
01
01
01
01
01
01
01
01
01
07
01
01
01
01
01
01
01
01
01
01
01
01
01
01
01
01
01
01
01
01
01
01
01
01
01
01
01
01
01
01
01
01
01
01
01
01
01
01
01
01
01
01
0C
0C
0C
0C
0C
01
01
0C
07
0C
0C
0C
01
0C
0C
0C
01
01
0C
07
0C
01
0C
01
0C
01
0C
01
0C
01
01
07
01
01
01
01
01
01
01
01
01
01
01
01
01
01
01
0001
0026
0027
0002
0028
00000075
0002
0003
0000000F
2A
B70001
2A
2B
B50002
2A
2C
B50003
B1
0000
0003
0029
00000012
0004
0000
002E
0004
002F
0009
0030
000E
0031
002A
00000020
0003
0000
000F
002B
002C
0000
0000
000F
0020
0021
0001
0000
000F
0024
0025
0002
002D
00000016
0002
0000
000F
002B
002E
0000
0000
000F
0020
0023
0001
0022
00000002
002F
