09
09
0A
0A
0A
0A
0A
07
07
0A
0B
08
0A
0B
07
0A
0B
0A
07
07
07
01
01
01
01
01
01
01
01
01
01
01
01
01
01
01
01
01
01
01
01
01
01
01
01
01
07
07
07
07
07
01
01
01
01
01
01
01
07
0C
0C
0C
0C
0C
07
0C
07
0C
0C
01
01
0C
07
0C
01
0C
0C
01
0C
0C
0C
01
01
01
01
01
01
01
01
01
01
01
01
01
01
01
01
01
01
01
01
01
01
01
01
01
01
01
01
01
1041
0023
0036
0001
001C
00000042
0002
0002
00000006
2A
2B
B60012
B0
0000
0003
001D
00000006
0001
0000
0048
001E
0000000C
0001
0000
0006
001F
0021
0000
0022
0000000C
0001
0000
0006
001F
0021
0000
