0A
0A
09
07
0A
0A
0A
0A
07
0A
0A
0A
0A
08
0A
0A
0A
07
0A
0A
0A
07
07
01
01
01
07
01
01
01
01
01
01
01
01
01
01
01
01
01
01
01
01
01
01
01
01
01
01
01
01
01
01
07
01
07
01
01
01
01
01
01
01
01
07
01
01
01
0C
07
0C
0C
01
0C
07
0C
07
0C
0C
01
07
0C
0C
0C
0C
0C
0C
01
0C
0C
0C
01
01
01
01
01
01
01
01
01
01
01
01
01
01
01
01
01
01
01
01
01
01
01
01
01
01
0001
002E
002F
0001
0021
00000043
0004
0001
00000019
05
BD0004
59
03
2A
B70005
B80006
53
59
04
2A
B40003
53
B80007
AC
0000
0002
0022
00000006
0001
0000
0034
0023
0000000C
0001
0000
0019
0024
0025
0000
