01
07
01
07
01
07
01
01
07
01
01
0C
01
01
01
01
01
01
01
01
01
01
0C
0A
0C
09
01
01
01
01
01
01
01
01
07
01
01
0C
0A
01
08
03
01
07
01
01
0C
0A
0F
01
01
0C
12
01
08
01
01
0C
12
01
01
01
01
0C
0A
01
01
01
07
01
01
0C
0A
01
07
01
01
0C
0A
0C
09
01
07
01
01
0C
0A
01
0C
0A
01
01
01
07
01
0C
0A
01
01
01
01
01
01
01
01
01
0001
0020
0021
0001
0062
00000047
0002
0002
00000013
2B
2A
B4001A
B60027
BA00350000
BA003B0000
B0
0000
0002
0064
00000006
0001
0000
0212
0063
00000016
0002
0000
0013
001B
001C
0000
0000
0013
003C
001E
0001
