0A
08
0A
07
0A
07
0B
07
0A
07
07
0A
09
09
0A
07
0A
08
12
0A
07
08
12
12
0A
0B
0A
0B
07
0B
12
08
08
0A
0A
07
07
0B
07
0A
0A
0A
0B
07
0A
12
0B
12
0B
12
0A
0A
08
08
0A
0A
07
07
09
08
0A
0A
08
0A
0A
09
12
12
12
0A
0A
07
0A
07
01
01
01
01
01
01
01
01
01
01
01
01
01
01
01
01
01
01
01
01
01
01
01
01
01
01
01
01
01
01
01
01
01
01
01
01
01
01
01
01
01
01
01
01
01
01
01
01
01
01
01
01
07
07
07
07
01
01
01
01
01
01
01
01
01
01
01
01
01
01
01
01
01
01
01
01
01
01
01
01
01
01
0C
07
0C
01
07
0C
01
0C
0C
01
01
0C
07
0C
0C
0C
01
0C
01
0F
10
0F
10
0C
0C
01
0F
0F
0C
07
0C
0C
07
0C
07
0C
01
0F
07
0C
0C
01
01
01
0C
0C
0C
0C
01
0C
10
0F
10
0C
0C
0F
10
0C
0C
0F
10
0C
0C
07
0C
01
01
07
0C
07
0C
01
01
0C
01
0C
07
0C
01
07
0C
0C
0C
0F
0F
0F
0C
0C
01
07
0C
01
01
01
01
01
01
01
01
01
01
01
01
01
01
01
01
01
01
01
01
01
01
01
0A
01
0A
01
01
01
0A
0A
01
01
01
01
01
01
01
01
01
01
01
01
0A
01
01
01
01
01
01
01
01
01
01
01
0A
01
01
01
01
01
0A
01
01
01
0A
01
01
01
01
01
01
01
01
01
01
01
01
01
01
01
01
01
01
01
01
01
0A
0A
0A
01
01
01
01
01
01
07
0C
0C
0C
0C
0C
0C
0C
0C
0C
0C
0C
01
01
07
01
01
01
07
01
01
100A
0099
0098
0001
004F
0000003A
0002
0002
00000006
2B
2A
B60047
B0
0000
0002
0050
00000006
0001
0000
0057
0051
00000016
0002
0000
0006
0063
0064
0000
0000
0006
0086
0087
0001
