0A
08
0A
07
0A
07
0B
07
0A
07
07
0A
09
09
0A
07
0A
08
12
0A
07
08
12
12
0A
0B
0A
0B
07
0B
12
08
08
0A
0A
07
07
0B
07
0A
0A
0A
0B
07
0A
12
0B
12
0B
12
0A
0A
08
08
0A
0A
07
07
09
08
0A
0A
08
0A
0A
09
12
12
12
0A
0A
07
0A
07
01
01
01
01
01
01
01
01
01
01
01
01
01
01
01
01
01
01
01
01
01
01
01
01
01
01
01
01
01
01
01
01
01
01
01
01
01
01
01
01
01
01
01
01
01
01
01
01
01
01
01
01
07
07
07
07
01
01
01
01
01
01
01
01
01
01
01
01
01
01
01
01
01
01
01
01
01
01
01
01
01
01
0C
07
0C
01
07
0C
01
0C
0C
01
01
0C
07
0C
0C
0C
01
0C
01
0F
10
0F
10
0C
0C
01
0F
0F
0C
07
0C
0C
07
0C
07
0C
01
0F
07
0C
0C
01
01
01
0C
0C
0C
0C
01
0C
10
0F
10
0C
0C
0F
10
0C
0C
0F
10
0C
0C
07
0C
01
01
07
0C
07
0C
01
01
0C
01
0C
07
0C
01
07
0C
0C
0C
0F
0F
0F
0C
0C
01
07
0C
01
01
01
01
01
01
01
01
01
01
01
01
01
01
01
01
01
01
01
01
01
01
01
0A
01
0A
01
01
01
0A
0A
01
01
01
01
01
01
01
01
01
01
01
01
0A
01
01
01
01
01
01
01
01
01
01
01
0A
01
01
01
01
01
0A
01
01
01
0A
01
01
01
01
01
01
01
01
01
01
01
01
01
01
01
01
01
01
01
01
01
0A
0A
0A
01
01
01
01
01
01
07
0C
0C
0C
0C
0C
0C
0C
0C
0C
0C
0C
01
01
07
01
01
01
07
01
01
0009
0061
0062
0004
004F
0000007E
0003
0003
00000016
2A
1212
B80003
57
2B
2C
2A
BA00130000
B80014
C00015
B0
0000
0003
0050
0000000A
0002
0000
0055
0007
0056
0051
00000020
0003
0000
0016
0063
0064
0000
0000
0016
0056
0057
0001
0000
0016
0065
0066
0002
005A
00000020
0003
0000
0016
0063
0067
0000
0000
0016
0056
005B
0001
0000
0016
0065
0068
0002
005C
00000002
0069
005E
00000017
0003
16
00
00
005F
0000
16
01
00
005F
0000
16
02
00
005F
0000
0060
00000013
03
0001
005F
0000
0001
005F
0000
0001
005F
0000
