0A
07
0C
01
01
01
08
01
09
07
0C
01
01
01
09
0C
01
09
0C
01
09
0C
01
09
0C
01
09
0C
01
09
0C
01
09
0C
01
09
0C
01
09
0C
01
09
0C
01
09
0C
01
09
0C
01
09
0C
01
09
0C
01
09
0C
01
09
0C
01
09
0C
01
01
01
01
01
01
01
01
01
01
01
01
01
01
01
01
01
01
01
01
01
01
01
01
01
01
01
01
01
01
01
01
01
01
01
01
01
01
01
01
01
01
01
01
01
01
0001
004D
004B
0001
0043
0000003E
0002
0002
00000006
2A
2B
B50012
B1
0000
0002
0044
0000000A
0002
0000
003A
0005
003B
0045
00000016
0002
0000
0006
0046
0047
0000
0000
0006
0014
000E
0001
