01
07
01
07
01
07
01
07
01
01
01
01
01
01
08
01
07
01
01
0C
0A
01
08
01
08
01
0C
0A
01
0C
09
0C
09
01
0C
09
01
01
0C
09
01
07
01
01
0C
09
01
07
01
01
0C
09
01
01
01
0C
0A
01
01
01
01
01
01
01
01
01
01
01
01
01
01
01
01
01
01
01
01
01
01
07
01
0C
0A
01
01
01
0C
0A
01
01
07
01
0C
0A
01
01
01
01
01
01
01
01
01
0C
0A
01
01
08
01
07
01
01
0C
0A
0F
01
0C
12
01
01
01
07
0C
0A
0A
01
07
0A
01
01
01
01
01
01
0C
0A
01
01
01
01
01
01
01
0C
09
0C
0A
01
07
01
01
0C
0B
0C
0A
01
07
0C
0A
01
01
0C
0B
01
01
0C
0B
0C
0A
01
07
01
0C
09
01
0C
0B
01
07
01
0C
09
0C
0A
01
01
01
01
01
07
01
01
01
01
01
01
01
01
01
01
01
01
01
07
01
0C
09
01
01
0C
0A
01
07
01
01
0C
0A
01
01
01
01
07
01
07
01
01
01
01
07
01
0C
0A
01
01
0C
09
01
07
01
07
01
07
01
0C
09
01
0C
0A
01
01
01
01
01
01
03
03
03
01
01
03
01
01
01
01
01
01
01
01
01
01
01
01
07
01
01
01
01
01
01
01
01
01
01
01
01
01
01
01
0008
00E3
001A
0001
0116
0000004D
0005
0001
00000035
BB00E5
59
01
B700E8
B300EC
08
BD00EE
4B
2A
03
01
53
2A
04
01
53
2A
05
BB00F0
59
B200F5
C000EE
B700F8
53
2A
06
01
53
2A
07
01
53
2A
B30091
B1
0000
0001
0117
00000006
0001
000B
00A5
