01
07
01
07
01
07
01
07
01
01
01
01
01
01
08
01
07
01
01
0C
0A
01
08
01
08
01
0C
0A
01
0C
09
0C
09
01
0C
09
01
01
0C
09
01
07
01
01
0C
09
01
07
01
01
0C
09
01
01
01
0C
0A
01
01
01
01
01
01
01
01
01
01
01
01
01
01
01
01
01
01
01
01
01
01
07
01
0C
0A
01
01
01
0C
0A
01
01
07
01
0C
0A
01
01
01
01
01
01
01
01
01
0C
0A
01
01
08
01
07
01
01
0C
0A
0F
01
0C
12
01
01
01
07
0C
0A
0A
01
07
0A
01
01
01
01
01
01
0C
0A
01
01
01
01
01
01
01
0C
09
0C
0A
01
07
01
01
0C
0B
0C
0A
01
07
0C
0A
01
01
0C
0B
01
01
0C
0B
0C
0A
01
07
01
0C
09
01
0C
0B
01
07
01
0C
09
0C
0A
01
01
01
01
01
07
01
01
01
01
01
01
01
01
01
01
01
01
01
07
01
0C
09
01
01
0C
0A
01
07
01
01
0C
0A
01
01
01
01
07
01
07
01
01
01
01
07
01
0C
0A
01
01
0C
09
01
07
01
07
01
07
01
0C
09
01
0C
0A
01
01
01
01
01
01
03
03
03
01
01
03
01
01
01
01
01
01
01
01
01
01
01
01
07
01
01
01
01
01
01
01
01
01
01
01
01
01
01
01
0001
0059
0055
0001
0116
0000002F
0001
0001
00000005
2A
B8005E
AC
0000
0002
0117
00000006
0001
0000
00A5
0118
0000000C
0001
0000
0005
0035
0036
0000
