01
07
01
07
01
01
01
01
08
01
07
01
01
0C
0A
01
0C
0A
01
01
0C
09
01
0C
09
01
01
0C
09
01
01
01
01
08
0C
0A
01
01
01
01
01
01
01
0C
0A
01
0C
0A
01
01
01
01
01
0C
0A
01
01
08
01
07
01
01
0C
0A
0F
01
0C
12
01
01
01
07
01
0C
0A
01
07
0C
0A
01
01
01
01
01
01
0C
0A
01
01
01
01
03
03
03
01
01
03
01
01
01
01
01
01
01
07
01
07
01
01
07
01
01
01
01
01
01
01
01
01
01
01
01
01
01
0011
0029
002A
0001
0074
0000002F
0001
0001
00000005
2A
B4001D
AC
0000
0002
0075
00000006
0001
0000
0020
0076
0000000C
0001
0000
0005
001E
001F
0000
