0A
07
0C
01
01
01
07
01
0A
09
07
0C
01
01
01
0B
07
0C
01
01
01
0B
07
0C
01
01
01
0B
0C
01
01
07
01
0A
07
0C
01
01
01
0A
0C
01
01
07
01
0B
07
0C
01
01
01
07
01
09
07
0C
01
01
01
0A
0C
01
01
0A
07
0C
01
01
01
07
01
08
01
0A
0C
01
12
0C
01
01
08
01
08
01
07
01
0A
07
0C
01
01
0A
0C
01
0A
0C
01
01
0A
0C
01
07
01
0A
07
01
0B
01
01
01
01
01
01
01
01
01
01
01
01
01
01
01
01
01
01
01
01
01
01
01
01
01
01
01
01
01
01
01
01
01
01
01
01
01
01
01
01
01
01
01
0F
0A
07
0C
01
01
08
01
01
07
01
07
01
01
0002
005E
0006
0001
006E
0000002B
0000
0001
00000001
B1
0000
0002
006F
00000006
0001
0000
0049
0070
0000000C
0001
0000
0001
0071
0072
0000
