0A
09
09
0A
09
07
0A
09
09
09
09
12
0B
0A
0A
0A
0B
0B
07
07
07
01
01
01
01
01
01
01
07
01
01
01
01
01
01
01
01
01
01
01
01
01
01
01
01
01
01
01
07
07
01
01
01
01
01
01
01
01
01
01
01
01
01
01
01
01
01
01
01
01
01
01
01
01
01
01
01
07
01
01
0C
0C
0C
0C
0C
01
0C
0C
0C
0C
01
0F
10
0F
10
0C
07
0C
07
0C
0C
0C
0C
07
0C
01
01
01
01
07
01
01
01
01
0A
01
0A
01
01
01
01
01
01
01
01
01
01
01
01
01
07
0C
0C
01
01
07
01
01
07
01
01
0001
0033
0034
0001
0027
00000051
0002
0002
00000015
2A
2B
B50005
2A
B40008
2B
BA000C0000
B9000D0200
B1
0000
0002
0028
0000000E
0003
0000
003E
0005
003F
0014
0040
0029
00000016
0002
0000
0015
002A
002B
0000
0000
0015
001A
001B
0001
