0A
09
0B
0A
12
0B
0B
0B
0B
0A
07
0A
0B
0A
0B
12
0B
0B
0B
07
0B
12
0B
07
0B
0A
07
07
01
01
01
01
01
01
01
01
01
01
01
01
01
01
01
01
01
01
01
01
01
01
01
07
01
01
01
01
01
01
01
01
01
01
01
01
01
01
01
01
01
01
01
01
01
01
01
01
01
01
01
01
01
01
01
01
01
01
01
01
01
01
01
01
01
01
01
01
0C
0C
07
0C
07
0C
01
0F
10
0F
0C
0C
0C
0C
0C
0C
01
07
0C
0C
0C
07
0C
10
0F
10
0C
07
0C
0C
0C
01
0F
10
0C
0C
07
01
01
0C
0C
01
01
01
01
01
01
01
01
01
01
0A
0A
01
01
01
01
01
01
01
01
01
01
0A
01
01
01
01
01
01
01
0A
01
01
01
01
01
07
0C
0C
0C
0C
01
01
07
01
01
07
01
01
100A
0057
0058
0001
0025
00000043
0004
0002
0000000F
BB0018
59
2A
B900190100
2B
B7001A
B0
0000
0002
0026
00000006
0001
0000
0057
0027
00000016
0002
0000
000F
0055
0056
0000
0000
000F
0059
005A
0001
