0A
09
0B
0A
12
0B
0B
0B
0B
0A
07
0A
0B
0A
0B
12
0B
0B
0B
07
0B
12
0B
07
0B
0A
07
07
01
01
01
01
01
01
01
01
01
01
01
01
01
01
01
01
01
01
01
01
01
01
01
07
01
01
01
01
01
01
01
01
01
01
01
01
01
01
01
01
01
01
01
01
01
01
01
01
01
01
01
01
01
01
01
01
01
01
01
01
01
01
01
01
01
01
01
01
0C
0C
07
0C
07
0C
01
0F
10
0F
0C
0C
0C
0C
0C
0C
01
07
0C
0C
0C
07
0C
10
0F
10
0C
07
0C
0C
0C
01
0F
10
0C
0C
07
01
01
0C
0C
01
01
01
01
01
01
01
01
01
01
0A
0A
01
01
01
01
01
01
01
01
01
01
0A
01
01
01
01
01
01
01
0A
01
01
01
01
01
07
0C
0C
0C
0C
01
01
07
01
01
07
01
01
0001
004C
004D
0001
0025
00000044
0001
0001
00000008
2A
B40002
B6000E
B0
0000
0003
0026
00000006
0001
0000
0085
0027
0000000C
0001
0000
0008
0028
0029
0000
002A
0000000C
0001
0000
0008
0028
002B
0000
