01
07
01
07
01
01
01
01
08
01
07
01
01
0C
0A
01
07
01
01
0C
0A
01
01
01
01
01
01
01
0C
09
01
01
0C
09
01
07
01
01
0C
0A
01
01
01
01
01
0C
09
01
01
01
01
08
01
07
0A
01
08
01
01
0C
0A
01
07
01
01
0C
0B
01
0C
0A
01
0C
0B
01
08
01
01
0C
0A
01
08
01
01
07
01
01
01
08
0C
0A
01
01
07
01
07
01
08
01
07
01
01
0C
0A
01
08
01
08
01
0C
0A
01
07
01
01
0C
0A
01
08
01
08
01
07
01
01
0C
09
01
08
01
07
01
01
0C
0A
01
10
0C
0A
0F
10
01
07
01
01
0C
0A
0F
01
01
0C
12
01
01
01
03
01
01
01
03
03
01
01
03
01
01
01
01
01
01
01
01
01
01
07
01
01
01
01
01
01
01
01
01
01
01
01
01
01
01
0019
0005
0006
0003
00B5
00000038
0002
0001
0000000E
2A
1209
B8000F
BB0011
59
B70015
B0
0000
0002
00B6
00000006
0001
0006
002B
00B7
0000000C
0001
0000
000E
0016
0017
0000
00B4
00000006
0001
0007
0000
00B8
00000007
01
0001
0007
0000
