01
07
01
01
07
01
07
01
01
01
01
01
0C
09
01
01
0C
09
01
01
0C
09
01
0C
0A
01
01
01
01
01
01
08
01
07
01
01
0C
0A
01
08
01
07
01
07
01
07
01
01
0C
0A
01
07
01
01
0C
0A
01
07
01
01
0C
09
01
08
01
07
01
0C
09
01
01
0C
0A
01
08
01
07
01
0C
0A
01
08
01
07
01
0C
0A
01
07
01
0C
09
01
08
01
01
0C
0A
01
07
01
0C
09
01
01
01
01
01
03
03
03
01
03
01
03
01
01
01
01
01
01
07
01
07
01
01
07
01
07
01
01
01
01
01
01
01
01
01
01
01
1041
001C
0060
0001
0085
00000040
0002
0002
0000000C
2A
2B
C00034
B60062
B20067
B0
0000
0002
0087
00000006
0001
0000
0145
0086
00000016
0002
0000
000C
001A
001B
0000
0000
000C
0068
0069
0001
