0A
09
09
0A
07
0A
0A
0A
07
0A
0B
0B
0B
07
07
0A
0B
0A
07
08
07
0A
0A
0A
08
08
08
07
0A
0B
07
0A
0B
07
0A
08
0A
0A
0A
0A
0A
0A
0A
0A
07
0A
09
07
0A
08
0A
08
07
07
01
01
01
01
01
01
01
01
01
01
01
01
01
01
01
01
01
01
01
01
01
01
01
01
01
01
01
01
01
01
07
07
07
07
07
07
07
07
01
01
01
01
01
01
01
01
01
01
01
01
01
01
07
01
01
01
01
01
07
01
01
01
01
01
01
01
01
01
01
01
01
01
01
01
01
01
01
01
01
01
01
0C
0C
0C
07
0C
01
0C
07
0C
0C
01
0C
07
0C
07
0C
0C
01
01
0C
0C
01
01
01
07
0C
0C
0C
01
01
01
01
07
01
0C
07
01
0C
01
0C
0C
07
0C
0C
07
0C
0C
07
07
0C
01
07
0C
01
01
0C
01
01
01
01
01
01
01
01
01
01
01
01
01
01
01
01
01
01
01
01
01
01
01
01
01
01
01
01
01
01
01
01
01
01
01
01
01
01
01
01
01
01
01
01
01
01
01
01
01
01
01
01
0001
007E
007F
0002
003D
0000005B
0000
0004
00000001
B1
0000
0003
003E
00000006
0001
0000
008D
003F
0000002A
0004
0000
0001
0040
0041
0000
0000
0001
0049
004A
0001
0000
0001
004B
004C
0002
0000
0001
0080
0038
0003
004F
0000000C
0001
0000
0001
0049
0052
0001
005D
00000002
0081
