0A
07
07
08
07
0A
08
0A
08
0A
0A
07
0A
0A
08
08
08
0A
08
0A
07
07
0A
08
0A
08
08
0A
08
0A
08
07
01
01
01
01
01
01
01
01
01
01
01
01
01
01
01
01
01
01
01
01
01
01
01
01
01
01
01
07
01
01
01
01
01
01
01
01
01
01
01
01
01
0C
01
01
01
01
01
0C
01
0C
0C
01
0C
0C
01
01
01
0C
01
07
0C
01
01
0C
01
0C
01
01
07
0C
01
0C
01
01
01
01
01
01
01
01
01
01
01
01
01
01
01
01
01
01
01
01
01
0009
003D
0034
0002
0027
000000A4
0005
0004
00000041
2A
C6003F
2A
1218
B60019
4E
2D
C60034
2D
BE
1B
A4002E
BB0002
59
120F
BB0005
59
B70006
121A
B60008
2C
B60008
121B
B60008
1B
B60012
1213
B60008
B6000A
B7000B
BF
B1
0000
0003
0028
00000016
0005
0000
0036
0004
0037
000B
0038
0015
0039
0040
003E
0029
0000002A
0004
000B
0035
003E
003F
0003
0000
0041
002E
0022
0000
0000
0041
0040
0036
0001
0000
0041
0030
0022
0002
0031
00000005
0001
FB
0040
0032
00000004
0001
0002
