0A
0A
0A
0A
09
09
09
09
09
09
07
0A
0A
0A
0A
0A
0A
0A
0A
0A
07
07
07
01
01
01
01
01
01
01
01
01
01
01
01
01
01
01
01
01
01
01
01
01
01
01
01
01
01
01
01
01
01
01
01
01
01
01
01
01
01
01
01
07
01
01
01
01
01
01
01
07
01
01
01
01
01
07
01
01
01
01
01
07
01
01
01
01
01
01
01
01
01
01
07
01
01
01
01
01
01
01
0C
0C
0C
0C
0C
0C
0C
0C
0C
01
0C
0C
0C
0C
0C
0C
0C
0C
0C
01
07
01
01
01
07
01
07
01
07
01
01
01
01
01
01
01
01
01
0002
0018
0021
0001
001A
0000003E
0002
0002
00000006
2A
2B
B70004
B1
0000
0002
001B
0000000A
0002
0000
0055
0005
0056
001C
00000016
0002
0000
0006
001D
0020
0000
0000
0006
0022
0023
0001
