0A
07
0A
0A
0A
0A
07
01
01
01
01
01
01
01
01
01
01
01
01
01
01
01
01
07
01
01
01
07
01
01
01
01
07
01
01
01
01
07
01
01
01
01
01
01
01
01
01
01
0C
01
07
0C
0C
0C
0C
01
07
01
07
01
01
01
01
01
01
01
01
0009
000F
0010
0002
000A
00000079
0003
0006
00000021
130002
B80003
C00002
3A05
1905
20
B60004
1905
1E
B60005
1905
1904
B60006
1905
B0
0000
0002
000B
00000016
0005
0000
003D
000B
003F
0011
0040
0017
0041
001E
0042
000C
0000002A
0004
0000
0021
0011
0012
0000
0000
0021
0013
0012
0002
0000
0021
0014
0015
0004
000B
0016
0016
000E
0005
0017
0000000A
0002
001B
0000
001E
0000
