07
01
09
0C
01
01
09
0C
01
09
0C
01
01
0A
07
0C
01
01
0A
07
0C
01
01
01
0A
0C
01
01
09
0C
01
01
0A
07
0C
01
01
0A
0C
01
01
0A
0C
01
01
07
01
12
0C
01
01
0A
0C
01
08
01
08
01
07
01
0A
0C
01
01
0A
0C
01
01
08
08
01
0A
0C
01
08
08
01
0A
0C
01
01
01
01
01
01
01
01
01
01
01
01
01
01
01
01
01
01
01
01
01
01
01
0F
0A
07
0C
01
01
08
01
01
07
01
07
01
01
0009
0017
0053
0001
0051
00000034
0002
0001
0000000A
1201
2A
B80013
C00001
B0
0000
0002
0052
00000006
0001
0000
001E
0054
0000000C
0001
0000
000A
0055
0020
0000
