0A
09
07
0A
08
0A
0A
0A
0A
0B
0A
0A
0A
0A
0A
0A
0A
0B
0B
0B
07
09
0A
0A
07
07
07
0A
08
0A
0A
0A
0A
0A
09
08
0A
0A
0A
0A
0A
09
09
07
0A
0B
07
07
0A
07
08
0B
0A
08
0A
0A
0B
07
0A
0A
0A
0B
07
0A
07
09
0A
09
0A
0B
0A
08
0A
08
0A
0A
08
0A
07
0A
0A
0A
07
08
0A
0A
0A
09
0A
0A
08
0A
0A
0A
08
0A
07
0A
0A
07
08
0A
08
0A
0A
07
0B
0A
08
0A
12
0A
0B
0B
07
0A
0A
07
09
0A
0A
0A
0A
0B
07
0A
0A
0B
0B
0A
0B
0B
07
08
08
0B
0A
0A
0B
0B
0A
0A
0A
0A
0A
0B
08
0A
0A
0A
0A
07
07
07
07
07
07
07
07
0A
08
07
08
0B
08
0A
07
0A
0A
08
0A
08
0B
0B
0B
0B
07
0B
0B
0B
0A
0B
09
0B
07
0A
0A
09
08
0A
0B
08
08
08
0B
08
08
0B
0B
08
08
0B
0B
07
0B
08
08
08
0B
0B
0B
08
08
08
07
07
0A
0A
07
07
01
01
01
01
01
01
01
01
01
01
01
01
01
01
01
01
01
01
01
01
01
01
01
01
01
01
01
01
01
01
01
01
01
01
01
01
01
01
01
01
01
01
01
01
01
01
07
07
07
07
07
07
07
07
07
07
01
01
07
01
01
01
01
01
01
07
01
01
01
07
01
01
01
01
01
01
01
01
01
01
01
01
01
01
01
01
01
01
01
01
07
07
01
01
01
01
01
01
01
01
01
07
01
01
01
01
01
01
01
01
07
07
01
01
01
01
01
01
01
01
01
07
01
01
01
01
01
01
01
01
01
01
01
01
01
01
01
01
01
01
01
01
01
01
01
01
01
01
01
01
01
01
07
07
07
07
07
07
07
07
07
07
07
07
01
01
01
01
01
01
01
01
01
01
07
07
07
01
01
01
01
01
01
01
01
01
01
01
01
01
01
01
01
01
01
01
01
01
01
01
07
07
01
01
01
01
01
01
01
01
01
01
01
07
01
01
01
01
01
01
0C
0C
01
01
0C
07
0C
0C
0C
07
0C
0C
0C
07
0C
0C
0C
0C
0C
07
0C
07
0C
0C
01
0C
0C
0C
01
01
01
0C
01
07
0C
01
07
0C
0C
01
07
0C
07
0C
01
01
01
01
0C
0C
01
07
0C
07
0C
07
01
0C
0C
07
01
0C
01
0C
07
0C
0C
0C
0C
0C
01
07
0C
01
0C
0C
01
0C
01
07
0C
0C
01
01
0C
0C
07
0C
0C
0C
0C
01
07
0C
07
0C
07
01
0C
01
0C
01
01
0C
01
0C
0C
01
07
0C
0C
01
07
0C
01
0F
10
0F
10
0C
0C
07
0C
0C
01
0C
01
07
0C
0C
0C
07
0C
07
0C
07
0C
01
0C
07
0C
07
0C
0C
0C
07
0C
0C
01
01
07
0C
0C
0C
0C
0C
0C
0C
0C
07
0C
07
0C
01
0C
0C
0C
0C
01
01
01
01
01
01
01
01
07
0C
01
01
01
07
0C
01
0C
01
0C
0C
01
0C
01
07
0C
0C
0C
01
0C
0C
07
0C
0C
07
0C
01
0C
0C
07
0C
01
07
0C
0C
01
01
01
0C
01
01
07
0C
01
01
0C
07
0C
01
01
01
01
0C
0C
01
01
01
01
01
0C
07
0C
01
01
01
01
01
01
01
01
07
01
01
01
01
01
01
01
01
01
01
01
01
01
01
01
01
01
01
01
01
01
01
01
01
01
01
01
01
01
01
01
01
01
01
01
01
01
01
01
01
01
01
01
01
01
01
01
01
01
01
01
01
01
01
01
01
01
01
01
01
01
01
01
01
01
01
01
01
01
01
01
01
01
01
01
01
01
01
01
01
01
01
01
01
01
01
01
01
01
01
01
01
01
01
01
01
01
01
01
01
01
01
01
01
01
01
01
01
01
01
01
0A
01
0A
01
01
07
01
01
01
01
01
01
01
01
01
01
01
01
01
01
01
01
01
01
01
01
01
01
01
01
01
01
01
01
01
01
01
01
01
01
01
01
01
01
01
01
01
01
01
01
01
01
01
01
01
01
01
01
01
01
01
01
01
01
01
01
01
01
01
01
01
01
01
01
01
01
01
01
01
01
01
01
01
01
01
01
01
01
01
01
01
01
01
01
01
01
01
01
01
01
01
01
07
0C
0C
01
01
01
07
01
01
07
01
01
100A
01B3
01B4
0002
00EE
000000B3
0006
0006
0000002E
2A
2B
04
BD006A
59
03
2C
53
B900710300
2A
2D
04
BD006A
59
03
2C
53
B900720300
A7000F
3A05
BB00D8
59
1905
B700D9
BF
B1
0001
0000
001E
0021
00D7
0003
00EF
0000001A
0006
0000
012E
000F
012F
001E
0132
0021
0130
0023
0131
002D
0133
00F0
0000003E
0006
0023
000A
00FB
00FC
0005
0000
002E
0103
0104
0000
0000
002E
0153
0154
0001
0000
002E
0105
0106
0002
0000
002E
0155
0154
0003
0000
002E
01B5
0104
0004
010A
00000007
0002
61
07
0114
0B
0126
00000004
0001
00D8
