0A
07
0C
01
01
01
09
07
0C
01
01
01
09
0C
01
01
09
0C
01
09
0C
01
01
07
01
0A
0B
07
0C
01
01
01
09
0C
01
09
0C
01
09
0C
01
09
0C
01
01
07
01
0A
0B
07
0C
01
01
01
09
0C
01
0A
0C
01
01
0A
07
0C
01
01
01
0A
0C
01
01
07
01
0A
08
01
0A
0C
01
01
08
01
0A
0C
01
01
08
01
08
01
08
01
08
01
08
01
08
01
08
01
08
01
08
01
08
01
0A
0C
01
01
08
01
0A
08
01
0A
07
0C
01
01
01
01
01
08
01
08
01
01
01
08
01
08
01
01
08
01
08
01
08
01
01
08
01
08
01
01
01
01
01
01
01
01
01
01
01
01
01
01
01
01
01
01
01
01
01
01
01
01
01
01
01
01
01
01
01
01
01
01
01
01
01
01
01
01
01
01
01
01
01
01
01
01
01
01
01
01
01
01
01
01
01
01
01
01
01
01
01
01
01
01
01
01
01
01
01
01
01
01
01
01
01
01
01
01
07
01
07
01
01
0001
00AB
00AC
0003
0092
0000002F
0001
0001
00000005
2A
B40007
B0
0000
0002
0093
00000006
0001
0000
0083
0094
0000000C
0001
0000
0005
0095
0096
0000
007F
00000002
00AD
0099
00000021
0003
009A
0000
009B
0001
0001009C
73
000B
009D
0002
000200AE
65
009E
00AF
009C
65
009E
009F
