01
07
01
07
01
01
01
08
01
07
01
01
0C
0A
01
0C
0A
01
01
0C
09
01
0C
09
01
0C
09
01
01
0C
09
01
01
0C
09
01
01
01
01
0C
0A
01
01
01
01
01
01
01
01
01
01
01
01
01
01
07
01
08
01
0C
0A
08
01
07
01
01
0C
0A
01
01
0C
0A
08
01
07
01
0C
0A
08
08
0C
0A
01
01
01
01
01
01
01
01
01
0C
0A
01
01
01
01
0C
0A
0A
01
07
0C
0A
0A
01
07
01
0C
0A
0A
01
01
01
01
01
01
0C
0A
0A
01
01
0C
0A
01
01
01
01
01
01
07
01
01
0C
09
01
07
01
07
01
01
0C
0B
01
07
01
0C
09
01
07
01
0C
09
01
01
0C
0B
01
07
01
0C
09
01
0C
0B
01
07
01
0C
09
01
01
01
01
01
01
01
07
01
0C
09
01
01
0C
0A
01
07
01
01
0C
0A
0A
0A
01
01
01
01
01
01
07
01
07
0C
0A
01
01
01
01
01
01
01
01
01
01
01
01
01
01
0C
0A
01
01
07
01
0C
0A
01
01
0C
09
01
01
01
03
03
03
01
01
03
01
01
01
01
01
01
01
01
01
01
01
01
01
01
01
01
01
01
01
01
01
0011
002C
002B
0001
00FC
0000002F
0002
0001
00000005
2A
B40018
AD
0000
0002
00FD
00000006
0001
0000
032B
00FE
0000000C
0001
0000
0005
0024
0025
0000
