0A
07
0C
01
01
01
09
07
0C
01
01
01
09
0C
01
01
09
0C
01
01
0B
07
0C
01
01
01
0A
0C
01
0A
07
0C
01
01
01
0B
12
0C
01
01
12
0C
01
01
12
0C
01
01
07
01
01
01
01
01
01
01
01
01
01
01
01
01
01
01
01
01
01
01
01
01
01
01
01
01
07
01
01
01
0F
0A
07
0C
01
01
08
01
0F
0A
07
0C
01
01
01
08
01
0F
0F
0F
01
01
07
01
07
01
01
0000
0005
001D
0003
0036
0000006E
0002
0004
00000014
2A
B70001
2A
2B
B50007
2A
1C
B5000D
2A
2D
B50011
B1
0000
0003
0037
00000006
0001
0000
00BC
0038
0000002A
0004
0000
0014
0039
003A
0000
0000
0014
000B
000C
0001
0000
0014
000F
0010
0002
0000
0014
0013
0014
0003
003B
0000000C
0001
0000
0014
000B
0034
0001
0040
0000000D
03
000B
0000
000F
0000
0013
0000
0033
00000002
0041
