0A
09
09
0A
0B
0B
0B
0B
0B
0B
0B
0B
0B
0B
0B
0B
0B
0B
0B
0B
0B
0B
0B
0B
0B
0B
0A
0B
0B
07
07
01
01
01
01
01
01
01
01
01
01
01
01
01
01
01
01
01
01
01
01
01
01
07
01
01
01
01
01
01
01
01
01
01
01
01
01
01
01
01
01
01
01
01
01
01
01
01
01
01
01
01
01
01
01
01
01
01
01
01
01
01
01
01
01
01
01
01
01
01
01
01
01
01
01
01
01
01
01
01
01
01
01
01
01
01
01
01
01
01
01
01
01
01
01
01
01
01
01
01
01
01
01
01
01
01
01
01
01
01
01
01
01
01
01
01
01
01
0C
0C
0C
07
0C
07
0C
0C
0C
0C
0C
0C
0C
0C
0C
0C
0C
0C
0C
0C
0C
0C
0C
0C
0C
0C
0C
0C
07
0C
0C
0C
07
01
01
01
01
01
01
01
01
01
01
01
0001
0030
0031
0002
0026
0000004D
0004
0003
0000000F
2A
B40002
2B
2C
B80004
B900050400
B0
0000
0002
0027
00000006
0001
0000
0054
0028
00000020
0003
0000
000F
0029
002C
0000
0000
000F
0032
0033
0001
0000
000F
0034
0033
0002
0035
00000004
0001
0036
