01
07
01
07
01
07
01
01
01
01
01
01
01
0C
09
01
08
01
01
0C
0A
01
0C
09
01
08
01
0C
0A
01
07
0C
09
01
01
01
01
01
01
01
01
0C
09
01
08
01
0C
09
01
08
01
07
01
07
01
07
01
08
01
0C
0A
01
07
01
01
0C
0A
01
01
0C
0A
01
08
01
01
0C
0A
01
01
01
01
0C
09
01
08
01
01
0C
0A
01
07
08
01
01
0C
0A
01
07
01
0C
0A
01
07
01
07
01
01
0C
0A
01
0C
0A
01
01
01
01
01
0001
0050
0045
0001
0072
00000056
0002
0003
00000038
B2000F
C7000F
1211
B80015
59
B3000F
A70006
B2000F
59
4C
57
B20018
C7000F
121A
B80015
59
B30018
A70006
B20018
59
4D
57
2A
B40021
B60047
B0
0000
0001
0073
0000000C
0001
0000
0038
0022
0023
0000
