0A
09
09
0A
0B
0B
0B
0B
0B
0B
0B
0B
0B
0B
0B
0B
0B
0B
0B
0B
0B
0B
0B
0B
0B
0B
0A
0B
0B
07
07
01
01
01
01
01
01
01
01
01
01
01
01
01
01
01
01
01
01
01
01
01
01
07
01
01
01
01
01
01
01
01
01
01
01
01
01
01
01
01
01
01
01
01
01
01
01
01
01
01
01
01
01
01
01
01
01
01
01
01
01
01
01
01
01
01
01
01
01
01
01
01
01
01
01
01
01
01
01
01
01
01
01
01
01
01
01
01
01
01
01
01
01
01
01
01
01
01
01
01
01
01
01
01
01
01
01
01
01
01
01
01
01
01
01
01
01
01
0C
0C
0C
07
0C
07
0C
0C
0C
0C
0C
0C
0C
0C
0C
0C
0C
0C
0C
0C
0C
0C
0C
0C
0C
0C
0C
0C
07
0C
0C
0C
07
01
01
01
01
01
01
01
01
01
01
01
0001
0073
0074
0002
0026
0000004A
0003
0003
0000000C
2A
B40002
2B
1C
B900160300
B0
0000
0002
0027
00000006
0001
0000
00C2
0028
00000020
0003
0000
000C
0029
002C
0000
0000
000C
0075
0076
0001
0000
000C
0077
0078
0002
0035
00000004
0001
0036
