0A
09
09
09
0A
07
0A
0A
0A
0A
0A
0A
07
0A
0A
0A
0A
0A
0A
0A
0A
0A
0A
0A
0A
0A
0A
0A
07
07
01
01
01
01
01
01
01
01
01
01
01
01
01
01
01
01
01
01
01
01
01
01
01
01
01
01
07
07
07
01
01
01
01
01
01
01
01
01
01
07
01
01
01
01
01
01
01
01
01
01
01
01
01
01
01
01
01
01
01
01
01
01
01
01
01
01
01
01
01
01
01
01
01
01
01
01
01
01
01
01
01
01
0C
0C
0C
0C
0C
01
0C
07
0C
07
0C
0C
0C
01
0C
0C
0C
0C
0C
0C
0C
0C
0C
0C
0C
0C
0C
0C
0C
01
01
01
01
01
01
01
01
01
01
01
01
01
01
01
01
1041
0049
0069
0001
0027
0000003D
0002
0002
00000009
2A
2B
C00006
B60018
AC
0000
0002
0028
00000006
0001
0000
0028
0029
00000016
0002
0000
0009
002A
002B
0000
0000
0009
005F
0060
0001
