0A
0A
0A
0A
0A
0A
0A
0A
0A
0A
0A
0A
0A
0A
0A
0A
0A
0A
0A
0A
0A
0A
0A
0A
0A
0A
0A
0A
0A
0A
0A
0A
0A
0A
0A
0A
0A
0A
0A
0A
0A
0A
0A
0A
0A
0A
0A
0A
0A
0A
0A
0A
0A
0A
0A
0A
0A
0A
0A
0A
0A
0A
0A
0A
0A
0A
0A
0A
0A
0A
0A
0A
0A
09
0A
09
09
07
0A
0A
09
09
07
0A
07
0A
09
08
0A
0B
0B
0B
0B
0B
0B
0B
07
0B
0B
0B
0A
0B
0A
0B
0A
0B
0A
0B
0B
07
0A
0A
07
08
0A
0A
0A
08
08
08
09
09
07
0A
0A
0A
09
09
07
08
0A
09
07
08
0A
09
09
09
09
09
07
08
0A
0A
09
08
0A
07
0A
0A
08
0A
0A
08
08
08
09
09
07
0A
0B
0B
0B
0B
0B
0A
09
09
09
09
09
07
08
0A
0A
09
09
09
09
09
09
09
09
09
09
09
07
08
0A
0A
09
07
08
0A
09
07
0A
08
07
0A
0A
07
0A
0A
08
0A
0A
08
08
08
0A
07
0A
0A
0A
0B
0A
0A
0B
0A
0A
07
07
01
01
01
01
01
01
01
01
01
01
01
01
01
01
01
01
01
01
01
01
01
01
01
01
01
01
01
01
01
01
01
01
01
01
01
01
01
01
01
01
01
01
01
01
01
01
01
01
01
01
01
01
01
01
01
01
01
01
01
01
01
01
01
01
01
01
01
01
01
01
01
01
01
01
01
01
01
01
01
01
01
01
01
01
01
01
01
01
01
01
01
01
01
01
01
01
01
01
01
01
01
01
01
01
01
01
01
01
01
07
07
07
07
01
01
01
01
01
07
01
01
01
01
01
07
01
01
01
01
01
01
01
01
01
01
01
01
01
01
01
01
01
01
01
01
01
01
01
01
01
01
01
01
01
01
01
01
01
01
01
01
01
07
01
01
01
01
01
01
01
01
01
01
01
01
01
01
01
01
01
01
01
01
01
01
01
01
01
01
01
01
01
01
01
01
01
01
01
01
01
01
01
01
01
01
01
01
01
01
07
01
01
01
01
01
01
01
01
01
01
01
01
01
01
01
01
01
01
01
01
01
01
01
01
01
01
01
01
01
07
01
01
01
01
01
01
01
01
01
01
01
01
01
01
01
01
01
01
01
01
01
01
01
01
01
01
01
01
01
01
01
01
01
01
01
01
01
01
01
01
01
01
01
01
01
07
01
01
01
01
01
01
01
01
01
01
01
01
01
01
01
01
01
01
01
01
01
01
01
01
01
01
01
01
01
01
01
01
01
01
01
01
01
01
01
01
07
01
01
01
01
01
01
01
01
01
01
01
01
01
01
01
01
01
01
01
01
01
01
01
01
01
01
01
01
01
01
01
01
01
01
01
01
01
01
01
01
01
01
01
01
01
01
01
01
01
01
01
01
01
01
01
01
01
01
01
01
01
01
01
01
01
01
01
07
01
01
01
01
01
01
01
01
01
01
01
01
01
01
01
01
01
01
01
01
01
01
01
01
01
01
01
01
01
01
01
01
01
01
01
01
01
01
01
01
01
01
01
01
01
01
01
01
01
01
01
01
01
01
01
01
01
01
01
01
01
01
01
01
01
01
01
01
01
01
01
07
01
01
01
01
01
01
01
01
01
01
01
01
01
01
01
01
01
01
01
01
01
01
01
01
01
01
01
01
01
01
01
01
01
01
01
07
01
01
01
01
01
01
01
01
01
01
01
01
01
01
01
01
01
01
01
01
01
01
01
01
01
01
07
07
01
01
01
01
07
01
01
01
01
01
01
01
01
01
01
01
01
01
01
01
01
01
01
01
01
01
01
01
01
01
01
01
01
07
01
01
01
01
01
01
01
01
01
01
01
01
01
01
01
01
01
01
01
01
01
01
01
01
0C
07
0C
0C
0C
0C
0C
0C
0C
0C
0C
0C
0C
0C
0C
0C
0C
0C
0C
0C
0C
0C
0C
0C
0C
0C
0C
0C
0C
0C
0C
0C
0C
0C
0C
0C
0C
0C
0C
0C
0C
0C
0C
0C
0C
0C
0C
0C
0C
0C
0C
0C
0C
0C
0C
0C
0C
0C
0C
0C
0C
0C
0C
0C
0C
0C
0C
0C
0C
0C
0C
0C
0C
0C
0C
0C
0C
0C
01
0C
0C
0C
0C
01
01
0C
0C
07
0C
07
0C
0C
0C
0C
07
0C
07
0C
0C
01
0C
07
0C
0C
0C
0C
0C
0C
0C
0C
0C
0C
01
0C
0C
01
01
0C
0C
01
01
01
0C
0C
01
0C
0C
0C
0C
01
0C
0C
01
0C
0C
0C
0C
0C
0C
01
0C
0C
0C
01
01
0C
0C
01
01
01
0C
0C
01
07
0C
0C
0C
0C
07
0C
0C
0C
0C
0C
0C
01
0C
0C
0C
0C
0C
0C
0C
0C
0C
0C
0C
0C
01
0C
0C
0C
01
0C
0C
01
0C
01
0C
0C
01
0C
01
0C
0C
01
01
01
07
0C
01
07
0C
07
07
07
07
01
01
01
01
01
01
01
01
01
01
01
01
01
01
01
01
01
01
01
01
01
01
01
01
01
01
01
01
01
01
01
01
01
01
01
01
01
01
01
01
01
01
01
01
01
01
01
01
01
01
01
01
01
01
01
01
01
01
01
01
01
01
01
01
01
01
01
01
01
01
01
01
01
0001
0158
0159
0002
011E
000000D2
0003
0005
00000058
2A
B40052
C7000E
2A
BB0053
59
B70054
B50052
2B
B9005E0100
4D
2C
B9005F0100
990037
2C
B900600100
C00061
4E
BB0055
59
2D
B70056
3A04
2A
B40057
1258
B60059
1904
B9005C0200
57
2A
B40052
1904
B9005C0200
57
A7FFC6
2A
B0
0000
0004
011F
0000000A
0002
0000
00C2
0012
00C3
0120
0000002A
0004
0036
001D
014B
014C
0004
002C
0027
0149
014A
0003
0000
0058
0121
0122
0000
0000
0058
0154
015A
0001
0123
00000016
0002
0000
0058
0121
0124
0000
0000
0058
0154
015B
0001
012F
0000000C
0003
12
FC
0006
07
015C
FA
003C
00ED
00000002
015D
