01
07
01
07
01
01
01
07
01
07
01
01
07
01
01
01
01
01
01
01
01
0C
0A
0C
09
01
01
01
01
01
01
01
01
01
01
01
0C
0A
01
07
01
01
0C
09
01
0C
09
01
0C
09
01
07
01
01
0C
0B
01
07
01
08
01
07
01
01
0C
0A
01
07
01
01
0C
0A
01
07
01
01
0C
0A
01
0C
0A
01
01
0C
0A
01
08
01
01
0C
0A
01
07
01
01
0C
0A
01
01
0C
0A
01
01
0C
0A
01
01
01
01
01
01
01
01
01
01
01
01
01
01
01
01
0C
0A
01
01
01
01
01
01
01
01
01
01
0001
0011
0012
0003
007D
0000006F
0004
0004
0000000D
2A
2B
2C
01
B70017
2A
2D
B50019
B1
0000
0003
007E
0000000E
0003
0000
0054
0007
0055
000C
0056
007F
0000002A
0004
0000
000D
001A
001B
0000
0000
000D
001C
001D
0001
0000
000D
001E
001F
0002
0000
000D
000E
000F
0003
0080
0000000C
0001
0000
000D
000E
0010
0003
007C
00000002
0013
0081
00000013
03
0001
0014
0000
0001
0014
0000
0001
0014
0000
