0A
07
0A
09
0A
0A
0A
0A
0A
0A
0A
08
0A
09
0A
08
0A
0A
07
0A
0A
0A
0A
0A
0A
0A
0A
0A
09
09
07
0A
0A
09
07
07
07
07
01
01
01
01
01
01
01
01
01
01
01
01
01
01
01
01
01
01
01
01
01
01
01
01
01
01
01
01
07
01
01
01
01
01
01
01
01
01
01
01
01
01
01
01
01
01
01
01
01
01
01
01
01
01
01
01
01
01
0C
01
0C
0C
0C
0C
0C
0C
0C
0C
0C
01
0C
0C
0C
01
0C
07
0C
01
0C
0C
07
0C
07
0C
0C
0C
0C
0C
0C
0C
01
07
0C
07
0C
0C
01
01
01
01
01
01
01
01
01
01
01
01
01
01
01
01
01
01
01
01
01
01
01
01
01
01
01
01
01
01
01
01
01
01
01
01
01
01
01
01
0001
004B
003E
0001
0033
00000035
0000
0002
00000001
B1
0000
0002
0034
00000006
0001
0000
00AF
0035
00000016
0002
0000
0001
0036
0037
0000
0000
0001
003F
0040
0001
