09
09
0A
08
0A
12
08
07
0A
0A
0A
07
0A
0A
0A
0A
07
0A
0A
08
0B
0A
0B
08
0B
0A
07
01
01
01
01
01
01
01
01
01
01
01
01
01
01
01
01
01
01
01
01
01
01
01
01
01
01
01
01
01
01
01
01
01
01
01
01
01
01
01
01
01
01
01
01
01
01
01
01
01
01
01
01
01
01
01
0C
0C
0C
01
07
0C
01
0F
10
0F
10
0C
01
01
0C
07
0C
0C
01
0C
0C
0C
0C
01
0C
0C
01
07
0C
07
0C
0C
01
07
0C
07
01
01
01
01
01
0A
01
0A
01
01
01
01
01
01
01
01
01
01
01
01
01
01
01
01
01
01
01
07
0C
0C
01
01
07
01
01
07
01
01
0009
0045
0046
0002
0026
00000039
0002
0001
0000000F
1214
2A
B900150100
B60016
B80017
B0
0000
0002
0027
00000006
0001
0000
0065
0028
0000000C
0001
0000
000F
0030
0031
0000
002B
00000005
01
0030
0000
