09
09
0A
08
0A
12
08
07
0A
0A
0A
07
0A
0A
0A
0A
07
0A
0A
08
0B
0A
0B
08
0B
0A
07
01
01
01
01
01
01
01
01
01
01
01
01
01
01
01
01
01
01
01
01
01
01
01
01
01
01
01
01
01
01
01
01
01
01
01
01
01
01
01
01
01
01
01
01
01
01
01
01
01
01
01
01
01
01
01
0C
0C
0C
01
07
0C
01
0F
10
0F
10
0C
01
01
0C
07
0C
0C
01
0C
0C
0C
0C
01
0C
0C
01
07
0C
07
0C
0C
01
07
0C
07
01
01
01
01
01
0A
01
0A
01
01
01
01
01
01
01
01
01
01
01
01
01
01
01
01
01
01
01
07
0C
0C
01
01
07
01
01
07
01
01
0001
0024
0025
0002
0026
0000005E
0002
0002
0000001A
2A
B70003
2B
1204
B80005
2A
2B
B50001
2A
2A
BA00060000
B50002
B1
0000
0002
0027
00000016
0005
0000
0030
0004
0031
000A
0032
000F
0033
0019
0034
0028
00000016
0002
0000
001A
0029
002A
0000
0000
001A
001E
001F
0001
002B
00000005
01
001E
0000
