0A
07
0C
01
01
01
09
07
0C
01
01
01
09
0C
01
01
09
0C
01
01
09
0C
01
09
0C
01
09
0C
01
09
0C
01
09
0C
01
09
0C
01
09
0C
01
09
0C
01
09
0C
01
09
0C
01
09
0C
01
09
0C
01
09
0C
01
09
0C
01
09
0C
01
09
0C
01
01
09
0C
01
01
09
0C
01
01
09
0C
01
01
09
0C
01
01
09
0C
01
09
0C
01
09
0C
01
01
09
0C
01
01
09
0C
01
01
09
0C
01
01
09
0C
01
01
09
0C
01
01
09
0C
01
01
09
0C
01
09
0C
01
09
0C
01
01
09
0C
01
01
09
0C
01
01
09
0C
01
09
0C
01
09
0C
01
01
09
0C
01
01
09
0C
01
01
09
0C
01
01
09
0C
01
01
09
0C
01
01
09
0C
01
01
09
0C
01
01
09
0C
01
01
09
0C
01
01
09
0C
01
01
09
0C
01
01
09
0C
01
01
01
01
01
01
01
01
01
01
01
01
01
01
01
01
01
01
01
01
01
01
01
01
01
01
01
01
01
01
01
01
01
01
01
01
01
01
01
01
01
01
01
01
01
01
01
01
01
01
01
01
01
01
01
01
01
01
01
01
01
01
01
01
01
01
01
01
01
01
01
01
01
01
01
01
01
01
01
01
01
01
01
01
01
01
01
01
01
01
01
01
01
01
01
01
01
01
01
01
01
01
01
01
01
01
01
01
01
01
01
01
01
01
01
01
01
01
01
01
01
01
01
01
01
01
01
01
01
01
01
01
01
01
01
01
01
01
01
01
01
01
01
01
01
01
01
01
01
01
01
01
01
01
01
01
01
01
01
01
01
01
01
01
01
01
01
01
01
01
01
01
01
01
01
01
01
01
01
01
01
01
01
01
0001
0107
0108
0001
00CB
0000002F
0001
0001
00000005
2A
B4004E
B0
0000
0002
00CC
00000006
0001
0000
027C
00CD
0000000C
0001
0000
0005
00CE
00CF
0000
