0A
07
0C
01
01
01
09
07
0C
01
01
01
09
0C
01
01
09
0C
01
01
09
0C
01
09
0C
01
09
0C
01
09
0C
01
09
0C
01
09
0C
01
09
0C
01
09
0C
01
09
0C
01
09
0C
01
09
0C
01
09
0C
01
09
0C
01
09
0C
01
09
0C
01
09
0C
01
01
09
0C
01
01
09
0C
01
01
09
0C
01
01
09
0C
01
01
09
0C
01
09
0C
01
09
0C
01
01
09
0C
01
01
09
0C
01
01
09
0C
01
01
09
0C
01
01
09
0C
01
01
09
0C
01
01
09
0C
01
09
0C
01
09
0C
01
01
09
0C
01
01
09
0C
01
01
09
0C
01
09
0C
01
09
0C
01
01
09
0C
01
01
09
0C
01
01
09
0C
01
01
09
0C
01
01
09
0C
01
01
09
0C
01
01
09
0C
01
01
09
0C
01
01
09
0C
01
01
09
0C
01
01
09
0C
01
01
09
0C
01
01
01
01
01
01
01
01
01
01
01
01
01
01
01
01
01
01
01
01
01
01
01
01
01
01
01
01
01
01
01
01
01
01
01
01
01
01
01
01
01
01
01
01
01
01
01
01
01
01
01
01
01
01
01
01
01
01
01
01
01
01
01
01
01
01
01
01
01
01
01
01
01
01
01
01
01
01
01
01
01
01
01
01
01
01
01
01
01
01
01
01
01
01
01
01
01
01
01
01
01
01
01
01
01
01
01
01
01
01
01
01
01
01
01
01
01
01
01
01
01
01
01
01
01
01
01
01
01
01
01
01
01
01
01
01
01
01
01
01
01
01
01
01
01
01
01
01
01
01
01
01
01
01
01
01
01
01
01
01
01
01
01
01
01
01
01
01
01
01
01
01
01
01
01
01
01
01
01
01
01
01
01
01
0001
0115
0116
0001
00CB
0000003E
0002
0002
00000006
2A
2B
B5005C
B1
0000
0002
00CC
0000000A
0002
0000
02E8
0005
02E9
00CD
00000016
0002
0000
0006
00CE
00CF
0000
0000
0006
00D4
005F
0001
