0A
0A
07
07
07
01
01
07
01
07
01
01
01
01
01
01
01
01
01
01
01
01
01
01
01
01
01
01
01
01
01
01
01
01
01
01
01
01
01
01
01
01
01
01
01
01
01
01
01
01
01
01
01
01
01
01
01
01
01
01
01
01
01
01
01
01
01
01
01
01
01
01
01
01
01
01
01
01
01
01
01
01
01
01
01
01
01
01
01
01
01
01
01
01
01
01
01
01
01
01
01
01
01
01
01
01
01
01
0C
07
0C
01
01
01
01
01
01
01
01
0101
0028
0029
0001
001A
00000031
06
0001
001B
0001
0001001C
5B
0001
73
001D
0000
0000
0001
001B
0001
0001001C
5B
0001
73
002A
0000
0001
001B
0001
0001001C
5B
0001
73
002B
