07
01
07
01
07
01
01
01
01
01
01
01
01
01
01
01
01
01
01
01
01
01
01
01
01
01
01
01
01
01
01
01
01
01
01
01
01
01
01
01
01
01
01
01
01
01
01
01
01
01
01
01
01
01
01
01
01
01
01
01
01
01
01
01
01
01
01
01
01
01
01
01
01
01
01
01
01
01
01
01
01
01
01
01
01
01
01
01
01
01
01
01
01
01
01
01
01
01
01
01
01
01
01
01
01
01
01
01
07
01
07
01
01
07
01
01
07
01
01
07
01
01
07
01
01
07
01
01
07
01
01
07
01
01
07
01
01
07
01
01
07
01
01
07
01
01
07
01
01
07
01
01
07
01
01
07
01
01
07
01
01
07
01
01
07
01
01
07
01
01
07
01
01
07
01
01
07
01
01
07
01
01
07
01
01
07
01
01
07
01
01
07
01
01
07
01
01
07
01
01
07
01
01
07
01
01
07
01
01
0401
0046
0047
0000
