01
07
01
07
01
07
01
01
07
01
01
0C
0A
01
01
01
01
01
07
01
07
01
07
01
01
0C
0A
01
07
01
01
0C
0A
01
01
01
01
01
01
01
01
01
01
01
01
01
01
01
01
0001
0010
0011
0001
002C
0000008A
0006
0006
0000002A
2B
1904
10FE
1505
60
32
C00013
1904
02
1505
60
32
C00015
1904
03
1505
60
32
C00013
2C
B6001B
B60021
4E
2D
B0
0000
0002
002D
0000003E
0006
0000
002A
000E
000F
0000
0000
002A
0022
0023
0001
0000
002A
0024
0025
0002
0000
002A
0026
0027
0003
0000
002A
0028
0029
0004
0000
002A
002A
002B
0005
002E
0000000A
0002
0000
0C6A
0028
0C6B
