09
09
08
09
07
08
09
0A
07
09
09
0A
09
07
09
0A
0A
0A
0A
0A
0A
0A
0A
0A
07
0A
07
09
09
0B
0B
07
0A
09
07
0A
0B
09
0B
0A
09
07
0A
0A
0A
0A
0A
0A
0A
0A
07
0A
09
07
0A
0A
0A
0A
0A
09
07
0A
09
07
0A
09
07
0A
09
07
0A
09
07
0A
09
07
0A
09
07
0A
0A
09
07
0A
0A
09
07
0A
05
0B
07
09
0B
0A
09
07
0A
0A
09
07
0A
0A
09
07
0A
0A
09
07
0A
0A
09
07
0A
09
08
07
0A
07
0A
07
08
08
08
08
08
08
08
08
08
08
08
08
08
08
08
08
08
08
08
08
08
08
08
08
08
08
08
08
08
08
08
08
08
08
08
08
08
08
08
08
08
08
08
08
08
08
08
08
08
08
08
08
08
08
08
08
08
08
08
08
08
08
08
08
08
08
08
08
08
08
08
08
08
08
08
08
08
08
08
09
08
08
08
08
08
08
08
08
08
08
08
08
08
08
08
08
08
08
08
08
08
08
08
08
08
08
08
08
08
08
08
08
08
08
08
08
08
08
08
08
08
08
08
08
08
08
08
08
08
08
08
08
08
08
08
09
07
0A
0B
0B
08
07
0A
0A
0A
0A
07
0A
0A
07
01
01
01
01
01
01
01
01
01
01
01
01
01
01
01
01
01
01
01
01
01
01
01
01
01
01
01
03
01
03
01
03
01
03
01
03
01
03
01
03
01
03
01
03
01
03
01
03
01
03
01
03
01
03
01
03
01
03
01
03
01
03
01
03
01
03
01
03
01
03
01
03
01
03
01
03
01
03
01
03
01
03
01
03
01
03
01
03
01
03
01
03
01
03
01
03
01
03
01
03
01
03
01
03
01
03
01
03
01
03
01
03
01
03
01
03
01
03
01
03
01
03
01
03
01
03
01
03
01
03
01
03
01
03
01
03
01
03
01
03
01
03
01
03
01
03
01
03
01
03
01
03
01
03
01
03
01
03
01
03
01
03
01
01
01
01
01
01
01
01
01
01
01
01
01
01
01
01
01
01
01
01
01
01
01
01
01
01
01
01
01
01
01
01
01
01
01
01
01
01
01
01
01
01
01
01
01
01
01
01
01
01
01
01
01
01
01
01
01
01
07
07
07
07
01
01
01
01
07
01
01
01
01
07
01
01
01
01
07
01
01
01
07
01
01
01
07
01
01
01
07
01
01
01
07
01
01
01
07
01
01
01
07
01
01
01
07
01
01
01
07
01
01
01
07
01
01
01
07
01
01
01
07
01
01
01
07
01
01
01
07
01
01
01
07
01
01
01
07
01
01
01
01
01
0C
0C
01
0C
01
01
0C
0C
01
0C
0C
0C
0C
01
0C
0C
0C
0C
0C
0C
0C
0C
0C
0C
01
0C
01
0C
0C
07
0C
0C
01
01
0C
0C
07
0C
0C
01
0C
0C
0C
0C
0C
0C
0C
01
0C
01
0C
0C
0C
0C
01
01
01
01
01
01
01
0C
01
0C
01
0C
01
0C
0C
0C
01
0C
01
0C
01
0C
01
0C
01
01
01
0C
01
0C
01
01
01
01
01
01
01
01
01
01
01
01
01
01
01
01
01
01
01
01
01
01
01
01
01
01
01
01
01
01
01
01
01
01
01
01
01
01
01
01
01
01
01
01
01
01
01
01
01
01
01
01
01
01
01
01
01
01
01
01
01
0C
0C
01
0C
07
0C
0C
01
01
0C
0C
07
0C
01
0C
0C
01
01
01
01
01
01
01
01
01
01
01
01
01
01
01
01
01
01
01
01
01
01
01
01
01
01
01
01
01
01
01
01
01
01
01
01
01
01
01
01
01
01
01
01
01
01
01
01
01
01
01
01
01
01
01
01
01
01
01
0011
0237
0238
0002
01D4
000001D8
0004
0004
000000DC
BB0071
59
2A
B4000F
2A
B60010
B70072
4C
2A
2B
1024
1012
B60012
2A
2B
04
B60013
2A
1100A1
B60014
2A
1030
B60015
57
2A
1100A3
B60014
2A
B4001D
2A
B900250200
05
3D
1C
AB0000
00000022
00000001
00000002
00000013
2A
1100A2
B60014
2A
B6006F
57
A7000C
BB0033
59
2A
B70034
BF
2A
1100A5
B60014
2A
B4001D
2A
B900250200
2A
B6002C
C00009
2A
B40026
1008
2A
B4000F
B6002D
3D
1C
04
9F0007
1C
9AFFA8
2A
1100A7
B60014
2A
1031
B60015
57
2A
B6001A
A7002D
4D
2B
2C
B50073
2A
B4001D
2A
2C
B9001E0300
2A
B4001D
2A
2C
B9001F0300
2A
B6001A
A7000A
4E
2A
B6001A
2D
BF
2B
B0
0003
0019
00A9
00B0
001B
0019
00A9
00D3
0000
00B0
00CC
00D3
0000
0003
01D5
0000007A
001E
0000
04CC
0010
04CD
0019
04D0
001F
04D2
0026
04D3
002D
04D5
0034
04D6
003E
04D7
0040
04D9
0054
04DD
005B
04DE
0060
04E1
0063
04E3
006C
04E5
0073
04E6
007D
04E7
0092
04E8
009B
04EA
00A2
04EB
00A9
04F4
00AD
04F5
00B0
04EE
00B1
04EF
00B6
04F0
00C1
04F1
00CC
04F4
00D0
04F5
00D3
04F4
00D8
04F5
00DA
04F6
01D6
0000002A
0004
0040
0069
01FC
0129
0002
00B1
001B
01E7
01E8
0002
0000
00DC
01D7
01D8
0000
0010
00CC
01E9
0239
0001
01EB
00000022
0008
FD
0040
07
023A
01
13
0E
08
2E
FF
0014
0002
07
01EC
07
023A
0001
07
01EE
62
07
01EF
06
01F0
00000004
0001
001B
