0A
07
0C
01
01
01
09
07
0C
01
01
01
09
0C
01
09
0C
01
01
09
0C
01
09
0C
01
09
0C
01
09
0C
01
01
09
0C
01
01
09
0C
01
01
09
0C
01
01
09
0C
01
09
0C
01
09
0C
01
09
0C
01
09
0C
01
01
12
0C
01
01
12
0C
01
01
12
0C
01
01
01
01
01
01
01
01
01
01
01
01
01
01
01
01
01
01
01
01
01
01
01
01
01
01
01
01
01
01
01
01
01
01
01
01
01
01
01
01
01
01
01
0F
0A
07
0C
01
01
01
08
01
0F
0F
0F
0F
0F
0F
0F
0F
0F
0F
0F
0F
0F
0F
0F
01
07
01
07
01
01
0001
0035
0067
0002
0059
0000002F
0001
0001
00000005
2A
B40033
B0
0000
0002
005A
00000006
0001
0000
0008
005B
0000000C
0001
0000
0005
005C
005D
0000
0049
0000000B
0001
004A
0001
0001004B
73
0054
