01
07
01
01
07
01
07
01
01
0C
0A
01
01
01
01
01
01
01
07
01
0C
0A
01
01
01
01
0C
09
01
07
01
01
07
01
0C
0A
01
07
01
07
01
01
0C
09
01
01
01
08
01
07
01
01
0C
0A
0C
0A
01
07
01
01
0C
0B
01
07
01
01
0C
0B
01
07
01
01
0C
0B
01
07
01
07
01
01
0C
0B
01
07
01
0C
0A
01
01
0C
0B
01
0C
0A
01
01
07
01
01
01
08
01
08
01
07
01
0C
0B
01
01
0C
0A
01
07
0B
01
01
01
0C
0A
01
0C
0A
01
01
0A
0C
09
01
07
01
08
01
0C
0A
01
08
01
01
0C
0A
01
08
01
01
01
01
01
01
01
01
01
01
01
01
01
03
03
03
01
01
03
01
01
01
01
01
01
01
01
01
01
01
01
01
01
01
01
01
01
01
01
01
01
01
0008
007D
0009
0001
00B0
0000004A
0005
0001
0000002E
BB0002
59
B7007E
B30080
BB0082
59
1284
B20080
C00007
05
B70087
4B
2A
1289
03
B6008D
2A
128F
03
B6008D
2A
B3001C
B1
0000
0001
00B1
0000000A
0002
000A
0022
002D
0033
