0A
09
09
09
09
09
09
09
09
09
09
09
09
09
09
09
0B
07
08
07
0A
07
08
0A
0A
08
0A
0B
0B
0A
08
08
08
08
08
08
08
0A
08
08
08
08
08
08
08
0A
08
08
08
08
08
0A
07
0A
0A
0B
07
07
07
01
01
01
01
01
01
01
01
01
01
01
01
01
01
01
01
01
01
01
01
01
01
01
01
01
01
01
01
01
01
01
01
01
01
01
01
01
01
01
01
01
01
01
01
01
01
01
01
01
0C
0C
0C
0C
0C
0C
0C
0C
0C
0C
0C
0C
0C
0C
0C
0C
07
0C
01
01
01
01
01
07
0C
0C
01
0C
0C
0C
0C
01
01
01
01
01
01
01
0C
01
01
01
01
01
01
01
0C
01
01
01
01
01
0C
01
0C
0C
01
01
01
01
01
01
01
01
01
01
01
01
01
01
01
01
01
01
0001
005C
005B
0001
0052
00000011
0001
0001
00000005
2A
B4000C
B0
0000
0000
