0A
12
12
12
12
09
0B
09
0A
07
07
07
01
01
01
01
01
01
01
01
01
01
01
01
01
01
01
01
01
01
01
01
01
01
01
07
01
01
01
01
01
01
01
01
01
01
01
01
01
01
07
01
0C
01
0F
10
0F
10
0C
10
0F
10
0C
10
0F
10
0C
10
0F
10
0C
0C
07
0C
0C
0C
01
01
01
01
01
0A
01
0A
01
01
01
0A
01
01
01
0A
01
01
0A
01
01
01
01
01
01
01
01
01
07
0C
0C
0C
0C
01
01
07
01
01
01
01
07
01
01
0001
0022
0023
0002
000F
00000031
0001
0001
00000007
B20006
B80007
B0
0000
0002
0010
00000006
0001
0000
005D
0011
0000000C
0001
0000
0007
0012
0014
0000
0017
00000002
0026
