09
07
0A
0A
0A
0A
0B
0B
0B
0B
07
0A
09
07
0A
07
08
0A
08
09
0B
0A
09
0A
09
0A
09
0A
09
0A
09
0A
0A
0A
0A
0A
07
07
0A
08
0A
08
0A
0A
08
0A
08
0A
0A
09
0A
07
06
07
0A
0A
0A
0A
0A
0A
0A
0A
0A
0A
0A
0A
0A
08
08
08
08
08
08
08
08
0A
08
07
07
01
01
01
01
01
01
01
01
01
01
01
01
01
01
01
01
01
01
01
01
01
01
01
01
01
01
01
01
01
01
01
01
01
01
01
01
01
01
01
01
01
01
01
01
07
07
01
01
01
01
01
01
01
01
01
01
01
01
01
01
01
01
01
01
01
07
01
01
01
01
01
01
01
01
01
01
01
01
01
01
01
01
01
01
07
01
01
01
01
01
01
01
01
01
01
01
01
01
01
01
01
01
01
01
01
01
01
01
01
01
01
01
01
01
01
01
01
01
01
01
01
01
01
01
01
01
01
01
01
01
01
01
01
01
01
01
01
01
01
01
01
01
01
01
01
01
01
01
01
01
01
01
01
01
01
07
07
01
01
01
01
01
01
01
01
01
01
01
01
01
01
01
01
0C
01
0C
0C
0C
07
0C
07
0C
07
0C
07
0C
0C
07
0C
0C
01
0C
01
01
0C
01
0C
07
0C
0C
0C
0C
0C
0C
0C
0C
0C
0C
0C
0C
0C
0C
0C
0C
01
01
01
0C
01
0C
0C
01
0C
01
0C
0C
01
01
0C
0C
07
0C
0C
0C
0C
0C
0C
01
01
01
01
01
01
01
01
0C
01
01
01
01
01
01
07
01
01
01
01
01
01
01
01
01
01
01
01
01
01
01
01
01
01
01
01
01
01
01
01
01
01
01
01
01
01
01
01
01
01
01
01
0001
00AD
00AE
0001
006D
0000002F
0001
0001
00000005
2A
B4000D
B0
0000
0002
006E
00000006
0001
0000
00B1
006F
0000000C
0001
0000
0005
0070
0071
0000
