09
07
0A
0A
0A
0A
0B
0B
0B
0B
07
0A
09
07
0A
07
08
0A
08
09
0B
0A
09
0A
09
0A
09
0A
09
0A
09
0A
0A
0A
0A
0A
07
07
0A
08
0A
08
0A
0A
08
0A
08
0A
0A
09
0A
07
06
07
0A
0A
0A
0A
0A
0A
0A
0A
0A
0A
0A
0A
0A
08
08
08
08
08
08
08
08
0A
08
07
07
01
01
01
01
01
01
01
01
01
01
01
01
01
01
01
01
01
01
01
01
01
01
01
01
01
01
01
01
01
01
01
01
01
01
01
01
01
01
01
01
01
01
01
01
07
07
01
01
01
01
01
01
01
01
01
01
01
01
01
01
01
01
01
01
01
07
01
01
01
01
01
01
01
01
01
01
01
01
01
01
01
01
01
01
07
01
01
01
01
01
01
01
01
01
01
01
01
01
01
01
01
01
01
01
01
01
01
01
01
01
01
01
01
01
01
01
01
01
01
01
01
01
01
01
01
01
01
01
01
01
01
01
01
01
01
01
01
01
01
01
01
01
01
01
01
01
01
01
01
01
01
01
01
01
01
07
07
01
01
01
01
01
01
01
01
01
01
01
01
01
01
01
01
0C
01
0C
0C
0C
07
0C
07
0C
07
0C
07
0C
0C
07
0C
0C
01
0C
01
01
0C
01
0C
07
0C
0C
0C
0C
0C
0C
0C
0C
0C
0C
0C
0C
0C
0C
0C
0C
01
01
01
0C
01
0C
0C
01
0C
01
0C
0C
01
01
0C
0C
07
0C
0C
0C
0C
0C
0C
01
01
01
01
01
01
01
01
0C
01
01
01
01
01
01
07
01
01
01
01
01
01
01
01
01
01
01
01
01
01
01
01
01
01
01
01
01
01
01
01
01
01
01
01
01
01
01
01
01
01
01
01
0401
0068
0069
0001
0057
00000002
006A
