0A
0B
0A
09
0B
07
0A
0B
0A
0B
0A
0B
0A
0A
0A
0A
07
07
0A
0A
0A
0A
0A
0A
07
07
07
01
01
01
01
01
01
07
01
01
01
01
01
01
01
01
01
01
01
01
01
01
01
07
01
01
01
01
01
01
01
01
01
01
01
01
01
01
01
01
01
01
01
01
01
01
01
01
01
01
01
01
01
01
01
0C
07
0C
07
0C
07
0C
0C
01
01
0C
0C
0C
0C
0C
0C
0C
0C
0C
0C
01
07
01
07
0C
0C
0C
0C
0C
0C
01
01
01
07
01
01
01
01
01
07
01
01
01
07
01
01
07
01
01
01
01
01
01
01
01
01
01
01
01
01
01
01
01
01
01
01
01
01
01
01
01
0001
0035
0036
0001
001E
0000002E
0001
0001
00000004
B8000E
B0
0000
0002
001F
00000006
0001
0000
0499
0020
0000000C
0001
0000
0004
0021
0026
0000
