0A
07
0A
09
07
0A
09
09
0A
09
0A
09
09
09
0A
09
0B
07
0B
09
09
09
0A
07
07
07
07
01
01
01
01
01
01
01
01
01
01
01
01
01
01
01
01
01
01
01
01
01
01
01
01
01
01
01
01
01
01
01
01
01
01
01
01
01
01
01
01
01
01
01
01
01
01
01
01
01
01
01
01
01
01
01
01
01
01
01
01
01
01
01
01
01
01
01
01
07
01
01
01
01
01
0C
01
0C
01
0C
0C
0C
07
0C
0C
0C
0C
0C
0C
0C
0C
07
0C
0C
0C
0C
0C
0C
01
01
01
01
07
01
01
01
01
01
01
01
01
01
01
01
01
0001
0043
0044
0001
0030
0000002C
0001
0001
00000002
04
AC
0000
0002
0031
00000006
0001
0000
0049
0032
0000000C
0001
0000
0002
0033
0034
0000
