0A
09
09
09
09
09
09
07
0B
0B
08
0A
0A
07
08
0A
0B
07
0A
07
0A
07
0A
07
08
0B
07
07
08
0A
07
0A
08
07
0A
0B
07
12
0A
07
08
09
0A
0A
0B
0B
0B
0A
0B
0B
08
07
08
0B
07
0A
0B
08
08
08
08
0B
07
0B
0B
07
0A
07
0A
0B
07
12
0A
08
08
0B
07
0A
0A
0B
07
0A
12
0A
01
01
01
01
01
01
01
01
01
01
01
01
01
01
01
01
01
01
01
01
01
01
01
01
01
01
01
01
01
01
01
01
01
01
01
01
01
01
01
01
01
01
01
01
01
01
01
01
01
01
01
01
01
01
01
01
01
01
01
01
01
01
01
01
01
07
07
07
01
01
01
01
01
01
01
01
01
01
01
01
01
01
01
01
01
01
01
01
01
01
01
01
01
01
07
01
01
01
01
01
01
01
01
01
01
01
01
0C
0C
0C
0C
0C
0C
0C
01
0C
0C
07
0C
07
0C
01
01
0C
0C
01
07
0C
01
0C
01
0C
01
01
07
0C
01
01
01
0C
01
0C
01
01
0C
01
01
0F
08
0C
0C
01
01
07
0C
0C
0C
0C
0C
0C
0C
0C
07
0C
01
01
0C
01
0C
0C
01
01
07
0C
01
07
0C
0C
01
0C
01
0C
0C
01
08
0C
0C
01
0C
01
0C
0C
0C
01
0C
08
01
01
01
01
01
01
01
01
01
01
01
01
01
01
01
01
01
01
01
01
01
01
01
01
01
01
01
01
01
01
0A
01
01
01
01
01
01
01
01
01
01
01
01
01
01
01
01
01
01
01
01
01
01
01
01
01
01
01
01
01
01
01
01
01
01
01
01
01
01
01
01
01
01
07
0C
01
07
01
01
01
07
01
01
0001
00AA
00AB
0001
006A
00000065
0002
0002
00000020
2A
B40006
2B
B900400200
990014
2A
B40006
2B
B900410200
C00042
B60043
AC
03
AC
0000
0003
006B
0000000E
0003
0000
00DD
000D
00DE
001E
00E0
006C
00000016
0002
0000
0020
006D
006E
0000
0000
0020
00AC
00AD
0001
008C
00000003
0001
1E
