01
07
01
07
01
07
01
01
01
07
01
01
0C
01
01
01
01
01
01
01
01
01
01
0C
0A
01
0C
0A
0C
09
01
01
01
01
01
01
01
03
01
07
01
0C
0B
01
07
01
01
0C
0A
01
07
01
01
0C
0A
01
07
01
01
0C
0A
01
01
01
01
01
07
01
01
0C
0A
01
07
0C
0A
01
01
01
07
01
01
0C
0A
01
01
0C
0A
0C
09
01
07
01
01
0C
0A
01
0C
0A
01
01
01
07
01
0C
0A
01
01
01
01
01
08
01
01
03
0C
0A
01
07
01
0C
0A
0C
09
01
07
0A
0C
0A
01
0C
0A
01
01
0C
09
01
01
01
01
01
01
01
01
1001
0063
0064
0001
0088
00000010
0001
0001
00000004
B80069
B0
0000
0000
