0A
07
0C
01
01
01
09
07
0C
01
01
01
09
0C
01
09
0C
01
0A
0C
01
01
0A
07
0C
01
01
01
0A
0C
01
01
07
01
0A
08
01
0A
0C
01
01
08
01
0A
0C
01
01
08
01
08
01
08
01
08
01
0A
0C
01
01
08
01
0A
08
01
0A
07
0C
01
01
01
01
01
01
08
01
01
01
01
01
08
01
01
08
01
01
01
01
01
01
01
01
01
01
01
03
01
01
01
01
01
01
01
01
01
01
01
01
01
01
01
01
01
01
0001
0061
0062
0001
0054
0000003E
0002
0002
00000006
2A
2B
B50007
B1
0000
0002
0055
0000000A
0002
0000
003A
0005
003B
0056
00000016
0002
0000
0006
0057
0058
0000
0000
0006
000B
000C
0001
