01
07
01
01
07
01
01
01
01
01
01
01
01
01
01
01
01
01
01
01
01
01
0C
09
07
01
01
0C
0A
01
01
01
0C
0A
01
01
01
01
0C
0A
0C
09
01
01
01
01
0C
09
0C
09
0C
09
0C
09
0C
09
0C
09
01
01
08
01
08
0C
0A
08
01
08
08
01
08
08
01
08
08
01
08
08
01
08
0C
0A
01
01
01
01
01
01
01
0002
0023
0024
0003
0053
00000048
0003
0004
0000000C
2A
2B
1C
B70028
2A
2D
B5002A
B1
0000
0002
0054
0000000E
0003
0000
001D
0006
001E
000B
001F
0055
00000016
0002
0000
000C
002B
000B
0000
0000
000C
0011
0012
0003
0057
00000002
0025
0056
0000000D
03
0000
1000
0000
1000
0000
0010
