01
07
01
07
01
01
07
01
07
01
01
07
01
01
07
01
01
01
01
01
01
0C
0A
01
07
0A
0C
09
01
0C
0A
01
01
01
01
01
01
01
0C
0A
01
01
01
01
01
01
01
01
01
01
0C
0A
01
01
01
01
01
0C
0A
01
01
01
01
01
0C
0A
01
01
01
01
07
01
01
0C
0A
01
01
0C
0A
01
01
01
0C
0A
01
01
01
01
0C
0A
01
01
01
01
01
0C
0A
01
01
01
01
0C
0A
01
01
01
01
0C
0A
01
01
0C
0A
01
01
01
01
0C
0A
01
01
01
01
01
01
0001
003D
003E
0001
0079
00000042
0002
0002
0000000A
2A
B4001C
2B
B60042
2A
B0
0000
0002
007A
00000016
0002
0000
000A
0020
0021
0000
0000
000A
003D
0043
0001
007B
0000000A
0002
0000
004F
0008
0050
