0A
07
0A
08
07
0A
0A
08
08
08
08
08
08
08
08
08
07
0A
08
0A
0A
0A
07
01
01
01
01
01
01
01
01
01
01
01
01
01
01
01
01
01
01
01
01
07
07
01
01
01
01
01
01
01
01
01
01
01
01
01
01
01
01
01
01
01
01
01
01
01
01
01
01
0C
01
07
0C
01
01
07
0C
07
0C
01
01
01
01
01
01
01
01
01
01
01
0C
0C
07
0C
01
01
01
01
01
01
01
01
01
01
07
01
01
01
01
01
01
01
01
01
01
01
0009
0031
0020
0001
001A
0000007F
0005
0003
0000002C
05
BD0002
59
03
2A
53
59
04
2B
53
B80003
99001B
120B
4D
2C
05
BD0005
59
03
2A
53
59
04
2B
53
B80006
01
B80007
AC
02
AC
0000
0003
001B
00000012
0004
0000
004E
0012
004F
0015
0050
002A
0052
001C
00000020
0003
0015
0015
0021
0022
0002
0000
002C
0032
0022
0000
0000
002C
0033
0022
0001
0025
00000003
0001
2A
