0A
07
0C
01
01
01
0B
07
0C
01
01
01
08
01
0B
07
0C
01
01
01
07
01
07
01
0A
0B
0C
01
01
0A
07
0C
01
01
01
09
07
0C
01
01
01
0B
07
0C
01
01
01
0A
07
0C
01
01
01
0B
07
0C
01
01
01
09
07
0C
01
01
01
0A
0C
01
01
0B
0C
01
01
07
01
0A
0C
01
01
09
0C
01
01
0B
07
0C
01
01
01
0B
0C
01
01
0B
07
01
0A
0C
01
0A
0C
01
07
01
0A
0B
0C
01
01
0B
07
0C
01
01
0B
0C
01
01
07
01
0B
0C
01
01
0B
07
0C
01
01
01
0B
0C
01
01
0B
0C
01
01
0B
0C
01
01
09
0C
01
01
07
01
08
01
0B
07
0C
01
01
01
07
01
12
0C
01
01
0A
0B
0C
01
07
01
0A
0C
01
0B
0C
01
01
0A
0C
01
01
07
01
07
01
0A
0C
01
08
01
0A
07
0C
01
01
01
0B
08
01
08
01
0A
0C
01
01
08
01
07
01
0A
08
01
08
01
07
01
0A
0C
01
01
0B
0C
01
01
01
01
01
01
01
01
01
01
01
01
01
01
01
01
01
01
01
01
07
01
01
01
01
01
01
01
01
01
01
01
01
01
01
01
01
01
01
01
01
01
01
01
01
01
01
01
01
01
01
01
01
01
01
01
01
01
01
01
01
0F
0A
07
0C
01
01
08
01
01
07
01
07
01
01
000C
0111
00DA
0001
00DE
0000006E
0002
0002
00000020
2A
B900070100
12D1
B9000F0200
C000CE
4C
01
2B
A6000B
BB00B6
59
B700D0
BF
2B
B0
0000
0003
00DF
00000012
0004
0000
0091
0011
0092
0016
0093
001E
0095
00E0
00000016
0002
0000
0020
00E3
00E4
0000
0011
000F
010F
0110
0001
00F0
00000008
0001
FC
001E
07
00CE
