0A
07
0C
01
01
01
07
01
0A
0C
01
09
07
0C
01
01
01
07
01
0A
09
0C
01
01
07
01
12
0C
01
01
0A
0C
01
09
0C
01
01
09
0C
01
01
09
0C
01
01
09
0C
01
01
09
0C
01
0A
07
0C
01
01
01
09
0C
01
09
0C
01
01
09
0C
01
01
0A
07
0C
01
01
01
07
01
0A
0C
01
09
0C
01
01
07
01
0A
0C
01
09
0C
01
01
07
01
0A
0C
01
09
0C
01
07
01
12
0C
01
0A
0C
01
09
0C
01
09
07
0C
01
01
09
0C
01
0A
0C
01
07
01
08
01
0A
0C
01
0A
0C
01
01
0A
0C
01
0A
0C
01
0A
0C
01
0A
0C
01
01
0A
0C
01
01
0A
0C
01
0A
0C
01
09
0C
01
01
0A
0C
01
01
0A
07
0C
01
01
01
09
0C
01
08
01
09
0C
01
0A
0C
01
01
0A
0C
01
01
0A
0C
01
01
09
0C
01
09
0C
01
01
0A
0C
01
01
07
01
04
0A
0C
01
01
09
0C
01
09
0C
01
0A
0C
01
01
0A
0C
01
09
0C
01
09
0C
01
01
07
01
0A
07
0C
01
07
01
04
09
0C
01
09
0C
01
0A
0C
01
01
0A
0C
01
01
0A
0A
0C
01
01
0A
0C
01
09
07
01
09
07
0C
01
01
01
09
0C
01
09
0C
01
0A
0C
01
01
0A
0C
01
0A
0C
07
0A
0C
01
0A
0C
01
09
09
09
09
0A
0A
0C
09
0C
01
09
0A
07
01
01
01
03
01
01
01
01
01
01
01
01
01
01
01
01
01
01
01
01
01
01
01
01
01
01
01
01
01
01
01
01
01
01
01
01
01
01
01
01
01
01
01
01
01
01
01
01
01
01
01
01
01
01
01
01
01
01
01
01
01
01
01
01
01
01
01
01
01
01
01
01
01
01
01
01
01
01
0F
0A
07
0C
01
01
01
10
0F
0A
10
01
0F
0A
0C
10
01
01
01
01
07
01
07
01
01
0001
0173
0174
0001
013D
00000041
0001
0001
00000005
2A
B4003E
B0
0000
0003
013E
00000006
0001
0000
01DE
013F
0000000C
0001
0000
0005
0140
0141
0000
0143
0000000C
0001
0000
0005
0140
0144
0000
