09
0A
07
07
0A
09
07
08
0A
09
0A
09
09
09
07
08
0A
0A
0A
0A
0B
07
0A
0A
07
0A
08
0A
09
0A
08
0A
08
08
09
08
0A
0A
07
0A
0A
07
07
07
01
01
01
01
01
01
01
01
01
01
03
01
03
01
07
01
01
01
01
01
01
01
01
01
01
01
01
01
01
01
01
01
01
01
01
01
01
01
01
01
01
01
01
01
01
01
01
01
01
01
01
01
01
01
01
01
01
01
01
01
01
01
01
07
0C
07
0C
01
0C
0C
01
01
0C
0C
0C
0C
0C
0C
01
01
0C
0C
0C
07
0C
07
01
0C
07
0C
01
0C
01
0C
0C
0C
0C
07
0C
01
07
0C
07
0C
01
0C
0C
01
01
01
07
01
01
01
01
01
01
01
01
01
01
01
01
01
01
01
01
01
01
01
01
01
01
01
01
01
01
01
01
01
01
01
0019
005F
005E
0001
0046
00000028
0002
0000
00000010
B80017
B60018
03
B900150200
C00019
B0
0000
0001
0047
00000006
0001
0000
0704
