0A
0A
0A
0A
0A
0A
0A
0A
0A
0A
0A
09
0A
09
08
0A
0B
07
0A
0B
0A
07
0A
07
0A
0A
0A
0A
0A
09
07
0A
07
0A
08
0B
0B
0B
0B
0B
0B
07
0B
0B
0A
0B
0A
0B
0A
0B
0A
0B
0B
07
0A
0A
07
08
0A
0A
0A
08
08
08
09
07
0A
08
07
0A
0A
07
0A
0A
08
0A
0A
08
08
08
09
09
07
0A
08
07
0A
0A
07
0A
0A
08
0A
0A
08
08
08
0A
07
0A
0B
0A
07
07
01
01
01
01
01
01
01
01
01
01
01
01
01
01
01
01
01
01
01
01
01
01
01
01
01
01
01
01
01
01
01
01
07
01
01
01
01
01
01
01
01
01
01
01
01
01
01
01
07
01
01
01
01
01
01
01
01
01
07
01
01
01
01
01
01
01
01
07
07
07
01
01
01
01
01
07
01
01
01
01
01
07
01
01
01
01
01
01
01
01
01
01
01
01
01
01
01
01
01
01
01
01
01
01
01
01
01
01
01
01
01
01
01
01
01
01
07
01
01
01
01
01
01
01
01
01
01
01
01
01
01
01
01
01
01
01
01
01
01
07
07
01
01
01
01
07
01
01
01
01
01
01
01
01
01
01
01
01
01
01
01
01
01
01
01
01
01
01
01
01
01
01
01
01
07
01
01
01
01
01
01
01
01
01
01
01
01
01
01
01
01
01
01
01
01
01
01
01
01
01
01
01
07
07
01
01
01
01
07
01
01
01
01
01
01
01
01
01
01
01
01
01
01
01
01
01
01
01
01
01
01
01
01
01
01
01
01
07
01
01
01
01
01
01
01
01
01
01
01
01
01
01
01
01
01
01
01
01
01
01
01
01
01
0C
07
0C
0C
0C
0C
0C
0C
0C
0C
0C
0C
0C
0C
0C
07
0C
07
0C
01
0C
0C
07
0C
01
0C
01
0C
0C
0C
0C
01
01
0C
0C
0C
0C
07
0C
07
0C
0C
01
07
0C
0C
0C
0C
0C
0C
0C
0C
0C
0C
01
0C
01
01
0C
0C
01
01
01
0C
01
0C
01
0C
0C
01
0C
01
0C
0C
01
01
01
0C
0C
01
0C
01
0C
0C
01
0C
01
0C
0C
01
01
01
07
0C
01
0C
07
01
01
01
01
01
01
01
01
01
01
01
01
01
01
01
01
01
01
01
01
01
01
01
01
01
01
01
01
01
01
01
01
01
01
01
01
01
01
01
01
01
01
01
01
01
01
01
01
01
01
01
01
01
01
01
01
0001
00E4
00E5
0002
007C
0000005B
0005
0003
0000000B
BB0036
59
2A
1B
2C
B70038
B0
0000
0003
007D
00000006
0001
0000
00BD
007E
00000020
0003
0000
000B
007F
0080
0000
0000
000B
00A7
00A8
0001
0000
000B
009F
00A9
0002
0081
0000000C
0001
0000
000B
007F
0082
0000
0072
00000002
00E6
