0A
0A
0A
0A
0A
0A
0A
0A
0A
0A
0A
09
0A
09
08
0A
0B
07
0A
0B
0A
07
0A
07
0A
0A
0A
0A
0A
09
07
0A
07
0A
08
0B
0B
0B
0B
0B
0B
07
0B
0B
0A
0B
0A
0B
0A
0B
0A
0B
0B
07
0A
0A
07
08
0A
0A
0A
08
08
08
09
07
0A
08
07
0A
0A
07
0A
0A
08
0A
0A
08
08
08
09
09
07
0A
08
07
0A
0A
07
0A
0A
08
0A
0A
08
08
08
0A
07
0A
0B
0A
07
07
01
01
01
01
01
01
01
01
01
01
01
01
01
01
01
01
01
01
01
01
01
01
01
01
01
01
01
01
01
01
01
01
07
01
01
01
01
01
01
01
01
01
01
01
01
01
01
01
07
01
01
01
01
01
01
01
01
01
07
01
01
01
01
01
01
01
01
07
07
07
01
01
01
01
01
07
01
01
01
01
01
07
01
01
01
01
01
01
01
01
01
01
01
01
01
01
01
01
01
01
01
01
01
01
01
01
01
01
01
01
01
01
01
01
01
01
07
01
01
01
01
01
01
01
01
01
01
01
01
01
01
01
01
01
01
01
01
01
01
07
07
01
01
01
01
07
01
01
01
01
01
01
01
01
01
01
01
01
01
01
01
01
01
01
01
01
01
01
01
01
01
01
01
01
07
01
01
01
01
01
01
01
01
01
01
01
01
01
01
01
01
01
01
01
01
01
01
01
01
01
01
01
07
07
01
01
01
01
07
01
01
01
01
01
01
01
01
01
01
01
01
01
01
01
01
01
01
01
01
01
01
01
01
01
01
01
01
07
01
01
01
01
01
01
01
01
01
01
01
01
01
01
01
01
01
01
01
01
01
01
01
01
01
0C
07
0C
0C
0C
0C
0C
0C
0C
0C
0C
0C
0C
0C
0C
07
0C
07
0C
01
0C
0C
07
0C
01
0C
01
0C
0C
0C
0C
01
01
0C
0C
0C
0C
07
0C
07
0C
0C
01
07
0C
0C
0C
0C
0C
0C
0C
0C
0C
0C
01
0C
01
01
0C
0C
01
01
01
0C
01
0C
01
0C
0C
01
0C
01
0C
0C
01
01
01
0C
0C
01
0C
01
0C
0C
01
0C
01
0C
0C
01
01
01
07
0C
01
0C
07
01
01
01
01
01
01
01
01
01
01
01
01
01
01
01
01
01
01
01
01
01
01
01
01
01
01
01
01
01
01
01
01
01
01
01
01
01
01
01
01
01
01
01
01
01
01
01
01
01
01
01
01
01
01
01
01
0001
0121
0122
0002
007C
00000075
0004
0002
00000022
2A
B40041
B900240100
1B
A3000D
BB0039
59
124B
B7003B
BF
2A
1B
2A
1B
B6004C
B6004D
B0
0000
0004
007D
0000000A
0002
0000
0142
0017
0143
007E
00000016
0002
0000
0022
007F
0080
0000
0000
0022
00A7
00A8
0001
0081
0000000C
0001
0000
0022
007F
0082
0000
0088
00000003
0001
17
0072
00000002
0123
