01
07
01
07
01
01
01
01
07
01
07
01
01
0C
09
01
08
01
01
0C
0A
01
0C
0A
01
01
01
01
01
01
01
01
01
01
08
01
07
01
01
0C
0A
01
08
01
01
0C
09
01
07
01
07
01
0C
09
01
07
01
01
0C
0A
01
07
01
01
0C
0A
01
01
01
01
01
08
01
08
01
07
01
0C
09
01
07
01
0C
0A
01
01
01
01
03
03
03
01
01
03
01
01
01
01
01
01
01
01
01
01
01
01
01
01
01
01
01
01
01
01
0001
001F
0020
0003
006A
00000064
0005
0004
00000026
2B
1223
B80029
2C
122B
B80029
B2002F
04
BD0031
4E
2D
03
B20036
2B
C00033
B6003C
53
2D
B60042
B0
0000
0002
006B
00000006
0001
000C
094C
006C
00000020
0003
0000
0026
0019
001A
0000
0000
0026
0022
0043
0001
0000
0026
002A
0044
0002
006E
00000006
0001
0021
0000
006F
0000000D
02
0001
0021
0000
0001
0021
0000
