0A
07
0C
01
01
01
07
01
0A
07
01
01
01
01
01
01
01
01
01
01
01
01
01
01
01
01
01
01
01
01
01
01
01
01
01
01
01
01
01
01
01
01
01
01
01
01
01
01
01
01
01
01
01
01
01
01
01
01
01
01
01
01
01
01
01
01
01
01
01
01
01
01
01
01
01
01
01
01
01
01
01
01
01
01
01
01
01
01
01
01
01
01
01
01
01
01
01
01
01
01
01
01
01
01
01
01
01
01
01
01
01
01
01
01
01
01
01
01
01
01
01
01
01
01
01
01
01
01
01
01
01
01
01
01
01
01
01
01
01
01
01
01
01
01
01
01
01
01
01
01
01
01
01
01
01
01
01
01
01
01
01
01
01
01
01
01
01
01
01
01
01
01
01
01
01
01
01
01
01
01
01
01
01
01
01
01
01
01
01
01
01
01
01
01
01
01
01
01
01
01
01
01
01
01
01
01
01
01
01
01
01
01
01
01
01
01
01
01
01
01
01
01
01
01
01
01
01
01
01
01
01
01
01
01
01
01
01
01
01
01
01
01
01
01
01
01
01
01
01
07
01
01
01
07
01
07
01
01
07
01
07
01
01
07
01
01
07
01
07
01
01
07
01
07
01
01
07
01
07
01
01
07
01
01
07
01
07
01
01
07
01
07
01
01
07
01
01
07
01
07
01
01
07
01
01
0009
00DA
0012
0003
000C
00000044
0002
0001
00000008
BB0007
59
B70009
BF
0000
0003
000D
00000006
0001
0000
05F5
000E
0000000C
0001
0000
0008
0054
0014
0000
0015
0000000C
0001
0000
0008
0054
0056
0000
0017
00000002
0094
0019
0000000F
0002
001A
0000
001B
0001
0001001C
73
00DA
