0A
09
07
08
0A
09
09
09
08
0A
0A
0A
0A
0B
07
07
0A
08
0A
0A
0A
09
0B
0B
0B
07
07
07
01
01
01
05
01
01
01
01
01
01
01
01
01
01
01
01
01
01
01
01
01
01
01
01
01
01
01
01
01
01
01
01
01
01
01
01
01
01
07
01
01
01
01
01
01
01
01
01
01
01
01
01
01
0C
0C
01
01
0C
0C
0C
0C
01
0C
07
0C
0C
0C
07
0C
01
01
01
0C
0C
07
0C
07
0C
07
0C
0C
07
0C
01
01
01
01
01
01
01
01
01
01
01
01
01
01
01
01
01
01
01
01
01
01
0001
0032
0033
0001
002B
00000054
0003
0002
00000014
2B
C7000D
BB0003
59
1204
B70005
BF
2A
2B
B50002
B1
0000
0002
002C
00000012
0004
0000
0046
0004
0047
000E
0048
0013
0049
002D
00000016
0002
0000
0014
002E
002F
0000
0000
0014
0022
0023
0001
