07
01
07
01
01
01
01
01
01
0A
07
01
0C
01
01
09
0C
01
01
01
0A
0C
01
01
01
01
01
07
01
01
01
07
01
09
0C
01
01
08
01
0A
07
01
0C
01
01
0B
07
01
0C
01
01
08
01
0C
01
01
12
0B
07
01
0C
01
01
0A
0C
01
01
01
01
01
01
01
01
07
01
0A
08
08
01
08
01
0A
0C
01
01
08
01
08
01
0A
0C
01
08
01
09
07
01
0C
01
01
0A
0C
01
01
08
01
08
01
08
01
0C
01
12
0B
0C
01
01
01
01
01
01
01
01
01
0B
07
01
0C
01
01
08
01
0B
0C
01
01
0A
07
01
0C
01
01
08
01
07
01
0B
0C
01
01
0A
0C
01
01
01
01
01
01
01
01
01
0A
07
01
0C
01
01
0F
01
10
0A
0C
0F
01
10
10
0A
0C
0F
01
10
01
07
01
07
01
01
0008
0007
0008
0001
0009
00000029
0001
0000
00000009
1201
B8000A
B30010
B1
0000
0002
0012
00000006
0001
0000
0010
0013
00000002
0000
