0A
09
07
0A
07
0B
0A
09
09
07
09
09
0A
07
0A
0A
0A
0A
0A
0A
0A
0A
08
0A
09
07
0A
08
07
0A
08
07
08
07
08
09
08
07
08
07
0A
07
0A
07
0A
0A
07
07
01
01
01
01
01
01
01
01
01
01
01
01
01
01
01
01
01
01
01
01
01
01
01
01
01
01
01
01
01
01
01
01
01
01
01
01
01
01
01
01
01
01
01
01
01
01
01
01
01
01
01
0C
0C
01
0C
01
0C
0C
0C
0C
01
0C
0C
0C
01
0C
0C
0C
07
0C
0C
0C
0C
0C
01
07
0C
0C
01
07
0C
01
0C
01
01
01
07
0C
01
01
0C
01
0C
01
0C
0C
01
01
01
01
01
01
01
01
01
01
01
01
01
01
01
01
01
01
01
01
01
01
01
01
01
01
01
01
01
01
01
01
01
0001
004C
004D
0001
0039
00000041
0004
0002
0000000D
BB000E
59
2A
B6000F
2B
B70010
B0
0000
0002
003A
00000006
0001
0000
0040
003B
00000016
0002
0000
000D
003C
003D
0000
0000
000D
004E
0034
0001
