0A
09
0B
0B
0B
07
0B
07
09
07
0B
09
08
0B
07
08
07
07
01
01
01
01
01
01
01
01
01
01
01
01
01
01
01
01
01
01
01
01
01
01
01
01
01
01
01
01
01
01
07
07
07
07
01
07
01
01
01
01
07
07
01
01
01
01
01
01
01
01
01
01
01
01
01
01
01
01
01
0C
0C
0C
07
0C
0C
01
0C
01
0C
01
0C
0C
01
07
0C
01
01
01
01
01
01
01
01
01
01
01
01
01
01
01
01
01
01
0001
0037
0038
0002
001F
000000DE
0002
0006
00000039
01
4D
2A
B40009
B900030100
4E
2D
B900040100
990025
2D
B900050100
C0000A
3A04
1904
2B
B9000B0200
4D
2C
C60005
2C
B0
A70005
3A05
A7FFD8
01
B0
0001
0020
002E
0032
0008
0003
0020
00000026
0009
0000
0029
0002
002A
0020
002C
0029
002D
002D
0030
002F
0034
0032
0032
0034
0034
0037
0036
0021
0000003E
0006
0034
0000
0026
0027
0005
0020
0014
0028
0039
0004
000C
002B
002A
002B
0003
0000
0039
0022
0023
0000
0000
0039
002C
002D
0001
0002
0037
002E
003A
0002
0030
0000001B
0005
FD
000C
07
003B
07
0032
FC
0022
07
003C
42
07
0034
FA
0001
FA
0002
0035
00000004
0001
0036
