0A
07
07
0A
07
0A
07
08
0A
07
08
07
0A
0A
08
0A
0A
07
08
0A
07
0A
07
0A
07
0A
08
0A
09
07
07
01
01
01
01
01
01
01
01
01
01
01
01
01
01
01
01
01
01
01
01
01
01
01
01
01
01
01
01
01
01
01
01
01
01
01
01
01
01
01
01
01
0C
01
01
07
0C
01
01
01
0C
01
01
01
07
0C
0C
01
0C
0C
01
01
0C
01
01
01
01
07
0C
0C
01
01
01
01
01
01
01
01
01
01
01
01
01
01
01
01
01
01
01
0001
003D
003E
0002
0027
00000032
0002
0001
00000008
BB0019
59
B7001A
B0
0000
0002
0028
00000006
0001
0000
007E
0029
0000000C
0001
0000
0008
002A
002B
0000
0036
00000006
0001
0037
0000
