0A
07
0C
01
01
01
0A
07
01
09
0C
01
01
0A
0C
01
01
0A
0C
01
09
07
0C
01
01
01
0A
07
0C
01
01
01
0A
0C
01
07
01
0A
0C
01
01
0A
0C
01
01
07
01
0A
07
01
0A
0A
0C
01
01
0A
0C
01
03
03
0A
0C
01
0A
0C
01
01
0A
0A
07
0C
01
01
0A
0C
01
01
0A
07
0C
01
01
01
0A
07
0C
01
01
0A
0C
01
01
0A
0C
01
01
09
0C
01
01
0A
0C
01
01
0B
07
0C
01
01
01
0B
0C
01
07
01
08
01
0A
0C
01
08
01
0A
0C
01
01
08
01
08
01
0A
0C
01
07
01
0A
12
0C
01
01
0A
07
01
07
01
0A
0C
01
0A
0C
01
0A
0C
01
07
01
07
01
0A
0C
01
0A
0C
01
0A
0C
07
01
0A
07
0C
01
01
09
0C
01
01
09
0C
01
0B
07
0C
01
01
0A
0C
01
01
0A
0C
01
01
0A
0C
01
0A
0C
01
01
0A
0C
01
01
0A
0C
01
0A
0C
01
07
01
08
01
0A
09
0C
01
01
07
01
08
07
01
0A
0C
01
09
0C
01
01
07
01
0A
07
01
0A
07
01
0A
0C
01
09
0C
01
01
07
01
07
01
07
01
0A
0C
01
0A
0C
01
0B
07
0C
01
01
01
0A
07
0C
01
01
01
0A
0C
01
01
07
01
07
01
07
01
07
01
01
01
01
01
01
01
01
01
01
01
01
01
01
01
01
01
01
01
01
01
01
01
01
01
01
01
01
01
01
01
01
01
01
01
01
01
01
01
01
01
01
01
01
01
01
01
07
01
01
01
01
01
01
01
01
01
01
01
01
01
01
01
01
01
07
01
07
01
01
0F
0A
07
0C
01
01
08
01
01
01
01
01
01
01
07
01
07
01
01
0001
00C4
0060
0001
011F
0000002E
0001
0001
00000004
B8005D
B0
0000
0002
0120
00000006
0001
0000
00FA
0121
0000000C
0001
0000
0004
0122
0123
0000
