07
09
0A
0A
0A
0B
07
0B
07
09
0B
0A
0B
09
0B
09
07
07
07
01
01
01
01
01
01
01
01
01
01
01
01
01
01
01
01
01
01
01
01
01
01
01
01
01
01
01
01
01
01
07
0C
0C
07
0C
07
0C
07
0C
01
0C
01
07
0C
0C
0C
0C
0C
0C
0C
01
01
01
01
01
01
01
01
01
01
01
01
01
01
01
01
01
01
01
01
01
01
01
01
01
0001
0014
0015
0002
0016
0000005D
0005
0002
0000000D
BB0001
59
2A
B20002
2B
B70003
B0
0000
0003
0017
00000006
0001
0000
002C
0018
00000016
0002
0000
000D
0019
001A
0000
0000
000D
001B
001C
0001
001D
00000016
0002
0000
000D
0019
001E
0000
0000
000D
001B
001F
0001
0020
00000002
0021
