01
07
01
01
07
01
07
01
01
01
01
0C
09
01
0C
0A
01
01
01
01
01
01
01
08
01
07
01
01
0C
0A
01
07
01
01
0C
09
01
07
01
01
0C
0A
01
07
01
01
0C
09
01
08
01
07
01
01
0C
0A
0F
01
0C
12
01
07
01
01
0C
0A
01
01
0C
0B
01
07
01
01
0C
0A
01
01
01
01
01
07
0C
0A
01
07
01
01
0C
09
01
01
01
01
03
03
03
01
03
01
03
01
01
01
01
01
01
0C
01
01
01
01
01
01
01
01
01
01
01
01
1041
0014
0050
0001
006E
00000040
0002
0002
0000000C
2A
2B
C00052
B60054
B2005A
B0
0000
0002
0071
00000006
0001
0000
005E
006F
00000016
0002
0000
000C
0011
0012
0000
0000
000C
005B
005C
0001
