09
07
0C
01
01
01
09
0C
01
01
09
0C
01
09
0C
01
01
09
0C
01
0A
07
0C
01
01
01
07
01
0A
0B
07
0C
01
01
01
07
01
0B
0C
01
01
07
01
0A
0C
01
0A
0C
0A
07
0C
01
01
01
07
01
0A
07
01
0A
0C
01
0A
0C
01
07
01
0A
0C
01
0A
0C
01
01
0A
0C
01
01
01
01
01
01
01
01
01
01
01
01
01
01
01
01
01
01
01
01
01
01
01
01
01
01
01
01
01
01
01
01
01
01
01
07
01
0011
0014
0056
0002
0050
00000063
0004
0002
0000001D
2A
2B
BB001B
59
B7001D
B9001E0200
C00024
B900260100
C0002A
B6002C
B0
0000
0003
0051
00000006
0001
0000
00B8
0052
00000016
0002
0000
001D
0053
0054
0000
0000
001D
0057
0058
0001
0059
0000000C
0001
0000
001D
0057
005A
0001
005B
00000002
005C
