0A
09
0B
0B
0B
07
0A
09
0B
0A
09
0B
0A
09
0B
0A
0A
0B
0B
0B
0B
0B
07
07
0A
0A
0A
0A
07
07
07
07
01
01
01
05
01
01
01
01
01
07
01
01
01
01
01
01
01
01
01
01
01
01
01
01
01
01
01
01
01
01
01
01
01
01
01
01
01
01
01
01
01
01
01
01
01
01
01
01
01
01
01
01
01
01
01
01
01
01
01
01
01
01
01
01
01
01
01
01
01
01
07
01
01
01
01
01
01
01
01
0C
0C
0C
0C
0C
01
0C
0C
0C
07
0C
0C
0C
07
0C
0C
0C
07
0C
07
0C
0C
0C
0C
0C
0C
01
01
0C
07
01
07
01
01
01
01
01
07
01
01
01
01
01
01
01
01
01
01
01
01
01
0001
0061
003F
0001
0035
0000003F
0002
0002
0000000B
2A
B40002
1B
B900120200
AC
0000
0002
0036
00000006
0001
0000
00E9
0037
00000016
0002
0000
000B
0038
003A
0000
0000
000B
0040
0041
0001
