09
07
0C
01
01
01
0A
07
0C
01
01
01
0B
07
0C
01
01
01
09
07
0C
01
01
0B
0C
01
01
0A
07
0C
01
01
01
0A
0C
01
01
0A
0C
01
0B
07
01
0B
0C
01
0B
07
01
0B
0C
01
01
0B
0C
01
01
0A
07
0C
01
01
01
0B
07
0C
01
01
09
0C
01
01
0A
0C
01
01
07
01
07
01
0A
08
01
0A
0C
01
01
0A
0C
01
08
01
08
01
0A
0C
01
01
0A
0C
01
0A
0C
01
01
0B
07
0C
01
01
01
0A
07
0C
01
01
0A
0A
0C
01
01
07
01
0A
0C
01
07
01
0A
0C
01
07
01
08
01
08
01
0A
07
01
0A
0C
01
0A
07
0C
01
01
01
07
01
0A
0C
01
0A
0C
01
0A
0A
07
0C
01
01
01
0A
0C
01
01
0A
0C
01
0A
0A
0C
01
01
0A
0C
01
01
0A
0C
01
01
0A
0A
0C
07
01
07
01
07
01
01
01
01
05
01
01
01
01
01
01
01
01
01
01
01
01
01
01
01
01
01
01
01
01
01
01
01
01
01
01
01
01
01
01
01
01
01
01
01
01
01
01
01
01
01
01
01
01
01
01
01
01
01
01
01
01
01
01
01
01
01
01
01
01
01
01
01
07
01
01
01
01
01
01
01
01
07
01
01
01
01
1041
00B3
0102
0001
00C7
00000031
0003
0003
00000007
2A
1B
1C
B600B1
B0
0000
0002
00C8
00000006
0001
0000
0024
00C9
0000000C
0001
0000
0007
00CA
0048
0000
