0A
09
0B
0B
0B
07
0A
09
0B
0A
09
0B
0A
09
0B
0A
0A
0B
0B
0B
0B
0B
07
07
0A
0A
0A
0A
07
07
07
07
01
01
01
05
01
01
01
01
01
07
01
01
01
01
01
01
01
01
01
01
01
01
01
01
01
01
01
01
01
01
01
01
01
01
01
01
01
01
01
01
01
01
01
01
01
01
01
01
01
01
01
01
01
01
01
01
01
01
01
01
01
01
01
01
01
01
01
01
01
01
07
01
01
01
01
01
01
01
01
0C
0C
0C
0C
0C
01
0C
0C
0C
07
0C
0C
0C
07
0C
0C
0C
07
0C
07
0C
0C
0C
0C
0C
0C
01
01
0C
07
01
07
01
01
01
01
01
07
01
01
01
01
01
01
01
01
01
01
01
01
01
0001
0060
003F
0001
0035
0000003C
0002
0002
00000008
BB0006
59
B70007
BF
0000
0002
0036
00000006
0001
0000
00E8
0037
00000016
0002
0000
0008
0038
003A
0000
0000
0008
0040
0041
0001
