07
09
09
0A
0A
09
0B
07
07
0A
08
0A
0A
08
0B
0A
0A
0B
0B
09
0A
0B
0A
0B
08
0A
0A
07
07
01
01
01
07
01
01
01
01
01
01
01
01
01
01
01
01
01
07
01
01
01
01
01
01
01
01
01
01
01
01
01
01
01
01
01
0C
01
0C
0C
0C
0C
0C
07
0C
01
01
0C
01
0C
0C
01
0C
0C
07
0C
07
0C
0C
0C
07
0C
07
0C
0C
01
07
0C
07
0C
01
01
01
01
01
01
01
01
01
01
01
01
01
01
01
01
01
01
01
01
01
01
01
01
01
01
01
01
01
01
01
01
01
01
01
01
01
01
01
0000
0024
0025
0001
0026
0000004E
0002
0004
00000010
2A
2B
B50002
2A
2D
B50003
2A
2C
B70004
B1
0000
0002
0027
00000006
0001
0000
0077
0028
00000020
0003
0000
0010
0029
002A
0000
0000
0010
0020
0023
0001
0000
0010
002B
001F
0002
