0A
07
0C
01
01
01
09
07
0C
01
01
01
09
0C
01
01
0B
07
0C
01
01
01
0B
0C
01
01
09
0C
01
05
0A
0C
01
01
0B
07
0C
01
01
01
0B
0C
01
01
0B
07
0C
01
01
01
0B
07
0C
01
01
01
0A
0C
01
01
0B
0C
01
09
07
0C
01
01
08
01
0B
07
0C
01
01
01
08
01
0B
0C
01
01
08
01
0B
07
0C
01
01
07
01
0B
0C
01
01
0B
0C
01
01
01
01
01
05
01
01
01
01
01
01
01
01
01
01
01
01
01
01
01
01
01
01
01
01
01
01
01
01
01
01
01
01
01
01
01
01
01
01
01
01
01
01
01
01
01
07
01
01
07
01
01
01
07
01
0009
0081
0082
0001
006B
00000042
0004
0003
0000000E
2C
1E
B80020
B80034
B9002E0200
B0
0000
0002
006C
00000006
0001
0000
0210
006D
00000016
0002
0000
000E
0083
0066
0000
0000
000E
007F
0080
0002
