0A
07
07
0A
0A
0A
09
08
0A
09
07
07
0A
0A
0A
09
07
0A
0A
0A
07
07
08
0B
08
0B
0B
0B
0B
0B
0B
08
08
0B
0B
0B
07
0A
0B
09
08
0A
07
0A
09
08
09
07
07
07
07
07
07
07
01
01
01
01
01
01
01
01
01
01
01
01
01
01
01
01
01
01
01
01
01
01
01
01
01
01
01
01
01
01
01
01
01
01
01
01
01
01
01
01
01
01
01
01
01
01
07
01
01
01
01
01
01
01
01
01
01
01
01
01
01
01
01
07
0C
01
01
0C
0C
0C
01
0C
0C
01
01
0C
0C
0C
01
0C
0C
0C
01
01
01
07
0C
01
0C
0C
0C
0C
0C
0C
01
01
0C
0C
0C
01
07
0C
0C
0C
01
07
0C
01
0C
0C
01
0C
01
01
01
01
01
01
01
01
01
01
01
01
01
01
01
01
01
01
01
01
01
01
01
01
01
01
01
01
01
01
01
01
01
01
01
01
01
01
01
01
001A
004D
004E
0001
0048
0000002E
0002
0000
00000016
B20007
C7000F
1208
B80009
59
B30007
A70006
B20007
B0
0000
0001
0049
00000006
0001
0000
0014
