0A
07
0C
01
01
01
09
07
0C
01
01
01
09
0C
01
01
0B
07
0C
01
01
01
0B
0C
01
01
09
0C
01
01
05
0B
0C
01
0B
0C
01
0A
0C
01
01
0B
07
0C
01
01
01
0B
0C
01
01
0B
07
0C
01
01
01
0B
07
0C
01
01
01
0A
0C
01
01
0B
0C
01
09
07
0C
01
01
08
01
0B
07
0C
01
01
01
09
0C
01
08
01
0B
07
0C
01
01
05
0B
0C
01
01
0B
0C
01
01
08
01
0B
07
0C
01
01
07
01
0B
0C
01
01
0B
0C
01
01
01
01
01
05
01
01
01
01
01
01
01
01
01
01
01
01
01
01
01
01
01
01
01
01
01
01
01
01
01
01
01
01
01
01
01
01
01
01
01
01
01
01
01
01
01
01
01
01
01
07
01
01
01
0000
0005
0006
0001
0080
00000033
0001
0001
00000005
2A
B70001
B1
0000
0002
0081
0000000A
0002
0000
0019
0004
001B
0082
0000000C
0001
0000
0005
0083
0084
0000
