01
07
01
07
01
01
07
01
07
01
01
07
01
01
07
01
01
01
03
01
03
01
01
01
01
01
01
01
01
01
01
01
01
01
01
01
01
01
01
01
01
01
01
0C
0A
0C
09
0C
09
01
01
01
01
0C
09
0C
09
0C
09
0C
09
0C
09
01
0C
0A
01
01
01
01
01
01
01
0C
09
01
01
0C
0B
01
01
01
01
0C
0A
01
01
01
01
01
01
01
01
01
01
01
01
01
0C
09
0C
09
0C
09
01
01
01
01
0C
09
01
0C
0A
01
0C
0A
01
0C
0A
01
01
06
03
01
07
01
01
0C
0A
06
01
0C
0A
06
01
01
0C
09
01
0C
09
01
0C
09
01
0C
09
01
0C
09
01
01
01
01
01
01
01
07
0C
0A
01
01
0C
0A
01
0C
09
01
0C
09
01
07
01
01
0C
0A
01
0C
09
0C
09
01
01
01
01
01
01
01
01
01
01
01
0C
0A
01
01
0C
09
01
01
01
01
01
01
01
01
0C
0A
01
01
01
01
0C
09
0C
09
01
07
01
01
0C
0A
01
01
01
0A
01
01
01
01
01
01
01
0011
00C0
00C1
0001
00E7
0000002F
0001
0001
00000005
2A
B4003D
B0
0000
0002
00E8
0000000C
0001
0000
0005
0032
0033
0000
00E9
00000006
0001
0000
012A
