0A
08
08
0A
09
08
08
09
0A
09
08
08
08
08
08
08
0A
0A
08
0A
08
08
09
09
09
09
09
09
09
0B
09
09
07
0A
0A
0A
0A
0A
07
0A
0A
0B
07
07
08
0A
07
0A
0A
07
07
07
07
01
01
01
01
01
01
01
01
01
01
01
01
01
01
01
01
01
01
01
01
01
01
01
01
01
01
01
07
07
07
01
01
01
01
01
01
01
01
01
01
01
01
01
01
01
01
01
01
07
07
07
01
01
01
01
01
01
01
01
01
01
01
01
0C
01
07
0C
0C
01
07
0C
07
0C
0C
01
01
01
01
0C
0C
01
0C
01
01
0C
0C
0C
0C
0C
0C
0C
07
0C
0C
0C
01
07
0C
0C
0C
0C
01
0C
0C
07
0C
01
01
01
0C
01
0C
01
01
01
01
01
01
01
01
01
01
01
01
01
01
01
01
01
01
01
01
01
01
01
01
01
01
01
01
01
01
01
01
01
01
01
01
01
01
01
0001
0049
0054
0001
0044
00000035
0000
0002
00000001
B1
0000
0002
0045
00000006
0001
0000
005F
0046
00000016
0002
0000
0001
0047
0048
0000
0000
0001
0055
0056
0001
