01
07
01
07
01
07
01
01
01
01
01
01
01
01
0C
0A
01
07
0A
0C
09
0C
09
01
01
01
01
01
01
01
0C
0A
01
01
01
01
01
07
01
01
0C
0B
01
01
01
01
01
01
01
01
01
01
01
08
01
08
08
08
08
08
08
08
08
08
01
07
01
01
0C
0A
01
07
0C
0A
01
07
0A
01
01
01
01
01
01
01
0001
002D
002E
0002
004F
0000005E
0002
0003
0000001C
2B
C70007
05
B80020
2C
C70007
06
B80020
2A
B40017
2B
B9002A0200
57
B1
0000
0002
0050
0000000A
0002
0010
0029
001B
002A
0051
00000020
0003
0000
001C
0018
0019
0000
0000
001C
002D
002F
0001
0000
001C
0021
0022
0002
0052
0000000D
02
0001
001C
0000
0001
001C
0000
