09
09
0A
09
0A
09
0A
0A
0A
0B
0A
07
07
07
01
01
01
01
01
07
01
01
01
01
01
01
01
01
01
01
01
01
01
01
01
01
01
01
01
01
01
01
01
01
01
01
01
01
01
01
01
01
01
01
01
01
01
0C
0C
0C
0C
0C
0C
0C
07
0C
0C
07
0C
07
0C
01
01
01
01
01
01
01
01
01
01
01
01
01
01
01
01
01
01
0001
001E
001F
0002
0020
0000008B
0002
0003
00000017
2A
B70003
2A
2C
B50004
2A
2B
B50001
2A
2B
B80005
B50006
B1
0000
0003
0021
00000016
0005
0000
02AF
0004
02B0
0009
02B1
000E
02B2
0016
02B3
0022
00000020
0003
0000
0017
0023
0025
0000
0000
0017
0013
0017
0001
0000
0017
000F
0010
0002
0026
00000020
0003
0000
0017
0023
0027
0000
0000
0017
0013
0018
0001
0000
0017
000F
0012
0002
0011
00000002
0028
