0A
09
09
09
0A
0A
07
0A
09
0A
0B
07
0A
0A
0A
0A
0A
0A
0A
0A
0A
0A
0A
0A
0A
07
07
07
01
01
01
01
01
01
01
01
01
01
01
01
01
01
01
01
01
01
01
01
01
01
01
01
01
01
01
01
01
01
01
01
01
01
01
01
01
01
01
01
01
01
01
01
01
01
01
01
01
01
01
01
01
01
01
01
01
01
0C
0C
0C
07
0C
0C
0C
01
0C
0C
0C
07
0C
01
0C
07
0C
0C
0C
0C
0C
0C
0C
0C
0C
0C
0C
0C
01
01
01
01
01
01
01
01
01
01
01
01
01
01
01
01
01
01
0001
003D
0031
0002
0025
0000004F
0003
0002
00000009
2A
B20009
1B
B70005
B0
0000
0003
0026
00000006
0001
0000
002C
0027
00000016
0002
0000
0009
0028
0029
0000
0000
0009
0032
0033
0001
002C
0000000C
0001
0000
0009
0028
002D
0000
0021
00000002
0034
