0A
07
0A
09
09
09
0A
0A
07
0A
0A
0A
09
0B
0B
07
08
0A
07
0A
0A
0B
08
07
07
07
01
01
01
01
01
01
01
01
01
01
01
01
01
01
01
01
01
01
01
01
01
01
01
01
01
01
01
01
01
01
01
01
01
01
01
01
01
01
01
01
01
01
01
01
01
01
01
01
01
01
01
0C
01
0C
0C
0C
0C
07
0C
0C
01
0C
0C
0C
0C
07
0C
07
0C
01
01
07
0C
01
07
0C
0C
0C
01
07
01
01
01
01
01
01
01
01
01
01
01
01
01
01
01
01
01
01
01
01
01
01
01
0001
0034
0035
0001
0029
00000049
0001
0001
00000009
2A
B40004
B80007
57
B1
0000
0003
002A
0000000A
0002
0000
004F
0008
0050
002B
0000000C
0001
0000
0009
002C
002D
0000
0030
0000000C
0001
0000
0009
002C
0031
0000
