0A
07
0C
01
01
01
07
01
12
0C
01
01
0A
0C
01
09
07
0C
01
01
01
0A
0C
01
01
07
01
0A
0C
01
0A
0C
01
01
07
01
0B
07
0C
01
01
01
0A
0C
01
07
01
01
01
01
01
01
01
01
01
01
01
01
01
01
01
01
01
01
01
01
07
01
01
01
01
01
01
01
01
0F
0A
07
0C
01
01
01
10
01
0F
0A
0C
10
01
01
07
01
07
01
01
0001
0021
003F
0002
0031
00000044
0004
0002
00000010
2A
B40010
BB001A
59
2B
B7001C
B6001F
B0
0000
0002
0032
00000006
0001
0000
0034
0033
00000016
0002
0000
0010
0034
0035
0000
0000
0010
0040
0041
0001
0042
00000004
0001
0043
