0A
09
07
0A
09
0A
0A
09
07
07
0A
09
0A
0A
0A
07
0A
0A
07
0A
0A
07
0A
0A
07
07
0A
0A
07
0A
07
0A
07
0A
0A
0A
0A
12
0A
0A
0A
0A
0A
0A
0A
0A
0A
0A
07
07
01
01
01
01
01
01
01
01
01
01
01
01
01
01
01
01
01
01
01
01
01
01
07
07
07
01
01
01
01
01
01
01
01
01
01
01
01
01
01
01
01
01
01
01
01
01
01
01
01
01
01
01
01
01
01
01
01
01
07
01
01
01
01
01
01
01
01
01
01
01
01
01
01
01
01
01
01
01
01
01
01
07
0C
0C
01
0C
07
0C
0C
0C
0C
01
01
0C
0C
0C
0C
07
0C
01
07
0C
0C
01
0C
0C
01
0C
0C
01
01
0C
0C
01
0C
01
0C
01
0C
07
0C
07
0C
0C
01
0F
08
0C
0C
07
0C
0C
0C
0C
0C
0C
0C
0C
0C
01
01
01
01
01
01
01
01
01
01
01
01
01
01
01
01
01
01
01
01
01
01
01
01
01
01
01
01
01
01
01
01
01
01
01
01
01
01
01
01
01
01
01
01
0A
01
01
01
01
01
01
01
01
01
01
01
01
01
01
01
01
07
0C
01
07
01
01
07
01
01
0001
005A
005B
0002
0039
00000055
0002
0004
00000009
2A
B40008
2C
B60027
B1
0000
0002
003A
0000000A
0002
0000
0062
0008
0063
003B
0000002A
0004
0000
0009
003E
0041
0000
0000
0009
0051
0052
0001
0000
0009
0053
0052
0002
0000
0009
005C
005D
0003
004E
00000004
0001
0009
