0A
09
07
0A
09
0A
0A
09
07
07
0A
09
0A
0A
0A
07
0A
0A
07
0A
0A
07
0A
0A
07
07
0A
0A
07
0A
07
0A
07
0A
0A
0A
0A
12
0A
0A
0A
0A
0A
0A
0A
0A
0A
0A
07
07
01
01
01
01
01
01
01
01
01
01
01
01
01
01
01
01
01
01
01
01
01
01
07
07
07
01
01
01
01
01
01
01
01
01
01
01
01
01
01
01
01
01
01
01
01
01
01
01
01
01
01
01
01
01
01
01
01
01
07
01
01
01
01
01
01
01
01
01
01
01
01
01
01
01
01
01
01
01
01
01
01
07
0C
0C
01
0C
07
0C
0C
0C
0C
01
01
0C
0C
0C
0C
07
0C
01
07
0C
0C
01
0C
0C
01
0C
0C
01
01
0C
0C
01
0C
01
0C
01
0C
07
0C
07
0C
0C
01
0F
08
0C
0C
07
0C
0C
0C
0C
0C
0C
0C
0C
0C
01
01
01
01
01
01
01
01
01
01
01
01
01
01
01
01
01
01
01
01
01
01
01
01
01
01
01
01
01
01
01
01
01
01
01
01
01
01
01
01
01
01
01
01
0A
01
01
01
01
01
01
01
01
01
01
01
01
01
01
01
01
07
0C
01
07
01
01
07
01
01
0001
0073
0074
0002
0039
00000062
0004
0005
0000000C
2A
B40008
2C
1D
1504
B60030
B1
0000
0002
003A
0000000A
0002
0000
009E
000B
009F
003B
00000034
0005
0000
000C
003E
0041
0000
0000
000C
0051
0052
0001
0000
000C
0075
0076
0002
0000
000C
0077
0063
0003
0000
000C
0078
0063
0004
004E
00000004
0001
0009
