0A
0A
07
0A
07
0A
08
0A
0A
0A
0A
0A
0A
0A
0A
0A
0A
07
07
09
0A
0A
0A
0A
0A
0A
0A
0A
0A
0A
0A
07
0A
0A
07
0A
0A
0A
0A
0A
0A
07
0A
07
0B
07
0B
0A
0A
07
0A
0A
07
0A
0A
0B
0B
0B
0A
0A
07
0A
0A
07
0A
0B
09
0A
0A
0A
07
07
0A
0A
07
07
07
07
01
01
01
01
01
01
01
01
01
01
01
01
01
01
01
01
01
01
01
01
01
07
01
01
01
01
01
01
01
01
01
01
01
07
01
01
01
01
01
01
01
01
01
07
07
01
01
01
01
01
01
07
01
01
01
01
01
01
01
07
01
01
01
01
07
01
01
01
01
01
01
01
01
01
01
01
01
01
01
01
01
01
01
01
01
01
07
01
01
01
01
01
01
01
01
01
07
07
07
07
01
01
01
01
01
01
01
01
01
01
01
01
01
01
01
01
01
07
07
01
01
01
01
01
01
07
01
01
01
01
01
01
01
01
01
01
01
01
01
01
01
01
01
07
07
01
01
07
01
01
0C
0C
01
0C
01
01
0C
0C
0C
0C
0C
0C
07
0C
07
0C
0C
07
0C
01
01
07
0C
0C
0C
07
0C
0C
0C
0C
0C
07
0C
0C
07
0C
0C
01
0C
07
0C
01
0C
0C
0C
0C
0C
01
01
0C
0C
0C
01
0C
0C
01
0C
07
0C
0C
0C
0C
0C
01
01
07
07
0C
07
0C
0C
07
0C
01
01
0C
0C
01
01
01
01
01
01
01
01
01
01
01
01
01
01
01
01
01
01
01
01
01
01
01
01
01
01
01
01
01
01
01
01
01
01
01
01
01
01
01
01
01
01
01
01
01
01
01
01
01
01
01
01
01
01
01
01
01
01
01
01
01
01
01
01
01
01
01
01
01
01
01
01
0001
006E
006F
0001
0051
0000006A
0002
0003
00000016
2A
2B
B60002
4D
2C
C70007
01
A7000A
2C
B8000E
B8000F
B0
0000
0003
0052
0000000A
0002
0000
005D
0006
005E
0053
00000020
0003
0000
0016
0054
0055
0000
0000
0016
005F
0060
0001
0006
0010
0062
0060
0002
0063
0000000C
0002
FC
000E
07
0064
46
07
0070
