0A
07
0C
01
01
01
09
07
0C
01
01
01
09
0C
01
01
09
0C
01
01
09
0C
01
0A
07
0C
01
01
01
09
0C
01
01
07
01
08
01
0A
0C
01
0A
0C
01
01
12
0C
01
01
12
0C
01
0A
07
0C
01
01
01
0A
0C
01
0A
0C
01
12
0C
01
12
0A
0C
01
0A
0C
01
0A
0C
0A
07
0C
01
01
01
0A
0C
01
01
07
01
07
01
01
01
01
01
01
01
01
01
01
01
01
01
01
01
01
01
01
01
01
01
01
01
01
01
01
01
01
01
01
01
01
01
01
01
01
01
01
01
01
01
01
01
01
01
01
01
01
01
01
10
01
0F
0A
0C
10
0F
0A
0C
0F
0A
0C
0F
0A
0C
0F
0A
07
0C
01
01
01
01
07
01
01
07
01
01
07
01
01
07
01
07
01
01
0001
0017
0049
0002
005E
00000050
0002
0001
0000000C
2A
03
B50011
2A
04
B50015
2A
B0
0000
0003
005F
0000000E
0003
0000
0048
0005
0049
000A
004A
0060
0000000C
0001
0000
000C
0061
0062
0000
0063
0000000C
0001
0000
000C
0061
0064
0000
005A
00000002
0068
