0A
07
0C
01
01
01
09
07
0C
01
01
01
09
0C
01
01
09
0C
01
01
09
0C
01
0A
07
0C
01
01
01
09
0C
01
01
07
01
08
01
0A
0C
01
0A
0C
01
01
12
0C
01
01
12
0C
01
0A
07
0C
01
01
01
0A
0C
01
0A
0C
01
12
0C
01
12
0A
0C
01
0A
0C
01
0A
0C
0A
07
0C
01
01
01
0A
0C
01
01
07
01
07
01
01
01
01
01
01
01
01
01
01
01
01
01
01
01
01
01
01
01
01
01
01
01
01
01
01
01
01
01
01
01
01
01
01
01
01
01
01
01
01
01
01
01
01
01
01
01
01
01
01
10
01
0F
0A
0C
10
0F
0A
0C
0F
0A
0C
0F
0A
0C
0F
0A
07
0C
01
01
01
01
07
01
01
07
01
01
07
01
01
07
01
07
01
01
0001
0020
0046
0002
005E
00000054
0003
0003
0000000A
2A
1F
B80018
B5001E
2A
B0
0000
0003
005F
0000000A
0002
0000
004F
0008
0050
0060
00000016
0002
0000
000A
0061
0062
0000
0000
000A
0020
0069
0001
0063
0000000C
0001
0000
000A
0061
0064
0000
005A
00000002
006A
