01
07
01
07
01
01
01
01
01
08
01
07
01
01
0C
0A
01
08
01
08
01
07
01
01
0C
0A
01
01
01
01
01
01
01
01
0C
0A
01
07
01
01
0C
0A
05
01
07
01
07
01
0C
0A
01
08
01
01
0C
0A
01
0C
0A
01
01
0C
0A
01
0C
0A
01
07
01
07
01
0C
0A
01
01
01
01
01
07
01
0C
0A
01
07
01
01
01
01
01
07
01
08
0A
0C
0A
01
07
01
01
0C
0A
01
01
0C
0A
01
0C
0A
01
01
01
0C
0A
0A
01
01
0C
0A
01
01
01
0C
0A
01
0C
0A
01
01
0A
01
01
01
01
03
01
03
01
01
01
01
01
01
01
01
01
01
01
01
01
01
01
01
01
01
01
01
01
01
01
01
01
01
01
01
01
01
01
0012
006E
006F
0001
009C
0000002E
0001
0001
00000004
B80072
AC
0000
0002
009D
0000000C
0001
0000
0004
001B
001C
0000
009E
00000006
0001
0000
00ED
