0A
07
07
0A
0A
0A
0A
0A
07
07
0A
0A
0A
07
09
08
0A
0A
0A
09
07
07
01
01
01
01
01
01
01
01
01
01
01
01
01
01
01
01
01
01
01
01
01
01
01
01
01
01
01
01
01
07
01
01
01
01
01
01
01
01
07
0C
01
01
0C
0C
0C
0C
0C
01
01
0C
0C
0C
01
0C
01
0C
0C
07
0C
0C
01
01
01
01
01
01
01
01
01
01
01
01
01
01
01
01
01
01
01
0008
0035
0036
0002
001E
0000004E
0003
0002
00000012
2A
B80001
B0
4C
BB0003
59
2B
B60004
B70005
BF
0001
0000
0004
0005
0002
0002
001F
00000006
0001
0000
0024
0020
00000016
0002
0006
000C
0037
0038
0001
0000
0012
0039
002C
0000
001B
00000000
