0A
07
0C
01
01
01
09
0C
01
01
09
0C
01
01
0A
0C
01
01
09
0C
01
09
0C
01
01
09
0C
01
0A
0C
01
01
09
0C
01
01
09
0C
01
01
09
0C
01
09
0C
01
01
09
0C
01
09
0C
01
09
0C
01
09
0C
01
01
09
0C
01
0A
07
0C
01
01
01
09
0C
01
09
0C
01
07
01
0A
0C
09
0C
01
09
0C
01
09
0C
01
09
0C
01
0A
07
0C
01
01
01
09
0C
01
09
0C
01
0A
07
0C
01
01
01
08
01
0A
07
0C
01
01
01
08
01
0A
0C
01
01
07
01
0A
0A
0C
01
01
0A
08
01
0A
0C
01
01
09
07
0C
01
01
01
0A
07
0C
01
01
01
0A
0C
01
01
0A
0C
01
01
08
01
0A
0C
01
01
0A
07
0C
01
01
0A
0C
01
0A
0C
01
01
0B
07
0C
01
01
01
0B
0C
01
0A
0C
01
01
0B
07
0C
01
01
01
0A
0C
01
01
0A
0C
01
01
0A
0C
01
07
01
0A
0C
01
07
01
0A
0C
01
07
01
0B
0C
01
07
01
0A
07
01
0A
0C
01
0A
0C
01
01
07
01
0A
0C
01
0B
0C
01
0A
07
0C
01
01
09
0C
01
0A
0C
01
09
07
0C
01
01
01
0A
07
0C
01
01
0B
0C
01
01
0B
0C
01
01
0B
07
0C
01
01
0B
0C
01
01
07
01
0A
0C
01
07
01
07
01
12
0C
01
01
0A
0C
0A
0C
01
0B
0C
01
01
12
0B
0C
01
01
01
01
01
01
01
01
01
01
01
01
01
01
01
01
01
01
01
01
01
01
01
01
01
01
01
07
01
01
01
01
01
01
01
01
01
01
01
01
01
01
01
01
01
01
01
01
01
01
01
01
01
01
01
01
01
01
01
01
01
01
01
01
01
01
01
01
01
01
01
01
01
01
01
01
01
01
01
01
01
01
01
01
01
01
01
01
01
01
01
01
01
01
01
01
01
01
01
01
01
01
01
01
01
01
01
01
01
01
01
01
01
01
01
01
01
01
01
01
01
01
01
01
01
01
01
01
01
01
01
0F
0A
07
0C
01
01
01
10
0F
0A
0C
0F
0A
0C
01
07
01
07
01
01
1008
01A2
01A3
0001
013B
0000003B
0005
0003
00000007
2A
1F
5D
B5001A
AD
0000
0002
013C
00000006
0001
0000
002B
013D
00000016
0002
0000
0007
018E
0145
0000
0000
0007
019D
0019
0001
