01
07
01
07
01
07
01
01
07
01
01
0C
01
01
01
01
01
01
01
01
01
01
0C
0A
01
0C
0A
0C
09
01
01
01
01
01
03
01
07
01
07
03
03
01
07
01
01
0C
0A
01
07
01
0C
0B
01
07
01
08
01
08
01
0C
0A
01
01
0C
0B
03
03
03
01
08
03
03
03
03
01
0C
0B
01
08
03
01
08
03
03
03
01
07
01
0C
0A
0A
01
0C
0B
01
01
01
01
07
01
07
01
01
0C
0A
0A
01
01
01
01
0C
0A
01
01
0C
0A
0C
09
01
07
01
01
0C
0A
01
0C
0A
01
01
01
01
0C
09
01
0C
0A
01
01
01
08
01
08
01
08
01
08
01
08
01
08
01
08
01
08
01
01
03
0C
0A
01
07
01
0C
0A
01
07
0A
0C
0A
01
0C
0A
01
01
0C
09
01
01
01
07
01
0C
0A
01
07
01
07
01
01
0C
0A
01
0C
0A
01
01
01
01
01
01
100A
0089
008A
0001
00C3
00000061
0003
0001
00000055
2A
1223
128C
53
2A
1228
128E
53
2A
1229
1290
53
2A
1242
128C
53
2A
1243
1292
53
2A
1244
1290
53
2A
1247
128C
53
2A
1248
1294
53
2A
1249
1296
53
2A
124A
1290
53
2A
1250
128C
53
2A
1253
1298
53
2A
1254
129A
53
2A
1255
1290
53
B1
0000
0000
