07
0A
07
0A
07
0A
07
0B
0B
07
0B
0B
07
07
01
01
01
01
01
01
01
01
01
01
01
01
01
01
01
01
01
01
01
01
01
01
01
01
01
01
01
01
01
01
01
01
01
01
01
01
01
01
01
01
01
0C
01
0C
01
0C
01
0C
0C
01
0C
07
0C
01
01
01
01
01
01
01
01
01
01
01
01
01
01
0001
002C
002D
0002
0011
0000006D
0002
0002
0000001A
2B
C1000A
99000E
2B
C0000A
2A
B9000B0200
B0
2B
2A
B9000C0200
B0
0000
0004
0012
0000000A
0002
0000
07E0
0012
07E1
0013
00000016
0002
0000
001A
0014
0017
0000
0000
001A
002E
002F
0001
0030
0000000C
0001
0000
001A
002E
0031
0001
002A
00000003
0001
12
0032
00000002
0033
