01
07
01
07
01
07
01
01
01
07
01
07
01
01
07
01
01
01
01
01
0C
0A
01
01
01
01
07
01
01
0C
0A
01
07
01
01
0C
0B
01
07
01
01
0C
0A
01
07
01
0C
0B
01
07
01
01
0C
0B
01
07
01
01
0C
0A
01
01
01
01
01
01
01
01
01
01
01
01
01
01
0C
0A
01
01
01
01
01
07
01
01
0C
09
01
07
01
01
0C
0A
01
07
01
01
0C
09
01
07
01
01
0C
0B
01
01
0C
0A
01
01
01
01
01
01
07
0A
01
01
0C
0B
01
0C
0B
01
07
01
01
0C
09
01
01
0C
0A
01
0C
09
01
01
0C
0A
01
07
01
07
0A
01
08
01
01
0C
0A
01
0C
0A
01
01
0C
0A
01
0C
0A
01
01
0C
0B
01
0C
09
01
01
0C
0A
01
07
01
0C
0A
01
01
0C
09
01
01
01
01
01
01
01
01
01
01
01
01
01
01
01
0A
0C
09
01
01
01
01
01
01
01
01
01
0001
0013
0014
0001
00C8
0000002F
0001
0001
00000005
2A
B70016
B1
0000
0002
00C9
0000000C
0001
0000
0005
0017
0012
0000
00CA
00000006
0001
0000
00D5
