01
07
01
07
01
07
01
01
01
07
01
07
01
01
07
01
01
01
01
01
0C
0A
01
01
01
01
07
01
01
0C
0A
01
07
01
01
0C
0B
01
07
01
01
0C
0A
01
07
01
0C
0B
01
07
01
01
0C
0B
01
07
01
01
0C
0A
01
01
01
01
01
01
01
01
01
01
01
01
01
01
0C
0A
01
01
01
01
01
07
01
01
0C
09
01
07
01
01
0C
0A
01
07
01
01
0C
09
01
07
01
01
0C
0B
01
01
0C
0A
01
01
01
01
01
01
07
0A
01
01
0C
0B
01
0C
0B
01
07
01
01
0C
09
01
01
0C
0A
01
0C
09
01
01
0C
0A
01
07
01
07
0A
01
08
01
01
0C
0A
01
0C
0A
01
01
0C
0A
01
0C
0A
01
01
0C
0B
01
0C
09
01
01
0C
0A
01
07
01
0C
0A
01
01
0C
09
01
01
01
01
01
01
01
01
01
01
01
01
01
01
01
0A
0C
09
01
01
01
01
01
01
01
01
01
0001
004F
0050
0001
00C8
00000054
0006
0003
00000016
B20056
03
B8005C
02
2B
B20062
B900680200
01
B8006C
B0
0000
0002
00C9
00000020
0003
0000
0016
0017
0012
0000
0000
0016
006D
006E
0001
0000
0016
006F
0042
0002
00CA
00000006
0001
0000
00E5
