0A
0A
07
0A
07
07
07
09
08
0B
08
08
0A
08
08
0A
0A
0A
0A
0A
0A
07
07
01
01
01
01
01
01
01
01
01
01
01
01
01
01
01
01
01
01
01
01
01
01
01
01
01
01
01
01
01
01
01
01
01
01
01
01
01
01
01
01
01
01
01
0C
0C
01
0C
01
01
01
0C
01
07
0C
01
01
0C
01
01
0C
0C
0C
0C
0C
0C
01
01
01
01
01
01
01
01
01
01
01
01
01
01
01
01
01
01
01
01
0001
0030
0033
0001
001A
00000052
0004
0003
00000010
2A
120F
1B
130006
B60010
C00006
4D
2C
B0
0000
0002
001B
0000000A
0002
0000
007F
000E
0080
001C
00000020
0003
0000
0010
001D
001E
0000
0000
0010
0034
0035
0001
000E
0002
002B
0032
0002
