07
09
0A
08
09
07
0A
08
09
07
08
09
07
08
09
07
09
09
08
09
07
08
07
09
0A
0A
09
0A
09
09
0A
09
09
09
09
0A
09
09
12
07
0A
0A
09
0B
0A
0A
0A
0A
0A
07
0A
0A
0A
0A
12
0A
0A
0A
0B
07
0A
0B
0B
0B
07
0A
0B
0A
0A
0A
0A
0A
0A
0A
0A
0A
0A
0B
0A
0A
0A
0A
0A
0A
0A
0A
09
0B
08
07
0A
0B
0A
0A
0B
0A
0B
07
07
07
0A
07
07
01
01
01
07
01
01
01
01
01
01
01
01
01
01
01
01
01
01
01
01
01
01
01
01
07
01
01
01
01
01
01
01
01
01
01
01
01
01
01
01
01
01
01
01
01
01
01
01
01
01
01
01
01
01
01
01
01
01
01
01
01
01
01
01
01
07
01
01
01
01
01
01
01
01
01
01
01
01
01
01
01
01
01
01
01
01
07
01
01
01
01
01
01
01
01
01
01
01
01
01
01
01
01
01
01
01
01
01
01
07
07
07
07
07
07
07
07
07
07
07
07
01
01
01
01
01
01
07
0C
01
0C
0C
01
0C
01
0C
01
0C
01
01
0C
01
01
0C
01
0C
0C
01
0C
01
01
0C
07
0C
07
0C
0C
07
0C
0C
0C
0C
0C
0C
0C
0C
0C
0C
0C
01
0F
10
0F
10
0C
01
07
0C
0C
07
0C
07
0C
0C
07
0C
0C
0C
0C
01
0C
0C
0C
0C
0F
10
0C
0C
07
0C
0C
07
0C
01
0C
07
0C
0C
01
07
0C
0C
07
0C
07
0C
0C
0C
07
0C
0C
0C
0C
0C
0C
07
0C
0C
0C
0C
0C
0C
0C
0C
0C
07
0C
0C
01
01
07
0C
0C
07
0C
07
0C
0C
0C
07
0C
01
01
01
0C
01
01
07
01
07
01
01
01
01
01
01
01
01
01
01
01
01
01
01
01
01
01
01
01
01
01
01
01
01
01
01
01
01
01
01
01
01
01
01
01
01
01
01
01
01
01
01
01
01
01
0A
01
0A
01
01
01
07
01
01
01
01
01
01
01
01
01
01
01
01
01
01
01
01
01
01
01
01
01
01
01
01
01
01
01
0A
01
01
01
01
01
01
01
01
01
01
01
01
01
01
01
01
01
01
01
01
01
01
01
01
01
01
01
01
01
01
01
01
01
01
01
01
01
01
01
01
01
01
01
01
01
01
01
01
01
01
01
01
01
01
01
01
01
01
01
01
01
01
01
01
01
01
01
01
01
01
01
01
07
0C
0C
01
0C
01
01
07
01
01
07
01
01
0000
006A
006E
0001
006F
0000007E
0005
0006
00000010
2A
1905
B50002
2A
2B
2C
2D
1904
B70003
B1
0000
0003
0070
00000006
0001
0000
0395
0071
00000034
0005
0000
0010
0072
0073
0000
0000
0010
0074
0075
0001
0000
0010
0076
0077
0002
0000
0010
0078
0079
0003
0000
0010
007A
007B
0004
007C
00000016
0002
0000
0010
0074
007D
0001
0000
0010
007A
007E
0004
