0A
07
0A
09
0A
0A
0A
0A
0A
0A
0A
07
0A
09
09
09
07
07
09
0A
09
09
09
09
09
09
09
09
09
09
09
09
07
07
01
01
01
01
01
01
01
01
01
01
01
01
01
01
01
01
01
01
01
01
01
01
01
01
01
01
01
01
01
01
01
01
01
01
01
01
01
01
01
01
01
01
01
01
01
07
07
01
01
01
01
01
01
01
01
01
01
01
01
01
01
01
01
01
01
01
01
01
01
01
01
01
01
01
01
01
01
01
01
0C
01
0C
0C
0C
0C
0C
07
0C
0C
0C
0C
01
0C
0C
0C
01
01
0C
0C
0C
0C
0C
0C
0C
0C
0C
0C
0C
0C
0C
0C
01
01
01
01
01
01
01
01
01
01
01
01
01
01
01
0014
0053
0054
0001
003F
0000003E
0001
0001
00000002
04
AC
0000
0003
0040
00000006
0001
0000
0051
0041
0000000C
0001
0000
0002
0043
0044
0000
004B
0000000C
0001
0000
0002
0043
004C
0000
