01
07
01
07
01
01
01
01
01
08
01
07
01
01
0C
0A
01
07
01
01
0C
0B
01
0C
0B
01
01
0C
0B
01
07
01
01
0C
0B
01
07
01
01
0C
0A
01
01
01
01
01
01
01
01
01
0C
0B
01
07
01
0C
0B
01
01
01
0C
0B
01
01
01
01
07
01
07
01
0C
0A
01
01
0C
0A
01
01
0C
0A
01
01
01
07
01
07
01
0C
0A
01
0C
0A
01
0C
0A
01
0C
0A
01
01
01
01
0C
0A
01
07
01
01
0C
0A
01
07
01
01
0C
09
01
01
01
01
01
01
01
0C
0A
01
01
01
0C
0A
01
0C
0A
01
0C
0A
01
01
01
08
01
0C
0A
01
01
01
01
0C
0A
01
01
01
01
0C
0A
01
01
01
01
01
01
01
01
01
0C
0A
01
01
01
01
01
0C
0A
01
01
01
01
01
0C
0A
01
0C
0A
01
01
01
0C
0A
01
01
01
01
01
0C
0A
01
01
01
01
01
01
08
01
0C
0A
01
01
01
0C
0A
01
01
01
01
0C
0A
01
01
01
01
01
0C
0A
01
0C
0A
01
01
0C
0A
01
01
01
01
0C
0A
01
01
01
01
01
0C
0A
01
01
01
01
03
03
03
01
03
01
03
01
01
01
01
01
01
01
01
01
01
01
01
01
0009
00C6
00C7
0004
0101
00000052
0003
0003
00000010
2B
12CA
B80010
2A
C00054
2B
2C
B800CD
B0
0000
0002
0102
0000000A
0002
0006
0017
000F
0026
0103
00000020
0003
0000
0010
002A
002B
0000
0000
0010
00C9
00C5
0001
0000
0010
00CE
00CF
0002
0104
00000002
00C8
0105
00000006
0001
0008
0000
0106
00000013
03
0001
0008
0000
0001
0008
0000
0001
0030
0000
