01
07
01
07
01
01
01
01
01
08
01
07
01
01
0C
0A
01
07
01
01
0C
0B
01
0C
0B
01
01
0C
0B
01
07
01
01
0C
0B
01
07
01
01
0C
0A
01
01
01
01
01
01
01
01
01
0C
0B
01
07
01
0C
0B
01
01
01
0C
0B
01
01
01
01
07
01
07
01
0C
0A
01
01
0C
0A
01
01
0C
0A
01
01
01
07
01
07
01
0C
0A
01
0C
0A
01
0C
0A
01
0C
0A
01
01
01
01
0C
0A
01
07
01
01
0C
0A
01
07
01
01
0C
09
01
01
01
01
01
01
01
0C
0A
01
01
01
0C
0A
01
0C
0A
01
0C
0A
01
01
01
08
01
0C
0A
01
01
01
01
0C
0A
01
01
01
01
0C
0A
01
01
01
01
01
01
01
01
01
0C
0A
01
01
01
01
01
0C
0A
01
01
01
01
01
0C
0A
01
0C
0A
01
01
01
0C
0A
01
01
01
01
01
0C
0A
01
01
01
01
01
01
08
01
0C
0A
01
01
01
0C
0A
01
01
01
01
0C
0A
01
01
01
01
01
0C
0A
01
0C
0A
01
01
0C
0A
01
01
01
01
0C
0A
01
01
01
01
01
0C
0A
01
01
01
01
03
03
03
01
03
01
03
01
01
01
01
01
01
01
01
01
01
01
01
01
0009
0060
002E
0004
0101
0000003D
0002
0002
00000009
2A
C00054
2B
B80062
B0
0000
0002
0102
00000006
0001
0000
0017
0103
00000016
0002
0000
0009
002A
002B
0000
0000
0009
003A
003B
0001
0104
00000002
0052
0105
00000006
0001
0030
0000
0106
0000000D
02
0001
0008
0000
0001
0008
0000
