0A
09
0A
0A
0A
0A
08
09
09
09
09
09
0A
0A
07
0A
0A
09
07
0A
07
08
08
0A
08
08
08
08
07
08
07
08
08
08
08
08
08
08
08
01
01
01
01
01
01
01
01
01
01
01
01
01
01
01
01
01
01
01
01
01
01
01
01
01
01
01
01
01
01
01
01
01
07
01
01
01
01
01
01
01
01
01
01
01
01
01
01
01
01
01
01
01
01
01
01
01
01
01
01
01
01
01
01
01
01
01
07
01
01
01
01
0C
0C
0C
0C
07
0C
0C
01
0C
0C
0C
0C
0C
0C
0C
01
0C
0C
0C
01
01
01
01
07
0C
01
01
01
01
01
01
01
01
01
01
01
01
01
01
01
01
01
01
01
01
01
01
01
01
01
01
0001
0058
0059
0001
0039
0000003E
0002
0002
00000006
2A
1B
B50002
B1
0000
0002
003A
0000000A
0002
0000
00AD
0005
00AE
003B
00000016
0002
0000
0006
003C
003D
0000
0000
0006
005A
0034
0001
