0A
0A
07
08
0A
0A
08
0A
0A
0A
09
09
09
09
09
09
09
09
09
07
0A
0A
0A
0A
0A
0A
0A
0A
0A
0A
0A
0A
09
09
09
07
08
0A
0A
07
0A
08
08
0A
08
09
08
08
08
08
07
01
01
01
01
01
01
01
01
01
01
01
01
01
01
01
01
01
01
01
01
01
01
01
01
01
01
01
01
01
01
01
01
01
01
01
01
01
01
01
01
01
01
01
01
01
01
01
01
01
01
01
01
01
01
01
01
01
01
01
01
01
01
01
01
01
07
01
01
01
01
01
01
01
01
01
01
01
01
0C
0C
01
01
07
0C
0C
01
07
0C
0C
07
0C
0C
0C
0C
0C
0C
0C
0C
0C
0C
01
0C
0C
0C
0C
0C
0C
0C
0C
0C
0C
0C
0C
0C
0C
0C
01
01
0C
0C
01
01
01
07
0C
01
0C
01
01
01
01
01
01
01
01
01
01
01
01
01
01
01
01
01
0001
0070
006A
0001
004E
0000003E
0002
0002
00000006
2A
2B
B50012
B1
0000
0002
004F
0000000A
0002
0000
0087
0005
0088
0050
00000016
0002
0000
0006
0051
0052
0000
0000
0006
0043
003D
0001
