01
07
01
01
07
01
07
01
01
01
01
01
01
01
01
01
03
03
03
01
03
01
01
01
01
01
01
01
01
01
07
01
01
0C
0A
01
01
0C
09
01
07
01
01
0C
0A
01
01
0C
09
01
07
01
01
0C
0B
0C
09
0C
09
01
07
01
01
0C
0B
01
07
01
01
0C
0A
01
0C
0B
01
07
01
01
0C
0A
01
01
0C
09
01
07
01
01
0C
09
01
01
0C
0A
01
07
01
01
0C
0B
01
08
01
07
01
01
0C
0A
01
07
01
07
01
01
0C
0A
01
01
0C
0B
01
01
0C
09
01
07
01
01
0C
0B
01
07
01
01
0C
09
01
07
01
08
01
01
0C
0A
01
01
01
01
01
07
01
01
0C
0A
01
01
01
01
08
01
0C
0A
0C
0A
01
01
01
01
01
01
07
0C
0A
0C
0A
01
01
03
01
03
03
01
01
01
01
01
01
01
01
01
01
01
01
01
01
01
01
01
01
0011
00A8
00A9
0001
00BD
0000001F
0003
0003
00000013
2A
2B
2C
C000AB
B600AD
C00002
B20088
B600AF
B0
0000
0000
