01
07
01
07
01
07
01
01
01
07
01
01
0C
01
01
01
01
01
01
01
01
01
0C
0A
0C
09
01
01
01
01
01
01
01
01
08
03
01
07
01
01
0C
0A
0F
01
01
0C
12
01
07
01
01
0C
0A
01
08
03
01
01
0C
12
01
08
01
07
01
07
01
01
0C
0A
01
08
01
0C
12
01
08
01
08
01
01
0C
12
01
01
01
01
0C
0A
01
01
01
07
01
01
0C
0A
01
01
0C
0A
0C
09
01
07
01
01
0C
0A
01
0C
0A
01
01
01
07
01
07
01
01
0C
0A
01
01
01
01
01
01
01
01
01
0001
0020
0033
0002
007B
00000024
0002
0001
00000006
2A
01
B60059
B0
0000
0001
007C
0000000C
0001
0000
0006
001B
001C
0000
007E
00000006
0001
0057
0000
