0A
09
07
09
0A
09
09
0B
0A
0A
0A
0A
09
0A
07
03
09
0A
09
0A
09
0A
0A
09
0A
0A
0A
0A
08
08
0A
0A
0A
0A
0A
0A
0A
0A
08
08
07
07
0A
07
07
01
01
01
01
01
01
01
01
01
01
01
01
01
01
01
01
01
01
01
01
01
01
01
01
01
01
01
01
01
01
01
01
01
01
01
01
01
01
01
01
01
01
07
07
07
01
01
01
01
01
01
01
01
01
01
01
01
01
01
01
01
07
07
01
01
01
01
01
01
01
07
01
01
0C
0C
01
0C
0C
0C
0C
07
0C
0C
0C
0C
0C
0C
07
0C
01
0C
0C
0C
07
0C
0C
07
0C
0C
0C
07
0C
07
0C
0C
07
0C
07
0C
0C
07
0C
0C
0C
0C
0C
01
07
0C
01
01
01
01
01
01
01
01
01
01
01
01
01
01
01
01
01
01
01
01
01
01
01
01
01
01
01
01
01
01
01
01
01
01
01
01
01
01
01
01
01
01
01
01
01
01
01
01
01
01
01
01
01
01
01
01
01
01
01
01
01
01
0002
0041
0042
0002
0033
0000003F
0003
0002
0000000B
1B
04
60
2A
B40007
04
64
7E
AC
0000
0002
0034
00000006
0001
0000
002B
0035
00000016
0002
0000
000B
0036
0037
0000
0000
000B
0043
003C
0001
0040
00000005
01
0043
0000
