0A
09
07
08
0A
09
0A
07
07
0A
0A
0A
0A
0A
09
0A
0A
07
0A
08
0A
0B
0A
08
0A
0A
0A
08
0A
0A
08
0A
0A
08
08
08
08
0A
0B
0B
0B
0A
0B
08
08
09
0A
0A
08
08
09
0A
0A
08
0A
07
08
07
0B
08
0A
08
07
0A
08
0A
0A
07
08
0A
08
07
08
0A
07
07
07
01
01
01
01
01
01
01
01
01
01
01
01
01
01
01
01
01
01
01
01
01
01
01
01
01
01
01
01
07
01
01
01
01
01
01
01
01
01
01
01
01
01
01
01
01
01
07
01
01
01
01
07
01
01
07
01
01
07
01
01
01
01
01
01
01
07
07
07
07
07
07
07
01
01
01
01
01
01
01
01
01
01
01
01
01
0C
0C
01
01
0C
0C
0C
01
01
0C
0C
0C
0C
0C
0C
0C
0C
01
01
0C
07
0C
0C
01
0C
07
0C
0C
01
0C
0C
01
0C
0C
01
01
01
01
0C
07
0C
07
0C
0C
0C
07
0C
01
01
0C
0C
0C
01
01
0C
0C
0C
01
0C
01
01
01
07
0C
01
0C
01
01
0C
01
0C
0C
01
01
0C
01
01
01
01
01
01
01
01
01
01
01
01
01
01
01
01
01
01
01
01
01
01
01
01
01
01
01
01
01
01
01
01
01
01
01
01
01
01
01
01
01
01
01
01
01
01
01
01
01
01
01
01
01
01
01
01
01
0001
005B
005C
0002
0056
000000A2
0005
0008
00000022
2A
B70007
2B
C00008
3A06
BB0009
59
2D
1904
1905
B7000A
3A07
1906
2C
1907
B6000B
2A
B0
0000
0002
0057
00000016
0005
0000
0055
0004
0057
000A
0058
0018
0059
0020
005B
0058
00000052
0008
0000
0022
0059
005A
0000
0000
0022
005D
005E
0001
0000
0022
005F
0060
0002
0000
0022
0061
0062
0003
0000
0022
0063
0050
0004
0000
0022
0064
005E
0005
000A
0018
0065
0066
0006
0018
000A
0067
0068
0007
0069
00000006
0002
006A
0044
