01
07
01
07
01
01
01
03
03
01
03
01
01
01
01
01
01
01
01
01
01
01
01
01
01
01
01
01
01
01
01
01
01
01
01
07
01
01
0C
0A
01
01
0C
0A
01
08
01
07
01
01
0C
0A
01
01
0C
0A
01
08
01
08
01
08
01
0C
0A
01
08
01
08
01
01
0C
0A
01
0C
0A
01
0C
0A
01
01
01
07
01
08
01
07
01
01
0C
0A
0C
09
01
01
0C
0A
01
07
01
01
0C
0A
01
07
01
07
01
0C
0A
01
08
01
0C
0A
01
07
01
08
01
0C
0A
01
08
01
01
01
01
0C
09
01
08
01
01
01
08
01
0C
0A
01
01
01
01
01
01
01
01
0019
001A
0076
0004
008C
00000061
0004
0002
00000029
2A
1277
B8005B
B2005D
01
01
1245
B60061
4C
2B
2A
03
2A
BE
B8007A
C00069
B8006E
59
127C
B80073
C00075
B0
0000
0002
008D
0000000A
0002
0006
0029
0011
002A
008E
00000016
0002
0000
0029
001D
007D
0000
0011
0018
007E
0010
0001
008F
00000004
0001
0053
0090
00000006
0001
0054
0000
0091
00000007
01
0001
0054
0000
