0A
09
09
0B
07
0A
0A
0A
0A
0A
0A
0A
0A
0A
07
07
01
01
01
01
01
01
01
01
01
01
01
01
01
01
01
01
01
01
01
07
01
01
01
01
07
01
01
01
01
01
01
01
01
01
01
01
01
01
01
01
01
01
01
01
01
01
01
01
01
01
01
01
01
01
01
0C
07
0C
0C
07
0C
01
0C
0C
0C
0C
0C
0C
0C
0C
0C
01
01
01
01
01
01
01
01
01
01
01
01
01
01
01
01
01
01
01
0009
001F
0033
0002
0013
00000039
0004
0001
0000000F
B80001
2A
B20003
01
B6000B
C00005
B0
0000
0002
0014
00000006
0001
0000
0044
0017
0000000C
0001
0000
000F
0034
0035
0000
0023
00000006
0002
0024
0029
