09
0A
0A
0B
0A
0B
0B
09
0A
09
0A
09
09
09
09
09
09
0B
0A
07
07
07
01
01
01
01
01
01
01
01
01
01
01
01
07
01
01
01
01
01
01
07
01
01
01
01
01
01
01
01
01
01
01
07
07
01
01
01
01
07
0C
0C
0C
0C
0C
0C
0C
07
0C
07
0C
07
0C
07
0C
0C
0C
0C
0C
0C
0C
0C
07
0C
0C
01
01
01
01
01
01
01
01
01
01
01
01
01
01
01
01
01
01
01
01
01
01
01
01
01
01
01
01
01
01
01
01
01
01
01
01
01
01
01
01
01
01
0001
0028
0038
0001
001B
00000035
0000
0002
00000001
B1
0000
0002
001C
00000006
0001
0000
02AE
001D
00000016
0002
0000
0001
001E
0021
0000
0000
0001
0031
0032
0001
