0A
07
0C
01
01
01
09
07
0C
01
01
01
09
0C
01
01
09
0C
01
01
09
0C
01
09
0C
01
01
09
0C
01
01
09
0C
01
01
09
0C
01
01
09
0C
01
01
09
0C
01
01
0A
0C
01
01
0A
07
0C
01
01
01
09
0C
01
01
0A
07
0C
01
01
0A
07
01
0A
0C
01
0A
07
01
0A
07
01
0A
07
01
0A
07
01
0A
07
01
0A
07
01
0A
07
01
0A
07
0C
01
01
01
0A
0C
01
01
0A
0A
0C
01
01
0A
0A
0C
09
0C
01
01
0A
09
0A
0C
01
01
0A
0A
07
01
08
01
0A
0C
01
0A
0C
01
0A
0A
0A
0A
0A
0A
0A
0A
0A
0A
0A
0A
0A
0A
0A
07
0C
01
01
0A
0C
01
07
01
0A
08
01
0A
0C
01
01
0A
0C
01
08
01
0A
0C
01
01
07
01
0A
0C
0A
0C
01
01
0A
0C
01
01
08
01
08
01
08
01
08
01
0A
0C
01
08
01
08
01
08
01
08
01
08
01
08
01
08
01
08
01
08
01
08
01
0A
08
01
0A
08
01
08
01
0A
0C
01
07
01
07
01
01
01
01
05
01
01
01
01
01
01
01
01
01
01
01
01
01
01
01
01
01
01
01
01
01
01
01
01
01
01
01
01
01
01
01
01
01
01
01
01
01
01
01
01
01
01
01
01
01
01
01
01
01
01
01
01
01
01
01
01
01
01
01
01
01
01
01
01
01
01
01
0008
012B
0006
0001
00ED
0000002A
0005
0000
00000012
BB003F
59
110080
1020
1025
B700E1
B3003A
B1
0000
0001
00EE
00000006
0001
0000
00A3
