07
07
09
08
0A
09
0A
09
08
0A
09
08
09
08
09
08
09
08
09
08
09
08
09
08
09
07
07
07
01
01
01
01
01
01
01
01
01
01
01
01
01
01
01
01
01
01
01
01
03
01
03
01
03
01
03
01
03
01
03
01
03
01
03
01
01
01
01
01
01
01
01
01
01
01
01
07
0C
01
0C
0C
0C
0C
01
0C
0C
01
0C
01
0C
01
0C
01
0C
01
0C
01
0C
01
0C
01
01
01
01
01
01
01
01
01
01
01
01
0008
0044
0045
0001
0046
00000095
0004
0000
00000059
BB0002
59
B20003
1204
B70005
B30006
B20006
B60007
B30008
1209
B8000A
B3000B
120C
B8000A
B3000D
120E
B8000A
B3000F
1210
B8000A
B30011
1212
B8000A
B30013
1214
B8000A
B30015
1216
B8000A
B30017
1218
B8000A
B30019
B1
0000
0001
0047
0000002A
000A
0000
0016
000F
0017
0018
001D
0020
001E
0028
001F
0030
0020
0038
0021
0040
0022
0048
0023
0050
0024
