0B
0B
07
0A
0A
0A
0A
0A
05
06
06
0A
0A
0A
0B
05
0B
07
0B
07
0B
0B
0B
0B
0A
0B
0B
0B
0B
0B
0A
0A
0B
0B
0B
0B
0B
0A
0B
0B
0B
0B
0A
09
07
08
0A
0B
0B
0B
07
07
0B
0B
05
0B
0B
0B
0B
0B
0B
05
0B
07
0A
0B
0A
0B
0A
0A
07
0A
0A
0B
0B
0A
0A
0B
0A
0A
0B
0B
07
07
07
01
01
01
01
03
01
03
01
01
01
01
01
01
01
01
01
01
01
01
01
01
01
01
01
01
01
01
01
01
01
01
01
01
01
01
01
01
01
01
01
01
01
01
01
01
01
01
01
01
01
01
01
01
07
01
01
01
01
01
01
01
01
01
01
01
01
01
01
01
01
01
01
01
01
01
07
01
01
01
01
01
01
01
01
01
01
01
01
01
01
01
01
01
01
01
01
01
01
01
01
01
01
01
01
01
01
01
01
01
01
01
01
01
01
01
01
01
01
01
01
01
01
01
01
01
01
07
01
01
01
01
01
01
01
01
01
01
07
01
01
01
01
01
01
01
01
01
01
01
01
01
01
01
01
01
01
01
01
01
01
01
01
01
01
01
01
01
01
01
01
01
01
01
01
01
01
01
01
01
01
01
01
01
01
01
07
01
01
01
01
01
01
01
01
01
01
01
01
01
01
01
01
01
01
01
01
0C
0C
01
0C
07
0C
0C
0C
07
0C
0C
0C
0C
0C
0C
01
0C
01
0C
07
0C
0C
0C
07
0C
0C
0C
0C
0C
0C
0C
0C
0C
0C
0C
0C
0C
0C
0C
0C
0C
0C
0C
01
01
0C
07
0C
0C
01
01
07
0C
0C
0C
0C
01
0C
0C
07
0C
0C
0C
0C
01
0C
0C
0C
0C
0C
07
0C
0C
0C
07
0C
0C
0C
01
01
01
01
01
01
01
01
01
01
01
01
01
01
01
01
01
01
01
01
01
01
01
01
01
01
01
01
01
01
01
01
01
01
01
01
01
01
01
01
01
01
01
01
01
01
01
01
01
01
01
01
01
01
01
01
01
01
01
01
01
0001
00A9
0093
0006
0073
00000078
0004
0002
00000021
2B
C10016
99000E
2A
2B
C00016
B9001F0200
B0
2A
2B
03
2B
B9001A0100
B900200400
B0
0000
0004
0074
0000000E
0003
0000
00B8
0007
00B9
0012
00BB
0075
00000016
0002
0000
0021
0076
0077
0000
0000
0021
0094
0095
0001
0079
0000000C
0001
0000
0021
0076
007A
0000
0090
00000003
0001
12
0065
00000008
0003
0037
0038
0046
0066
00000005
01
0094
0000
0068
00000002
0096
006A
00000006
0001
006B
0000
006C
00000008
0001
14
00
006B
0000
