0A
0A
09
09
0A
0A
0A
0A
07
07
0A
0A
0A
0A
0A
0A
0A
0A
0A
0A
07
07
07
01
01
01
01
01
01
01
01
01
01
01
01
01
01
01
01
01
01
01
01
01
01
01
01
01
01
01
01
01
01
01
01
01
01
01
01
01
01
01
01
01
01
01
01
01
01
01
01
01
01
0C
07
0C
0C
07
0C
07
0C
0C
0C
0C
01
01
0C
0C
0C
0C
0C
0C
0C
0C
01
01
01
01
01
01
01
01
01
01
01
01
01
01
01
01
01
01
01
01
0001
002C
002D
0001
001E
0000003D
0002
0002
00000009
2B
2A
B40003
B80006
B0
0000
0002
001F
00000006
0001
0000
0041
0020
00000016
0002
0000
0009
0021
0022
0000
0000
0009
0028
002E
0001
