01
01
01
01
01
01
01
01
01
01
01
01
01
01
01
01
01
01
01
01
01
01
01
01
01
01
01
01
01
01
01
07
07
07
07
01
01
01
01
01
01
01
01
01
01
01
0C
0C
0C
0C
0C
0C
0C
0C
09
09
09
09
0A
0A
0A
0A
01
01
01
01
01
0011
000B
002A
0001
003F
0000006F
0002
0003
00000021
03
3D
1C
2A
B40038
A20018
2A
B4003A
1C
32
2B
B6003D
990005
04
AC
840201
A7FFE6
03
AC
0000
0002
0040
00000016
0005
0000
00E9
000A
00EB
0017
00EC
0019
00E9
001F
00EF
0041
00000020
0003
0002
001D
0011
0005
0002
0000
0021
001E
0026
0000
0000
0021
001C
0024
0001
