0A
09
0A
07
07
0A
0A
09
09
0A
07
0A
0A
08
0A
0A
08
0A
08
0A
0A
0A
0A
07
0A
07
08
0A
09
07
08
0A
09
07
08
0A
09
07
08
0A
09
07
08
0A
09
07
08
0A
09
07
08
0A
09
07
08
0A
09
07
08
0A
09
07
08
0A
09
07
08
0A
09
07
08
0A
09
07
08
0A
09
07
08
0A
09
07
01
01
01
01
01
01
01
01
01
01
01
01
01
01
01
01
01
01
01
01
01
01
01
01
01
01
01
01
01
01
01
01
01
01
01
01
01
01
01
01
01
01
01
01
01
01
01
01
01
01
01
01
01
07
01
01
01
07
01
07
01
01
01
01
01
01
01
01
01
01
01
01
01
0C
0C
07
0C
07
01
0C
0C
0C
0C
07
0C
01
0C
0C
01
0C
0C
01
07
0C
01
0C
0C
0C
0C
01
01
0C
01
0C
01
0C
01
0C
01
0C
01
0C
01
0C
01
0C
01
0C
01
0C
01
0C
01
0C
01
0C
01
0C
01
01
01
01
01
01
01
01
01
01
01
01
01
01
01
01
01
1000
0073
008F
0001
006C
00000066
0005
0006
0000000A
2A
2B
1C
1D
1504
B70001
B1
0000
0002
006D
00000006
0001
0000
0190
0070
0000003E
0006
0000
000A
0075
0056
0000
0000
000A
0090
0072
0001
0000
000A
0091
0092
0002
0000
000A
0093
0065
0003
0000
000A
0094
0067
0004
0000
000A
0095
0096
0005
