0A
09
09
07
0A
07
0A
0B
07
07
07
0A
07
0A
08
0A
0A
08
08
0A
07
07
07
01
01
01
01
01
01
01
01
01
01
01
01
01
01
01
01
01
01
01
01
01
01
01
01
01
01
01
07
01
01
01
01
01
01
01
01
0C
0C
0C
01
01
0C
07
0C
01
01
01
0C
01
01
0C
0C
01
01
0C
07
01
01
01
01
01
01
01
01
01
01
01
01
01
0001
0038
0039
0001
0022
00000052
0002
0001
00000028
BB000D
59
B7000E
120F
B60010
2A
B40002
B60011
1212
B60010
2A
B40003
B60011
1213
B60010
B60014
B0
0000
0002
0023
00000006
0001
0000
0275
0024
0000000C
0001
0000
0028
0025
0026
0000
