01
07
01
07
01
01
07
01
01
07
01
07
01
07
01
01
01
01
01
01
01
01
01
01
01
01
0C
0A
03
0C
0A
0C
09
0C
09
01
07
01
07
01
01
0C
0B
01
0C
0A
0C
09
01
01
01
01
01
01
01
01
01
07
01
10
01
01
0C
0A
0F
10
01
07
01
01
0C
0A
0F
01
01
0C
12
01
0C
0A
01
01
01
01
01
01
01
01
0C
0A
01
01
01
01
01
01
01
0C
0A
01
07
01
0C
0A
01
01
0C
0A
01
01
01
01
01
01
08
01
07
01
07
01
07
08
08
08
08
08
01
01
0C
0A
01
07
0C
0A
01
01
01
01
01
01
01
01
01
01
1000
0017
006A
0001
0089
0000005A
0004
0005
00000008
2A
2B
2C
2D
B7006C
B1
0000
0002
008B
00000006
0001
0000
0220
008C
00000034
0005
0000
0008
0031
0032
0000
0000
0008
006D
0034
0001
0000
0008
006E
0011
0002
0000
0008
006F
0014
0003
0000
0008
0070
0071
0004
