0A
07
0C
01
01
01
07
01
0A
09
07
0C
01
01
01
09
0C
01
0A
07
0C
01
01
01
0A
07
0C
01
01
01
0A
07
0C
01
01
01
09
0C
01
01
09
0C
01
01
09
0C
01
01
09
0C
01
01
01
01
01
01
01
01
01
01
01
01
01
01
01
01
01
01
01
01
01
01
01
01
01
01
01
01
01
01
01
01
01
01
01
01
01
01
01
01
01
0001
004E
003F
0002
0037
00000050
0002
0002
00000006
2A
2B
B50010
B1
0000
0003
0038
0000000A
0002
0000
0053
0005
0054
0039
00000016
0002
0000
0006
003A
003B
0000
0000
0006
0012
000F
0001
0040
0000000C
0001
0000
0006
0012
0036
0001
0034
00000002
004F
