09
07
0C
01
01
01
09
07
0C
01
01
01
07
01
0A
0C
01
01
0A
07
0C
01
01
07
01
07
01
0A
07
0C
01
01
01
0A
07
0C
01
01
01
0A
0C
01
01
01
01
01
01
01
01
01
01
01
01
01
01
01
01
01
01
01
01
01
07
01
01
0001
002A
002B
0001
002D
0000006E
0003
0005
00000014
2C
C00018
3A04
2B
1904
2D
C0001A
B6001C
B80022
B0
0000
0002
002E
0000000E
0003
0000
0079
0006
007A
0010
007B
002F
00000034
0005
0000
0014
0030
0031
0000
0000
0014
0032
0033
0001
0000
0014
0034
0035
0002
0000
0014
0036
0035
0003
0006
000E
0037
0038
0004
