01
07
01
01
07
01
07
01
01
0C
0A
01
01
01
01
01
01
01
07
01
0C
0A
01
01
01
01
0C
09
01
01
07
01
07
01
01
0C
09
01
07
01
0C
09
01
01
01
08
01
07
01
01
0C
0A
0C
0A
01
07
01
01
0C
0B
01
07
01
01
0C
0B
01
01
0C
0B
01
01
0C
0B
01
01
0C
0B
01
07
01
0C
0A
01
01
0C
0B
01
07
01
0C
0A
01
01
07
01
07
01
01
01
08
01
08
01
07
01
0C
0B
01
01
0C
0A
01
07
0B
01
01
01
0C
0A
01
0C
0A
01
01
0A
0C
09
01
07
01
08
01
0C
0A
01
08
01
01
0C
0A
01
07
0A
01
07
01
01
0C
0A
01
08
01
08
01
08
01
08
01
08
01
08
01
01
01
01
01
01
01
01
01
01
01
01
01
03
03
01
01
03
01
01
01
01
01
01
01
01
01
07
01
01
07
01
01
01
01
01
01
01
01
01
01
01
01
01
0001
001D
000F
0003
00C5
00000072
0003
0002
00000048
1007
BD001F
4C
2B
03
B20025
C0001F
53
2B
04
B2002A
C0001F
53
2B
05
B20025
C0001F
53
2B
06
B2002A
C0001F
53
2B
07
B20025
C0001F
53
2B
08
B20025
C0001F
53
2B
1006
B2002A
C0001F
53
2B
B0
0000
0002
00C6
00000006
0001
0000
07A8
00C7
0000000C
0001
0000
0048
000C
000D
0000
00C8
00000002
0010
00C4
00000006
0001
0011
0000
