01
07
01
07
01
07
01
01
01
01
08
01
07
01
01
0C
0A
01
08
01
0C
0A
01
01
0C
09
01
0C
09
01
0C
09
0C
09
01
01
01
01
07
01
01
0C
0A
0C
0A
01
01
01
03
01
03
01
03
01
03
01
01
01
01
08
01
08
01
08
01
07
01
01
0C
0B
01
01
0C
0B
01
01
0C
0A
01
07
01
01
0C
09
01
07
01
01
0C
0B
01
01
01
01
01
01
01
01
01
01
01
01
01
01
01
07
01
0C
09
01
01
0C
0A
01
07
01
01
0C
0A
01
01
01
07
01
07
0C
0A
01
01
07
01
0C
0A
01
01
0C
09
01
01
01
01
03
01
01
03
01
01
01
01
01
01
01
07
01
01
07
01
01
01
01
01
01
01
01
01
01
01
01
01
1009
002E
0014
0003
00A0
0000000D
0000
0000
00000001
B1
0000
0000
00A5
00000000
00A6
0000000B
0001
002F
0001
00010030
49
0031
