0A
0A
07
0A
0A
07
0A
0A
0A
0A
0A
0A
0A
07
0A
0A
0A
0A
0A
08
09
0A
0A
0A
07
0A
0A
0A
0A
0A
07
09
09
09
09
09
09
04
0A
0A
07
08
0A
0A
0A
0A
0A
06
0A
0A
07
07
01
01
01
01
01
01
01
01
07
01
01
01
01
01
01
01
01
01
01
01
01
01
01
01
01
01
01
01
01
01
01
01
01
01
01
01
01
01
01
01
01
01
01
01
01
01
01
01
01
01
01
01
01
01
01
01
07
01
01
01
01
01
01
01
01
01
01
01
01
01
01
01
01
01
01
01
01
01
01
01
01
01
01
01
0C
0C
01
0C
07
0C
07
01
01
0C
07
0C
07
0C
07
0C
07
0C
0C
0C
01
0C
07
0C
0C
0C
0C
01
07
0C
07
0C
0C
07
0C
01
0C
0C
0C
0C
07
0C
01
0C
0C
0C
0C
0C
0C
0C
0C
01
01
0C
0C
0C
0C
0C
0C
0C
01
01
07
01
07
01
01
01
01
01
01
01
01
01
01
01
01
01
01
01
01
01
01
01
01
01
01
01
01
01
01
01
01
01
01
01
01
01
01
01
01
01
01
01
01
01
01
01
01
01
01
01
01
01
01
01
01
01
01
01
01
01
01
01
01
01
01
01
01
0001
005F
0060
0001
0038
0000004F
0001
0003
0000000D
2B
B60018
C00019
4D
2C
B6001A
AC
0000
0002
0039
0000000A
0002
0000
008E
0008
008F
003A
00000020
0003
0000
000D
003B
003C
0000
0000
000D
0061
0062
0001
0008
0005
0044
0063
0002
