09
0A
07
07
0A
0A
08
0A
08
09
08
09
08
09
08
09
08
09
08
09
08
09
07
12
0A
09
0A
08
08
08
08
08
08
08
08
08
08
08
08
08
08
08
08
08
0A
08
08
08
08
08
08
08
09
07
07
01
01
01
01
01
01
01
01
01
01
01
01
01
01
01
01
01
01
01
01
01
01
01
01
01
01
01
01
01
01
01
01
01
01
01
01
01
01
01
01
0C
07
0C
01
0C
0C
01
07
0C
01
0C
01
0C
01
0C
01
0C
01
0C
01
0C
01
0C
01
01
0F
08
0C
0C
0C
0C
01
01
01
01
01
01
01
01
01
01
01
01
01
01
01
01
0C
01
01
01
01
01
01
01
01
0A
01
01
01
01
01
01
01
01
07
0C
01
07
01
01
07
01
01
0002
004D
004E
0002
0046
00000031
0003
0003
00000007
2A
2B
1C
B70006
B1
0000
0002
0047
00000006
0001
0000
0024
004A
0000000C
0001
0000
0007
004F
003A
0000
0050
00000002
0051
