09
07
0C
01
01
01
0A
07
0C
01
01
01
0A
07
0C
01
01
01
0A
07
0C
01
01
07
01
0A
07
0C
01
01
01
0A
0C
01
0A
0C
01
01
01
01
01
01
01
01
01
01
01
01
01
01
01
01
01
01
01
01
01
01
01
01
01
01
01
01
01
01
07
01
01
0081
000B
003E
0004
0026
0000005E
0003
0003
0000000A
2A
2B
2C
B8000D
B70023
B1
0000
0003
0027
0000000A
0002
0000
0029
0009
002A
0028
00000020
0003
0000
000A
0029
002A
0000
0000
000A
003B
003C
0001
0000
000A
0035
0036
0002
002F
0000000C
0001
0000
000A
0035
0037
0002
0031
00000009
02
003B
0000
0035
0000
0032
00000002
003F
0039
00000006
0001
003A
0000
