0A
07
0A
07
0A
0B
0A
0B
0B
0B
07
0B
08
07
0B
0A
0A
0A
0A
0A
0A
0A
0A
08
0A
0A
0A
0A
0A
0A
0A
08
0A
0A
0A
0A
0B
0B
0B
0A
0B
0A
0A
0A
0A
07
0A
07
07
01
01
01
01
01
01
01
01
01
01
01
01
01
01
01
01
01
01
01
01
01
01
01
07
01
01
01
01
01
01
01
01
01
07
01
01
01
01
01
01
01
01
01
01
01
07
07
07
07
07
01
01
01
01
01
01
01
01
01
01
01
01
01
01
01
01
01
01
01
01
01
01
01
01
01
01
01
01
01
01
0C
01
01
0C
0C
0C
0C
0C
01
0C
01
01
0C
07
0C
0C
0C
0C
07
0C
0C
0C
07
0C
01
0C
0C
07
0C
0C
0C
0C
0C
01
07
0C
0C
07
0C
0C
07
0C
0C
07
0C
0C
07
0C
07
07
0C
07
0C
01
0C
01
01
01
01
01
01
01
01
01
01
01
01
01
01
01
01
01
01
01
01
01
01
01
01
01
01
01
01
01
01
01
01
01
01
01
01
01
01
01
01
01
01
01
01
01
01
01
01
01
01
01
01
01
01
01
01
01
01
01
01
01
01
01
01
01
01
01
01
01
01
01
01
01
01
01
01
01
0009
003B
0065
0001
0036
00000032
0002
0001
00000008
2A
B80014
B80022
B0
0000
0002
0037
00000006
0001
0000
0058
0038
0000000C
0001
0000
0008
0040
0041
0000
