07
01
07
01
0A
0C
01
01
09
07
0C
01
01
01
0A
07
0C
01
01
01
0A
0C
01
01
08
01
0A
0C
01
0A
07
0C
01
01
01
0A
0C
01
01
0A
0C
01
07
01
0A
0C
01
01
0A
07
0C
01
01
0A
0C
01
0A
0C
01
0B
07
0C
01
01
01
0A
0C
01
07
01
12
0C
01
01
0A
0C
01
01
07
01
07
01
0A
0A
0C
01
01
0A
07
01
0A
0C
01
12
0C
01
01
0A
07
0C
01
01
01
0A
07
01
0A
0C
01
01
07
01
07
01
0A
0A
0C
01
01
01
01
01
01
01
01
01
01
01
01
01
01
01
01
01
01
01
01
01
01
01
01
01
01
01
01
01
01
01
01
01
01
01
01
01
01
01
01
01
01
01
01
01
01
01
01
01
01
01
01
01
01
01
01
01
01
01
01
01
03
01
0F
0A
07
0C
01
01
01
10
01
0F
0A
0C
10
10
01
0F
0A
0C
10
01
01
01
07
01
07
01
01
100A
009C
009D
0001
0079
0000003A
0002
0002
00000006
2B
2A
B6006B
B1
0000
0002
007A
00000006
0001
0000
0055
007B
00000016
0002
0000
0006
0095
0096
0000
0000
0006
009E
0087
0001
