01
07
01
07
01
01
01
01
01
08
01
07
01
01
0C
0A
01
08
01
08
01
08
01
08
01
08
01
08
01
0C
0A
01
01
0C
09
01
0C
09
01
0C
09
01
0C
09
01
01
0C
09
01
0C
09
0C
09
01
01
0C
09
01
0C
09
0C
09
0C
09
0C
09
01
0C
09
01
01
01
01
07
01
01
0C
09
01
07
01
08
01
07
01
01
0C
0A
0C
0A
01
01
01
01
01
01
01
01
01
01
01
01
01
01
01
01
01
01
01
01
01
01
01
01
01
01
01
01
01
01
01
01
01
01
01
01
01
01
01
01
01
01
01
01
01
01
01
01
01
01
01
01
01
01
01
01
01
01
01
01
01
01
01
01
01
01
0C
0A
01
01
08
01
07
01
01
0C
0A
0F
01
0C
12
01
01
07
01
0C
0A
0C
0A
01
07
0A
01
07
01
0C
0A
0A
01
01
01
01
01
01
0C
0A
01
01
01
01
01
01
08
01
08
01
08
01
07
01
01
0C
0B
01
01
0C
0B
01
07
01
0C
09
01
07
01
01
0C
0B
01
01
0C
0B
01
07
0C
09
01
07
01
01
0C
0A
01
01
0C
0B
01
07
01
07
01
0C
09
01
07
01
0C
0A
01
01
01
01
01
01
01
01
01
01
01
01
01
01
07
01
0C
09
01
01
0C
0A
01
07
01
01
0C
0A
01
01
01
01
07
01
07
0C
0A
01
01
07
01
0C
0A
01
01
0C
09
01
01
01
03
03
03
01
01
03
01
01
01
01
01
01
01
07
01
01
01
01
01
01
01
01
01
01
01
01
01
01
0011
0064
0065
0002
0146
0000002F
0001
0001
00000005
2A
B40029
B0
0000
0002
0147
00000006
0001
0000
000D
0148
0000000C
0001
0000
0005
0046
0047
0000
0144
00000006
0001
0008
0000
