0A
0A
07
09
08
0A
0A
0A
07
08
0A
07
08
07
08
0A
0A
0A
07
0A
0A
0A
09
0A
07
0A
0A
0A
08
07
0A
07
0A
0A
0A
07
0A
0A
0B
0A
0A
0A
0A
0A
09
07
0A
0A
0A
0B
0B
07
0A
07
0B
0A
0B
0A
07
0A
0A
0A
0A
0A
0A
09
09
0B
07
0A
08
0A
0A
0A
0B
0B
07
0A
07
0A
08
0A
0A
0A
0A
08
0A
0A
07
0A
0B
07
0A
07
07
0A
07
07
0A
0A
0A
0A
07
07
01
01
01
01
01
01
01
01
03
01
01
01
01
01
01
01
01
01
01
01
01
01
01
01
01
01
01
01
01
01
01
01
01
01
01
01
01
01
01
07
07
07
07
07
01
01
01
01
01
01
01
01
07
01
01
01
01
01
01
01
01
07
07
01
01
01
07
07
01
01
01
01
01
01
01
01
01
01
01
01
01
01
01
07
01
01
01
01
01
01
01
01
01
01
01
01
01
01
01
01
01
01
01
01
01
07
07
07
07
07
07
07
07
07
01
01
01
01
01
01
07
01
01
01
01
01
01
01
01
07
07
07
07
01
01
01
01
01
01
01
0C
07
0C
01
0C
01
07
0C
0C
0C
01
01
0C
01
01
01
01
0C
0C
07
0C
01
0C
0C
0C
0C
01
0C
0C
01
01
0C
01
0C
0C
0C
01
0C
0C
07
0C
0C
07
0C
0C
07
0C
0C
0C
01
0C
0C
07
0C
0C
0C
01
0C
01
0C
0C
0C
0C
01
0C
0C
07
0C
07
0C
0C
0C
07
0C
07
0C
07
0C
01
0C
01
07
0C
0C
0C
01
0C
01
0C
01
07
0C
01
07
0C
01
0C
01
01
0C
01
01
07
0C
0C
0C
01
07
01
01
01
01
01
01
01
01
01
01
01
01
01
01
01
01
01
01
01
01
01
01
01
01
01
01
01
01
01
01
01
01
01
01
01
01
01
01
01
01
01
01
01
01
01
01
01
01
01
01
01
01
01
01
01
01
01
01
01
01
01
01
01
01
01
01
01
01
01
01
01
01
01
01
01
01
01
01
01
01
01
01
01
01
01
01
01
01
01
01
01
01
01
01
01
0000
00B4
00B5
0001
007A
00000041
0001
0001
00000005
2A
B4002D
B0
0000
0003
007B
00000006
0001
0000
0098
007C
0000000C
0001
0000
0005
007D
007E
0000
007F
0000000C
0001
0000
0005
007D
0080
0000
