07
0A
0A
0A
08
09
08
09
08
09
08
0A
08
09
0A
08
09
0A
09
0A
09
0A
0A
09
0A
09
09
04
0A
08
08
0A
08
08
08
07
07
01
01
01
01
01
01
01
01
01
01
01
01
01
01
01
01
01
01
01
01
01
01
01
01
01
01
01
01
01
01
01
01
01
01
01
01
01
01
01
01
01
01
01
01
01
01
01
01
01
01
01
01
01
01
01
01
01
0C
0C
0C
01
0C
01
0C
01
0C
01
01
0C
0C
01
0C
0C
0C
0C
07
0C
07
0C
07
0C
0C
0C
0C
01
01
07
0C
01
01
01
01
01
01
01
01
01
01
01
01
01
01
07
01
01
01
01
01
01
01
01
01
01
01
0001
0041
0042
0001
0034
0000005E
0002
0002
00000015
2A
2B
B5000E
2B
C6000E
2A
2B
B40015
B60016
B50011
B1
0000
0003
0035
00000012
0004
0000
0030
0005
0031
0009
0032
0014
0033
0036
00000016
0002
0000
0015
0037
0038
0000
0000
0015
002E
002F
0001
0043
00000003
0001
14
