07
0A
09
08
0A
0A
0A
0A
0A
0A
0A
0A
0A
0A
0A
0A
0A
05
05
05
0A
0A
0A
09
0A
05
0A
05
05
0A
05
09
09
09
09
09
09
09
0A
07
07
07
0A
08
0A
0A
0A
0A
09
0A
0A
0A
0A
0A
0A
0A
0A
0A
0A
0A
05
05
05
0A
05
05
05
05
05
05
05
05
05
09
07
07
07
01
01
01
01
01
01
05
01
01
03
01
03
01
03
01
03
01
03
01
03
01
03
01
03
01
03
01
03
01
03
01
03
01
03
01
01
01
01
01
01
01
01
01
01
01
01
01
01
01
01
01
01
01
01
01
01
01
01
01
01
01
01
01
01
01
01
01
01
01
01
01
01
01
01
01
01
01
01
01
01
01
01
01
01
01
01
01
01
01
01
01
01
01
01
01
01
01
01
01
01
01
01
01
01
01
01
01
01
01
01
01
01
01
01
01
01
01
01
01
01
01
01
01
01
01
01
01
01
0C
0C
01
0C
0C
07
0C
0C
0C
0C
0C
0C
0C
0C
0C
0C
0C
0C
0C
07
0C
0C
07
0C
07
0C
0C
0C
0C
0C
0C
0C
0C
0C
0C
01
01
01
01
0C
0C
0C
0C
0C
0C
07
0C
0C
0C
0C
0C
0C
0C
0C
0C
0C
0C
01
01
01
01
01
01
01
01
01
01
01
01
01
01
01
01
01
01
01
01
01
01
01
01
01
01
01
01
01
01
01
01
01
01
0001
00C7
00C8
0001
0091
00000039
0001
0002
00000005
1B
B80018
B0
0000
0002
0092
00000006
0001
0000
01C2
0093
00000016
0002
0000
0005
0094
0063
0000
0000
0005
00C9
006A
0001
