0A
09
09
09
09
07
0A
0B
09
09
09
09
09
09
09
09
09
09
09
09
09
0A
07
0A
07
0A
07
0A
08
0A
08
0A
08
08
08
08
08
08
08
08
08
08
08
08
08
08
08
08
08
08
0A
08
0A
08
0A
01
01
01
08
01
01
01
01
01
08
01
01
01
08
01
01
08
01
01
01
08
01
01
08
01
01
01
08
01
01
01
08
01
01
01
08
01
01
08
01
01
08
01
01
01
08
01
01
01
08
01
01
08
01
01
01
08
01
01
08
01
01
01
08
01
01
01
01
01
01
01
01
01
01
01
01
01
01
01
01
01
01
01
01
01
01
01
01
01
01
07
01
01
01
01
01
01
01
01
01
01
01
01
01
01
01
01
01
01
01
01
01
01
01
01
01
01
01
01
01
01
01
01
01
01
01
01
01
01
01
01
01
01
01
01
01
01
01
01
01
01
01
01
01
01
01
01
01
01
01
01
01
01
01
01
01
01
01
01
01
01
01
01
01
01
01
01
01
01
01
01
01
01
01
01
01
01
01
01
01
01
01
01
01
01
01
01
01
01
01
01
01
07
01
01
01
01
01
01
01
01
01
01
01
01
0C
0C
0C
0C
0C
01
07
0C
0C
0C
0C
0C
0C
0C
0C
0C
0C
0C
0C
0C
0C
0C
01
07
0C
01
0C
01
01
0C
01
0C
01
01
01
01
01
01
01
01
01
01
01
01
01
01
01
01
01
01
0C
01
01
07
0C
07
01
01
01
01
01
01
01
01
01
01
01
01
01
01
01
0001
00BC
0098
0002
007C
00000050
0002
0002
00000006
2A
2B
B50003
B1
0000
0003
007D
0000000A
0002
0000
0125
0005
0126
007E
00000016
0002
0000
0006
007F
0080
0000
0000
0006
0054
003D
0001
0082
0000000C
0001
0000
0006
0054
0055
0001
003E
00000002
00BD
