0A
09
07
0A
09
09
0A
07
07
0A
08
0A
0A
0A
0A
0B
0B
0B
0B
0B
0A
0A
09
09
09
0A
07
07
07
07
01
01
07
01
07
01
01
01
01
01
01
01
01
01
01
01
01
01
01
01
01
01
01
01
01
01
01
01
01
01
01
01
01
01
01
01
01
01
01
01
01
01
01
01
01
0C
0C
01
0C
0C
0C
07
0C
01
01
01
0C
0C
0C
0C
07
0C
0C
07
0C
0C
0C
07
0C
0C
07
0C
0C
0C
0C
01
01
01
01
01
01
01
01
01
01
01
01
01
01
01
01
01
01
01
01
01
01
01
01
01
01
01
01
01
01
01
01
01
01
01
0008
0048
0049
0001
0030
00000028
0003
0000
00000010
B20017
B20018
B20019
B8001A
B30006
B1
0000
0001
0031
00000006
0001
0000
007B
