03
03
03
08
08
08
08
08
08
08
07
07
07
07
07
07
07
09
09
09
09
09
09
0A
0A
0A
0A
0A
0A
0A
0A
0A
0A
0A
0A
0A
0A
0C
0C
0C
0C
0C
0C
0C
0C
0C
0C
0C
0C
0C
0C
0C
0C
0C
0C
0C
01
01
01
01
01
01
01
01
01
01
01
01
01
01
01
01
01
01
01
01
01
01
01
01
01
01
01
01
01
01
01
01
01
01
01
01
01
01
01
01
01
01
01
01
01
01
01
01
01
01
01
01
01
01
01
01
01
01
01
01
01
01
01
01
01
01
01
01
01
01
01
01
01
01
01
01
0001
007E
003E
0001
004B
0000003A
0002
0002
00000006
2A
2B
B50014
B1
0000
0002
004D
00000006
0001
0000
0010
0054
00000016
0002
0000
0006
0082
004C
0000
0000
0006
0063
004E
0001
