0A
0A
0A
07
0A
08
0A
0A
08
0A
07
07
01
01
01
01
01
01
01
01
01
01
01
01
01
01
01
01
01
01
01
01
01
01
01
01
01
01
0C
0C
0C
01
0C
01
0C
07
0C
01
0C
01
01
01
01
01
01
01
01
01
01
01
0001
000D
0019
0004
000F
0000004C
0003
0003
0000000A
2A
2B
2C
B80002
B70003
B1
0000
0002
0010
0000000A
0002
0000
0014
0009
0015
0011
00000020
0003
0000
000A
0012
0013
0000
0000
000A
001A
0015
0001
0000
000A
0014
0015
0002
0018
00000009
02
001A
0000
0014
0000
001B
00000010
0002
16
00
00
001C
0000
16
01
00
001D
0000
001E
0000000D
02
0001
001C
0000
0001
001D
0000
