09
0A
07
08
09
0A
0A
07
07
01
01
01
01
01
01
01
01
01
01
01
01
01
01
01
01
01
01
01
01
01
01
01
01
01
01
01
01
07
07
07
01
01
01
01
07
01
01
07
0C
0C
01
01
07
0C
0C
07
0C
01
01
01
01
01
01
01
01
01
01
01
01
01
01
01
0001
0018
0019
0001
000C
00000198
0006
0009
00000095
03
3E
03
3604
1504
2C
BE
04
64
A20013
2C
1504
33
9A0006
840301
840401
A7FFEA
1D
04
60
BD0003
3A04
03
3605
1904
03
1204
53
03
3606
03
3607
1507
2C
BE
A20034
2C
1507
33
9A0027
BB0003
59
2C
1506
1507
1506
64
B20005
B70006
3A08
1904
1505
840501
1908
53
1507
04
60
3606
840701
A7FFCB
1506
2C
BE
A20021
BB0003
59
2C
1506
2C
BE
1506
64
B20005
B70006
3A07
1904
1505
840501
1907
53
1904
B0
0000
0003
000D
0000004E
0013
0000
0021
0002
0022
000E
0023
0015
0024
0018
0022
001E
0027
0026
0028
0029
0029
002F
002A
0032
002E
003C
002F
0043
0030
0057
0032
0061
0033
0067
002E
006D
0036
0074
0038
0088
003A
0092
003C
000E
00000070
000B
0005
0019
001A
0014
0004
0057
0010
001B
0012
0008
0035
0038
001A
0014
0007
0088
000A
001B
0012
0007
0000
0095
000F
0010
0000
0000
0095
001C
001D
0001
0000
0095
001E
001F
0002
0002
0093
0020
0014
0003
0026
006F
0021
0022
0004
0029
006C
0023
0014
0005
0032
0063
0024
0014
0006
0025
00000027
0007
FD
0005
01
01
12
FA
0005
FF
0016
0008
07
0008
07
0026
07
0027
01
07
0028
01
01
01
0000
31
FA
0005
24
