08
0A
0A
0A
08
0B
07
0A
07
0A
08
07
0A
08
07
0A
08
0A
12
0B
07
08
0A
0B
07
0B
08
08
08
08
07
0A
08
07
0A
08
07
0A
08
12
08
08
07
0A
08
12
07
0A
08
07
0A
08
12
08
08
07
0A
08
12
08
07
0A
08
12
08
07
0A
08
12
07
0A
08
12
07
0A
08
12
07
0A
08
12
07
0A
08
07
0A
08
07
0A
08
08
08
08
08
08
08
12
08
08
08
08
08
08
08
08
07
0A
08
0A
12
0B
08
0A
08
0A
07
0A
07
07
01
01
01
01
01
01
01
01
01
01
01
01
01
01
01
01
01
01
01
01
01
01
01
01
01
01
01
01
01
01
01
01
01
01
01
01
01
01
01
01
01
01
01
01
01
01
01
01
01
01
01
01
01
01
01
01
01
01
01
01
01
01
01
01
01
01
01
01
01
01
01
01
01
01
01
01
01
01
01
01
01
01
01
01
01
01
01
01
01
01
01
01
01
01
01
01
01
01
01
01
01
01
01
01
01
01
01
01
01
01
01
01
01
01
01
01
01
01
01
01
01
01
01
01
01
01
01
01
01
01
01
01
01
01
01
01
01
01
01
01
01
01
01
01
01
01
01
01
01
01
01
01
01
01
01
01
01
01
07
0C
0C
0C
01
07
0C
01
0C
01
0C
01
01
0C
01
0F
10
0F
10
0C
0C
07
01
0C
0C
01
0C
01
01
01
0F
01
0F
01
01
0F
01
0F
01
0F
01
0F
01
0F
01
0F
01
0F
01
01
01
0F
01
0C
01
0C
10
0F
10
0C
0C
01
0C
01
07
01
01
01
01
01
01
01
01
01
01
01
01
01
01
01
01
0A
01
0A
01
01
01
01
01
01
01
01
01
0A
0A
0A
0A
0A
0A
0A
0A
0A
0A
01
01
01
01
0A
01
01
01
01
01
07
0C
0C
0C
0C
0C
0C
0C
0C
0C
0C
0C
0C
0C
01
01
07
01
01
07
01
01
100A
0111
0107
0001
007A
00000032
0002
0001
00000008
BB0074
59
B70075
B0
0000
0002
007B
00000006
0001
0000
0032
007C
0000000C
0001
0000
0008
0102
0091
0000
