0A
0A
0A
07
0A
07
0A
0A
09
0B
0B
07
0B
0B
07
0A
0B
0A
0B
0B
0B
0B
07
08
08
0A
07
07
07
07
01
01
01
01
01
01
01
01
01
01
01
01
01
01
01
01
01
07
07
07
01
01
01
01
01
01
01
01
01
01
01
01
01
01
07
01
01
01
01
01
07
01
01
01
01
01
01
01
01
01
01
01
0C
0C
0C
01
0C
01
0C
0C
0C
07
0C
07
0C
01
0C
0C
01
0C
0C
0C
0C
0C
0C
01
01
0C
01
01
01
01
01
01
01
01
01
01
01
01
01
01
01
01
01
01
01
01
01
01
01
01
01
01
01
01
01
01
01
01
01
0008
004F
0050
0001
0026
00000027
0004
0000
0000000F
BB0017
59
1218
1219
B7001A
B30009
B1
0000
0001
0027
00000006
0001
0000
0016
