0A
09
09
09
0A
0A
09
09
0A
0A
09
09
09
07
0A
0A
07
07
07
07
01
01
01
01
01
01
01
01
01
01
01
01
01
01
01
01
01
01
01
01
01
01
01
01
01
01
01
01
01
01
01
01
01
01
01
01
01
01
01
01
01
01
01
01
01
01
01
01
01
0C
0C
0C
0C
0C
0C
0C
0C
0C
07
0C
0C
0C
0C
01
0C
0C
01
01
01
01
01
01
01
01
01
01
01
01
01
01
01
01
01
01
01
01
0001
002E
002F
0001
0020
00000061
0004
0003
00000017
2A
B40002
4D
2A
2B
B50002
2A
2C
2A
B40002
B20008
B60009
B1
0000
0002
0021
00000012
0004
0000
0081
0005
0082
000A
0083
0016
0084
0022
00000020
0003
0000
0017
0023
0024
0000
0000
0017
0017
0018
0001
0005
0012
0030
0018
0002
