09
0A
07
07
0A
0A
0A
07
09
09
09
08
0A
0A
08
08
0A
09
08
08
09
08
08
09
08
08
09
08
09
08
09
07
0A
07
0A
0B
12
0B
12
0B
12
0B
07
0A
09
07
01
01
01
01
01
01
01
01
01
01
01
01
01
01
01
01
01
01
01
01
01
01
01
01
01
01
01
01
01
01
01
01
01
01
01
01
01
01
01
01
01
01
01
01
01
0C
07
0C
01
0C
0C
07
0C
01
0C
0C
0C
01
0C
0C
0C
0C
01
0C
01
0C
01
0C
0C
0C
01
0C
01
0C
07
0C
01
0F
10
0F
10
0C
0C
10
0F
10
0C
0C
10
0F
10
0C
0C
01
0C
0C
01
01
01
01
01
01
01
01
01
01
01
01
01
01
0A
01
0A
01
01
01
01
0A
01
01
01
01
01
01
0A
01
01
01
01
07
0C
0C
0C
0C
01
01
07
01
01
01
07
01
01
0009
004E
004F
0001
0041
0000003A
0003
0001
00000010
B2000B
2A
120C
B8000D
C00008
B6000E
AC
0000
0002
0042
00000006
0001
0000
002F
0045
0000000C
0001
0000
0010
0046
0037
0000
