0A
07
0A
0A
0A
0A
05
0A
0A
07
07
01
01
01
01
01
01
01
01
01
01
01
01
01
01
01
01
01
01
01
01
01
01
01
01
01
01
01
01
01
01
01
01
01
01
01
01
01
01
01
01
0C
01
0C
0C
0C
0C
0C
07
0C
01
01
01
01
01
01
01
01
01
01
01
0009
0021
0022
0001
000F
000000AC
0003
0006
00000034
BB0002
59
1C
B70003
4E
1B
1C
60
3604
1B
3605
A7001A
2A
1505
33
9A0006
A70017
2D
2A
1505
33
92
B60004
57
840501
1505
1504
A1FFE5
2D
B0
0000
0002
0010
00000022
0008
0000
004C
0009
004D
000E
004F
0014
0050
001B
0051
001E
0054
0028
004F
0032
0057
0011
0000003E
0006
0000
0034
0016
0017
0000
0000
0034
0018
0019
0001
0000
0034
001A
0019
0002
0009
002B
001B
0023
0003
000E
0026
001F
0019
0004
0011
0023
0020
0019
0005
