07
01
0A
07
0C
01
01
01
07
01
01
01
01
01
01
01
01
01
01
01
01
01
01
01
01
01
01
01
01
01
01
01
01
01
0001
0007
000B
0004
000C
00000072
0005
0004
0000000A
2A
2B
2C
2D
1201
B70003
B1
0000
0003
000D
0000000A
0002
0000
0023
0009
0024
000E
0000002A
0004
0000
000A
000F
0010
0000
0000
000A
0011
0012
0001
0000
000A
0013
0014
0002
0000
000A
0015
0016
0003
0017
00000016
0002
0000
000A
0013
0018
0002
0000
000A
0015
0019
0003
001A
0000000D
03
0011
0010
0013
0010
0015
0010
001B
00000002
001C
001D
00000013
03
0001
001E
0000
0001
001E
0000
0001
001F
0000
