01
07
01
07
01
01
01
01
01
08
01
07
01
01
0C
0A
01
08
01
0C
0A
01
0C
09
01
0C
09
01
01
0C
09
01
0C
09
01
01
01
0C
0A
01
01
01
01
01
01
01
01
01
01
01
01
01
01
0C
0A
01
01
01
07
0A
01
08
01
01
0C
0A
01
0C
0A
01
08
01
08
01
08
01
0C
0A
0C
0A
01
01
01
07
0C
0A
01
07
0A
0A
01
01
01
01
01
01
0C
0A
01
01
01
01
03
03
01
01
03
01
01
01
01
01
01
07
01
01
01
01
01
01
01
01
01
01
01
0001
0038
0039
0002
0076
0000005E
0002
0001
00000040
BB003B
59
B7003C
123E
B60042
2A
B40018
B60045
1247
B60042
2A
B4001B
B60045
1249
B60042
2A
B4001F
B60045
124B
B60042
2A
B40022
B60045
1029
B6004E
B60050
B0
0000
0001
0078
0000000C
0001
0000
0040
0023
0024
0000
0075
00000006
0001
0007
0000
