09
0A
07
07
0A
0A
0A
09
09
09
07
0A
09
09
09
09
09
09
09
07
07
0A
08
0A
09
08
0A
0A
08
0B
0A
0A
0A
07
0A
0A
0A
07
0A
07
0A
08
0A
07
08
0A
0A
08
08
0A
08
09
08
08
0A
0B
07
07
0A
0A
0A
08
0A
07
07
08
0B
0A
0A
0B
09
09
08
0A
0A
0A
07
07
07
07
01
01
01
01
01
01
01
01
01
01
01
03
01
01
01
01
01
01
01
01
01
01
01
01
01
01
01
01
01
01
01
01
01
01
01
01
01
01
01
01
01
01
01
01
01
01
01
01
01
01
01
01
01
01
01
01
01
01
01
01
01
01
01
01
01
01
01
01
01
01
01
07
01
01
01
01
01
01
01
01
01
01
01
01
01
01
01
0C
07
0C
01
01
07
0C
0C
0C
0C
0C
0C
01
0C
0C
0C
0C
0C
0C
0C
01
01
01
0C
0C
01
0C
01
0C
07
0C
0C
0C
01
0C
07
0C
0C
01
0C
01
01
07
0C
01
01
0C
0C
01
0C
0C
01
01
0C
07
0C
01
01
01
0C
0C
01
07
0C
01
01
01
0C
0C
07
0C
0C
0C
01
0C
0C
07
0C
01
01
01
01
01
01
01
01
01
01
01
01
01
01
01
01
01
01
01
01
01
01
01
01
01
01
01
01
01
01
01
01
01
01
01
01
01
01
01
01
01
01
01
01
01
01
01
01
01
01
01
01
01
01
0001
009C
009D
0001
0076
0000003E
0002
0002
00000006
2A
2B
B50047
B1
0000
0002
0077
0000000A
0002
0000
0120
0005
0121
0078
00000016
0002
0000
0006
0079
007A
0000
0000
0006
006F
0070
0001
