0A
07
0A
0A
07
0A
0A
0A
0A
0A
0A
0A
0A
0A
0A
0A
0A
0A
07
01
01
01
01
01
01
01
01
01
01
01
01
01
01
01
01
01
01
01
01
01
01
01
01
01
01
01
01
01
01
01
01
01
01
01
01
01
01
01
01
01
01
01
01
01
01
01
01
01
01
01
01
01
01
01
01
01
01
01
01
01
01
01
01
01
01
01
0C
01
0C
0C
01
0C
0C
0C
0C
0C
0C
0C
0C
0C
0C
0C
07
0C
01
01
01
01
0102
0033
0025
0001
002E
0000003B
05
0000
0001
002F
0001
00010030
5B
0001
73
0031
0001
002F
0001
00010030
5B
0001
73
0031
0001
002F
0001
00010030
5B
0001
73
0032
0001
002F
0001
00010030
5B
0001
73
0031
