07
01
07
01
01
01
01
01
01
08
01
0A
0C
01
01
01
01
01
01
0A
0C
08
01
0A
07
01
0C
01
01
09
0C
01
01
01
01
01
01
0A
0C
0A
0C
01
01
0A
0C
01
01
01
01
01
01
01
01
07
01
0A
07
01
07
01
07
01
01
01
01
01
0A
0C
08
01
0A
07
01
07
01
0A
0C
01
01
08
01
07
01
07
01
07
01
0A
0C
01
0A
0C
01
01
0A
07
01
0C
01
0A
0C
01
01
0A
07
01
0C
01
01
01
01
01
01
01
01
01
01
01
01
0001
0007
0008
0001
0009
00000035
0002
0001
00000007
2A
120A
B7000C
B1
0000
0002
000F
0000000A
0002
0000
003A
0006
003B
0010
0000000C
0001
0000
0007
0011
0012
0000
