01
07
01
07
01
07
01
01
01
01
01
01
01
01
01
01
01
01
01
01
0C
0A
01
0C
0A
01
01
0C
0A
0C
09
0C
09
01
01
01
01
03
03
03
01
07
01
01
0C
0B
01
07
01
01
0C
0A
01
07
01
01
0C
0A
01
07
01
01
0C
0A
03
01
07
01
01
0C
0A
01
07
01
01
0C
0A
01
01
0C
0B
01
07
01
0C
0A
01
01
01
01
07
01
07
01
07
01
01
03
01
07
01
0C
0B
03
03
03
01
0C
0B
0C
0B
08
01
01
0C
0A
03
03
03
03
03
03
01
01
0C
0B
01
01
01
01
01
03
03
03
03
03
03
03
03
01
08
01
07
01
08
01
08
01
08
01
0C
0A
01
08
01
08
01
08
01
08
01
08
01
08
01
08
01
08
01
0C
0B
01
01
03
03
03
03
0C
0B
01
0C
0B
01
0C
09
01
07
01
01
0C
0A
03
0C
0A
01
07
0C
0A
0C
0A
01
01
0C
0A
01
01
0C
0A
0C
09
01
07
01
01
0C
0A
01
0C
0A
01
01
01
07
01
01
01
01
01
01
01
01
01
08
01
08
01
08
01
08
01
08
01
08
01
08
08
01
08
01
08
08
01
08
08
01
08
01
01
03
0C
0A
01
07
01
0C
0A
0C
09
01
07
01
01
0C
0A
0C
0A
01
0C
0A
01
0C
09
01
01
01
01
01
01
0002
0024
0025
0001
011B
000000F3
0008
0004
00000068
00
B80016
4E
2D
1226
32
2D
1227
32
2D
1228
32
2A
B40021
B9002E0200
B9002E0200
2A
B40021
2B
2C
B80034
990019
04
BD0004
59
03
2C
53
B8003A
123C
B80040
C0003C
A70004
01
2D
1241
32
2A
B40021
B9002E0200
04
B80047
04
B80047
B8004D
B900510300
1253
B80056
C00053
B0
0000
0003
011E
00000043
0002
FF
0041
0004
07
0002
07
005B
07
005B
07
005D
0004
07
002A
07
0004
07
005F
07
005B
FF
0000
0004
07
0002
07
005B
07
005B
07
005D
0005
07
002A
07
0004
07
005F
07
005B
07
003C
011F
0000000A
0002
0005
0031
0024
0032
011C
00000020
0003
0000
0068
0022
0023
0000
0000
0068
0057
0058
0001
0000
0068
0059
0058
0002
