01
07
01
07
01
01
0C
0A
01
01
01
01
01
01
01
0C
09
01
01
01
01
01
01
01
01
01
0C
09
01
01
01
01
01
01
08
01
07
01
01
0C
0A
01
01
0C
0A
01
01
01
01
0C
09
01
01
01
01
01
01
08
01
07
0A
01
07
01
01
0C
0B
01
01
01
01
0C
0A
01
01
01
01
0C
09
01
01
01
01
01
01
08
01
07
0C
0A
01
01
01
01
01
0C
09
01
01
01
01
01
07
01
0C
0A
01
0C
0A
01
0C
0A
01
07
01
07
01
07
01
01
03
03
03
01
01
03
01
01
01
01
01
01
01
01
01
01
01
01
01
01
01
01
01
01
01
01
1009
001F
0006
0003
0089
0000000D
0000
0000
00000001
B1
0000
0000
008E
00000000
0088
00000006
0001
0016
0000
