0A
07
0A
0A
07
0A
0A
0A
0A
0A
0A
0A
09
0A
09
07
01
01
01
01
01
01
01
01
01
01
01
01
01
01
01
01
01
01
01
01
01
01
01
01
01
01
01
01
01
01
01
01
01
01
07
01
01
01
01
01
01
01
01
01
01
01
01
01
01
01
01
01
01
01
01
01
01
01
01
01
01
01
01
01
01
07
01
01
01
07
01
01
01
01
01
01
01
01
01
01
01
01
01
01
07
01
01
01
01
01
01
01
01
01
01
01
01
01
01
0C
01
0C
0C
07
01
0C
0C
0C
0C
0C
07
0C
0C
0C
0C
0C
01
01
01
01
01
01
01
01
01
0008
006E
0025
0001
0016
00000031
0001
0000
00000011
B8000B
57
B8000C
B3000D
B8000E
B3000F
B1
0000
0001
0017
0000000E
0003
0000
1BA1
0004
1BBC
000A
1BE5
