0B
0A
0B
12
12
12
0A
0B
07
07
07
07
07
01
01
01
01
01
01
01
01
01
01
01
01
01
01
01
01
01
01
01
01
01
01
01
07
0C
07
0C
0C
01
0F
10
0F
10
0C
0F
10
0F
10
0C
07
0C
07
0C
01
01
01
01
01
01
01
01
01
01
01
01
01
0A
01
0B
01
01
01
0B
01
0B
01
01
01
01
01
01
01
07
0C
07
0C
0C
0C
01
01
07
01
01
01
01
01
01
01
07
01
01
0009
0012
0013
0002
0014
00000088
0004
0001
00000032
2A
C6000C
2A
B900010100
990007
B80002
B0
2A
B900030100
BA00040000
BA00050000
BA00060000
B80007
B900080200
C00009
B0
0000
0004
0015
00000016
0005
0000
0039
000D
003A
0011
003D
0026
003E
0029
003D
0016
0000000C
0001
0000
0032
0017
0018
0000
0019
0000000C
0001
0000
0032
0017
001A
0000
001B
00000004
0002
0D
03
0010
00000002
001C
