0A
09
09
09
09
09
09
09
09
09
09
09
09
09
09
09
07
07
01
07
01
01
01
01
01
01
01
01
01
01
01
01
01
01
01
01
01
01
01
01
01
01
01
01
01
01
01
01
01
01
01
01
01
01
01
01
01
01
01
01
01
01
01
01
01
01
01
01
01
01
01
01
03
01
01
01
01
0C
0C
0C
0C
0C
0C
0C
0C
0C
0C
0C
0C
0C
0C
0C
0C
07
01
01
07
01
01
01
0011
001F
003F
0002
0031
0000003F
0002
0002
00000007
2A
2B
B50009
2A
B0
0000
0002
0032
0000000A
0002
0000
007D
0005
007E
0033
00000016
0002
0000
0007
0034
0036
0000
0000
0007
001F
001B
0001
003A
00000006
0001
003B
0000
