0A
09
09
09
0A
07
0A
08
0A
0A
0A
08
0A
0A
08
0A
08
0A
08
0A
08
0A
07
0A
0A
0A
08
0A
08
0A
08
0A
08
0A
08
0A
0A
08
09
08
08
0A
0A
08
0A
0A
08
0A
0A
09
08
0A
0A
09
0A
0A
07
08
08
08
08
08
08
08
08
08
08
08
07
07
01
01
01
01
01
01
01
01
01
01
01
01
01
01
01
01
01
01
01
01
01
01
01
01
01
01
01
01
01
01
01
01
01
01
01
01
01
01
01
01
01
01
01
01
01
01
0C
0C
0C
0C
0C
01
01
0C
0C
07
0C
01
07
0C
0C
01
0C
01
0C
01
0C
01
0C
01
0C
0C
0C
01
07
0C
01
01
01
01
07
01
07
0C
01
01
01
07
01
07
07
0C
01
0C
07
0C
0C
0C
01
01
01
01
01
01
01
01
01
01
01
01
01
01
01
01
01
01
01
01
01
01
01
01
01
01
01
01
01
01
01
01
01
01
01
01
01
01
01
01
01
01
01
01
01
0001
0056
0057
0001
0051
00000049
0002
0003
00000007
2A
2B
B70005
2C
B0
0000
0002
0052
0000000A
0002
0000
003C
0005
003D
0053
00000020
0003
0000
0007
0054
0055
0000
0000
0007
0058
0059
0001
0000
0007
005A
005B
0002
