09
09
07
07
08
0A
0A
0A
07
0A
0A
07
0A
09
0A
0B
0A
0A
0A
0A
0A
07
0A
09
0A
0A
0A
07
07
07
01
01
01
01
01
01
01
01
01
01
01
01
01
01
01
01
01
01
01
01
01
01
01
01
01
01
01
01
01
01
01
01
01
01
01
01
01
01
01
01
01
01
01
01
01
01
01
01
01
01
01
01
01
0C
0C
01
01
0C
0C
07
0C
01
0C
01
0C
0C
0C
07
0C
0C
0C
0C
0C
0C
01
0C
0C
07
0C
01
01
01
01
01
01
01
01
01
01
01
01
01
01
01
01
01
01
01
01
01
0001
0026
0032
0001
0028
00000055
0006
0003
00000013
2A
2B
2C
B80008
BB0004
59
1205
B70006
B70007
B1
0000
0002
0029
0000000A
0002
0000
005F
0012
0060
002A
00000020
0003
0000
0013
002B
002C
0000
0000
0013
002D
002E
0001
0000
0013
0033
0034
0002
