09
0A
0A
09
09
09
09
09
09
09
09
07
0A
0A
0A
0A
0A
0A
0A
0A
0A
0A
0A
0A
07
0A
08
0A
0A
08
0A
08
08
08
08
08
08
08
08
0A
07
01
01
01
01
01
01
01
01
01
01
01
01
01
01
01
01
01
01
01
01
01
01
01
01
01
01
01
01
01
01
01
01
01
01
01
01
01
01
01
01
01
01
01
01
01
01
01
01
01
01
01
01
01
01
01
01
01
01
01
01
01
01
01
01
01
01
01
07
07
01
01
01
01
01
01
01
01
01
01
01
01
0C
07
0C
0C
0C
0C
0C
0C
0C
0C
0C
0C
01
0C
0C
0C
0C
0C
0C
0C
0C
0C
0C
0C
0C
01
01
0C
0C
01
0C
01
01
01
01
01
01
01
01
0C
01
01
01
01
01
01
01
01
01
0001
0056
0053
0001
0041
0000003A
0002
0002
00000006
2A
2B
B50005
B1
0000
0002
0042
00000006
0001
0000
000F
0043
00000016
0002
0000
0006
0044
0045
0000
0000
0006
0031
002B
0001
