0A
0A
0A
07
0A
0A
09
0B
0B
07
0B
0B
07
0A
0B
0A
0B
0B
0B
0B
09
07
0B
09
07
0B
09
07
0B
07
0B
0B
09
07
0B
09
07
0B
09
07
0B
09
07
0B
09
07
0B
09
07
0B
09
07
0B
09
07
0B
09
0B
0A
0B
09
0B
07
0B
0B
0B
07
08
08
0A
08
08
08
08
08
08
08
08
08
08
08
08
08
08
07
07
07
01
01
01
05
01
01
01
01
01
01
01
01
01
01
01
01
01
01
01
01
01
01
01
01
01
01
01
01
01
01
01
01
01
01
01
01
01
01
01
01
01
01
01
01
01
01
01
01
01
01
01
01
01
01
01
01
01
01
01
01
01
01
01
01
01
01
01
01
01
01
01
01
01
01
01
01
01
01
01
01
01
01
01
01
01
01
01
01
01
01
01
01
01
01
01
01
01
01
01
01
01
01
01
01
01
01
01
01
01
01
01
01
01
01
01
01
01
01
01
01
01
01
01
01
01
01
01
01
01
01
01
01
01
01
01
01
01
01
01
01
01
01
01
01
01
01
01
01
01
01
01
01
01
01
01
01
0C
0C
0C
01
0C
0C
0C
07
0C
07
0C
01
0C
0C
01
0C
0C
0C
0C
0C
0C
0C
01
0C
01
0C
01
0C
01
0C
0C
01
0C
01
0C
01
0C
01
0C
01
0C
01
0C
01
0C
01
0C
0C
0C
0C
0C
0C
01
0C
0C
01
01
01
0C
01
01
01
01
01
01
01
01
01
01
01
01
01
01
01
01
01
01
01
01
01
01
01
01
01
01
01
01
01
01
01
01
01
01
01
01
01
01
01
01
01
01
01
01
01
01
01
01
01
01
01
01
01
0001
007C
007E
0001
006E
00000051
0003
0005
00000035
2A
B60002
59
4D
C2
2A
B60003
01
4E
2A
B60006
B20015
1B
B9000C0300
C00016
4E
2D
C7000B
BB000D
59
B7000E
BF
2D
2C
C3
B0
3A04
2C
C3
1904
BF
0002
0007
002D
002E
0000
002E
0032
002E
0000
0000
