0A
0A
0A
07
0A
0A
09
0B
0B
07
0B
0B
07
0A
0B
0A
0B
0B
0B
0B
09
07
0B
09
07
0B
09
07
0B
07
0B
0B
09
07
0B
09
07
0B
09
07
0B
09
07
0B
09
07
0B
09
07
0B
09
07
0B
09
07
0B
09
0B
0A
0B
09
0B
07
0B
0B
0B
07
08
08
0A
08
08
08
08
08
08
08
08
08
08
08
08
08
08
07
07
07
01
01
01
05
01
01
01
01
01
01
01
01
01
01
01
01
01
01
01
01
01
01
01
01
01
01
01
01
01
01
01
01
01
01
01
01
01
01
01
01
01
01
01
01
01
01
01
01
01
01
01
01
01
01
01
01
01
01
01
01
01
01
01
01
01
01
01
01
01
01
01
01
01
01
01
01
01
01
01
01
01
01
01
01
01
01
01
01
01
01
01
01
01
01
01
01
01
01
01
01
01
01
01
01
01
01
01
01
01
01
01
01
01
01
01
01
01
01
01
01
01
01
01
01
01
01
01
01
01
01
01
01
01
01
01
01
01
01
01
01
01
01
01
01
01
01
01
01
01
01
01
01
01
01
01
01
0C
0C
0C
01
0C
0C
0C
07
0C
07
0C
01
0C
0C
01
0C
0C
0C
0C
0C
0C
0C
01
0C
01
0C
01
0C
01
0C
0C
01
0C
01
0C
01
0C
01
0C
01
0C
01
0C
01
0C
01
0C
0C
0C
0C
0C
0C
01
0C
0C
01
01
01
0C
01
01
01
01
01
01
01
01
01
01
01
01
01
01
01
01
01
01
01
01
01
01
01
01
01
01
01
01
01
01
01
01
01
01
01
01
01
01
01
01
01
01
01
01
01
01
01
01
01
01
01
01
01
0001
00D4
00D6
0001
006E
0000005F
0003
0006
00000043
2A
B60002
59
4E
C2
2A
B60003
01
3A04
2A
B60006
B20033
1B
B9000C0300
C00034
3A04
1904
C7000B
BB000D
59
B7000E
BF
1904
2C
B900350200
57
2D
C3
A7000A
3A05
2D
C3
1905
BF
B1
0002
0007
0038
003B
0000
003B
003F
003B
0000
0000
