0A
09
09
07
0A
0A
0A
0B
0A
0B
0A
08
0B
07
0A
0B
09
0A
0B
09
0A
07
07
07
07
07
01
01
01
05
01
01
01
01
01
01
01
03
01
01
01
01
01
01
01
01
01
01
01
01
01
01
01
01
01
01
01
01
01
01
01
01
01
01
01
01
01
01
01
01
01
01
01
01
01
01
01
01
01
01
01
01
01
01
01
01
01
01
01
01
0C
0C
07
0C
01
0C
0C
07
0C
0C
0C
0C
0C
01
07
0C
07
0C
07
0C
0C
07
0C
07
0C
0C
01
01
01
01
01
01
01
01
01
01
01
01
01
01
01
01
01
01
01
01
01
01
0001
0040
004B
0001
002A
0000004F
0005
0003
0000000D
B20011
4D
2A
01
01
2B
2C
B60012
AC
0000
0002
002B
0000000A
0002
0000
00D4
0004
00D5
002C
00000020
0003
0000
000D
002D
002E
0000
0000
000D
0046
0047
0001
0004
0009
0036
0048
0002
