0A
07
0A
09
07
09
08
0A
09
07
0A
07
0A
0A
09
0A
09
09
09
09
09
09
09
09
09
0A
0A
0A
0B
09
09
09
09
09
09
09
09
0A
0A
09
0A
07
08
0A
09
09
08
0A
0A
08
08
0B
08
09
09
09
09
09
09
0B
0A
0A
0A
08
0A
0B
0B
09
07
0A
08
0A
0A
0A
09
08
09
09
09
0B
08
0B
09
0B
0B
09
07
0A
0A
0A
0A
0A
07
01
01
01
01
01
01
01
01
07
01
01
01
07
01
01
01
01
01
01
01
01
01
01
01
01
01
01
01
01
01
01
01
01
01
01
01
01
01
01
01
01
01
01
01
01
01
01
07
01
01
01
01
01
01
01
01
01
01
01
01
01
01
01
01
01
01
01
01
01
01
01
01
01
07
07
01
01
01
01
01
01
01
01
01
01
01
01
01
01
01
01
01
01
01
07
01
01
01
01
01
01
01
01
01
01
01
01
01
01
01
01
01
01
01
01
01
01
01
01
01
01
01
01
01
01
01
01
01
01
01
01
01
01
01
01
01
01
01
01
01
01
01
01
0C
01
0C
0C
01
0C
01
0C
0C
01
0C
01
0C
07
0C
0C
07
0C
0C
0C
0C
0C
0C
0C
0C
0C
07
0C
0C
0C
0C
0C
0C
0C
0C
0C
0C
0C
0C
07
0C
0C
0C
0C
0C
01
01
0C
0C
0C
01
0C
0C
01
01
07
01
0C
0C
0C
0C
0C
0C
07
0C
0C
07
0C
0C
01
0C
0C
0C
01
01
0C
0C
0C
0C
01
0C
0C
0C
07
0C
01
07
0C
0C
07
0C
07
0C
0C
01
0C
0C
0C
0C
01
07
01
07
01
01
01
01
01
01
01
01
01
01
01
01
01
01
01
01
01
01
01
01
01
01
01
01
01
01
01
01
01
01
01
01
01
01
01
01
01
01
01
01
01
01
01
01
01
01
01
01
01
01
01
01
01
01
01
01
01
01
01
01
01
01
01
01
01
01
01
01
01
01
01
01
01
01
01
01
01
0002
0065
008F
0001
0080
00000061
0004
0003
0000001B
2A
B7001A
2A
B40012
2A
B40004
2A
2B
B7001B
2C
B6001C
B9001D0200
B1
0000
0002
0081
0000000E
0003
0000
009A
0004
009B
001A
009C
0082
00000020
0003
0000
001B
0083
0084
0000
0000
001B
0090
0091
0001
0000
001B
0092
0093
0002
