0A
07
0A
09
08
09
08
07
0A
0A
0A
0A
0A
0A
0B
0A
08
0A
0A
07
0A
0A
0B
07
07
07
07
01
01
01
01
01
01
01
01
01
01
01
01
01
01
01
01
01
01
01
01
01
01
01
01
01
01
01
01
01
01
01
01
01
01
01
01
01
01
01
01
01
01
01
01
0C
01
0C
01
0C
01
01
07
0C
0C
07
0C
0C
0C
07
0C
0C
01
0C
0C
01
0C
07
0C
01
01
01
01
01
01
01
01
01
01
01
01
01
01
01
01
01
01
01
01
01
01
01
01
01
01
0001
0040
0041
0002
0023
0000006E
0003
0003
00000016
BB0014
59
B70015
4D
2C
2A
2B
B60016
B900170200
57
2C
B0
0000
0003
0024
0000000E
0003
0000
0091
0008
0092
0014
0093
0025
00000020
0003
0000
0016
0026
0027
0000
0000
0016
0038
001F
0001
0008
000E
0042
0043
0002
003C
0000000C
0001
0008
000E
0042
0044
0002
003E
00000002
0045
