0A
09
09
09
0A
0A
0A
0A
0A
0A
07
0A
0A
09
0A
0A
0A
0A
05
0A
09
0A
07
0A
07
09
0A
0A
0A
07
0A
05
0A
0A
0A
0A
07
0A
08
0A
0A
0A
0A
07
0A
0A
0A
0A
07
0A
07
0A
0A
07
07
0A
0A
07
0A
07
0A
09
0A
09
0A
0A
08
0A
0A
08
0A
08
0A
0A
07
07
01
01
01
01
01
01
01
01
01
01
01
01
01
01
01
01
01
01
01
01
01
01
01
01
01
01
01
01
01
01
01
01
01
01
01
01
07
01
01
01
01
01
01
01
01
01
01
01
01
01
07
07
07
07
07
07
07
07
07
07
01
01
01
01
01
01
01
01
01
07
01
01
01
01
01
07
01
01
01
01
01
01
01
01
01
01
01
01
01
07
01
01
01
01
01
01
01
01
01
07
07
01
01
01
01
01
01
01
01
01
01
01
01
01
01
01
01
07
01
01
0C
07
0C
0C
0C
07
0C
0C
07
0C
07
0C
0C
01
0C
07
0C
0C
0C
07
0C
07
0C
0C
0C
0C
01
0C
01
0C
0C
0C
0C
01
0C
0C
0C
0C
0C
01
01
0C
0C
0C
0C
01
0C
07
0C
0C
0C
01
01
0C
0C
01
01
0C
01
0C
0C
0C
0C
0C
0C
01
07
0C
07
0C
01
01
07
0C
0C
01
01
01
01
01
01
01
01
01
01
01
01
01
01
01
01
01
01
01
01
01
01
01
01
01
01
01
01
01
01
01
01
01
01
01
01
01
01
01
01
01
01
01
01
01
01
01
01
01
01
01
01
01
01
01
01
01
01
01
01
01
01
01
01
01
01
01
01
01
01
01
0001
0060
0061
0002
0055
0000004B
0003
0003
00000009
01
4D
2A
2B
2C
B60006
B0
0000
0002
0056
0000000A
0002
0000
0044
0002
0045
0057
00000020
0003
0000
0009
0058
0059
0000
0000
0009
0062
0063
0001
0002
0007
0064
0065
0002
005F
00000004
0001
0018
