0A
0A
09
0A
07
0A
09
07
0A
09
0A
07
0A
09
07
0A
09
09
07
0A
09
09
09
07
0A
09
09
09
09
09
09
09
09
09
09
09
09
09
09
09
09
0A
0A
0A
0A
0A
0A
0A
0A
06
0A
0A
07
09
09
0A
09
09
09
09
09
09
0A
0A
0A
0A
0A
07
08
0A
0A
0A
08
08
0A
0A
0A
0A
0A
0A
0A
06
06
09
09
09
09
0A
06
06
07
0A
09
09
0A
0A
0A
0A
0A
0A
0A
0A
0A
0A
0A
0A
07
0A
07
0A
06
06
0A
06
06
06
06
0A
06
06
06
06
06
0A
06
06
06
06
07
04
04
0A
0A
0A
07
06
06
06
0A
04
07
06
06
06
06
0A
07
06
0A
04
04
04
04
04
04
0A
06
06
06
06
06
04
04
04
06
04
04
04
04
04
04
06
04
04
04
04
04
04
04
04
06
06
04
06
06
04
04
06
06
06
06
06
06
06
06
06
06
06
06
06
06
06
06
06
06
06
06
06
06
06
06
06
06
06
06
06
04
04
06
06
04
06
06
06
06
06
06
06
06
06
06
08
07
07
01
01
01
01
01
01
01
01
01
01
01
01
01
01
01
01
01
01
01
01
01
01
01
01
01
01
01
01
01
01
01
01
01
01
01
01
01
01
01
01
01
01
01
01
01
01
01
01
01
07
07
01
01
01
01
01
01
07
01
01
01
01
01
01
01
01
01
01
01
01
01
01
01
01
01
01
01
01
01
01
01
01
01
01
01
01
01
01
01
01
01
01
01
01
01
01
01
01
01
01
01
07
01
01
01
01
01
01
01
01
01
01
01
01
01
01
01
01
01
01
01
01
01
01
07
01
01
01
01
01
01
01
01
01
01
01
01
01
01
01
01
01
01
01
01
01
01
01
01
01
01
01
01
01
01
01
01
01
01
01
01
01
01
01
07
01
01
01
01
01
01
01
01
01
01
01
0C
0C
0C
0C
01
0C
0C
01
0C
0C
0C
01
0C
0C
07
01
01
0C
0C
01
0C
0C
0C
0C
01
0C
0C
0C
0C
0C
0C
0C
0C
0C
0C
0C
0C
0C
0C
0C
0C
0C
07
0C
0C
0C
0C
0C
0C
0C
0C
0C
07
0C
01
07
0C
0C
0C
0C
0C
0C
0C
0C
0C
0C
0C
0C
0C
0C
01
01
0C
0C
0C
01
01
0C
0C
0C
0C
0C
0C
0C
07
0C
0C
0C
0C
0C
01
0C
0C
0C
0C
0C
07
0C
0C
07
0C
07
0C
0C
01
01
0C
0C
0C
0C
01
0C
0C
0C
07
01
0C
07
01
0C
01
0C
0C
01
01
01
01
01
01
01
01
01
01
01
01
01
01
01
01
01
01
01
01
01
01
07
01
01
01
01
01
01
01
01
01
01
01
01
01
01
01
01
01
01
01
01
01
01
01
01
01
01
01
01
01
01
01
01
01
01
01
01
01
01
01
01
01
01
01
01
01
01
01
01
01
01
01
01
01
01
01
01
01
0001
01A3
01A4
0001
0162
00000040
0004
0001
00000016
BB0060
59
2A
B40007
B40016
2A
B40007
B40017
B70061
B0
0000
0002
0163
00000006
0001
0000
01A9
0164
0000000C
0001
0000
0016
0165
0166
0000
