0A
0A
09
0A
07
0A
09
07
0A
09
0A
07
0A
09
07
0A
09
09
07
0A
09
09
09
07
0A
09
09
09
09
09
09
09
09
09
09
09
09
09
09
09
09
0A
0A
0A
0A
0A
0A
0A
0A
06
0A
0A
07
09
09
0A
09
09
09
09
09
09
0A
0A
0A
0A
0A
07
08
0A
0A
0A
08
08
0A
0A
0A
0A
0A
0A
0A
06
06
09
09
09
09
0A
06
06
07
0A
09
09
0A
0A
0A
0A
0A
0A
0A
0A
0A
0A
0A
0A
07
0A
07
0A
06
06
0A
06
06
06
06
0A
06
06
06
06
06
0A
06
06
06
06
07
04
04
0A
0A
0A
07
06
06
06
0A
04
07
06
06
06
06
0A
07
06
0A
04
04
04
04
04
04
0A
06
06
06
06
06
04
04
04
06
04
04
04
04
04
04
06
04
04
04
04
04
04
04
04
06
06
04
06
06
04
04
06
06
06
06
06
06
06
06
06
06
06
06
06
06
06
06
06
06
06
06
06
06
06
06
06
06
06
06
06
04
04
06
06
04
06
06
06
06
06
06
06
06
06
06
08
07
07
01
01
01
01
01
01
01
01
01
01
01
01
01
01
01
01
01
01
01
01
01
01
01
01
01
01
01
01
01
01
01
01
01
01
01
01
01
01
01
01
01
01
01
01
01
01
01
01
01
07
07
01
01
01
01
01
01
07
01
01
01
01
01
01
01
01
01
01
01
01
01
01
01
01
01
01
01
01
01
01
01
01
01
01
01
01
01
01
01
01
01
01
01
01
01
01
01
01
01
01
01
07
01
01
01
01
01
01
01
01
01
01
01
01
01
01
01
01
01
01
01
01
01
01
07
01
01
01
01
01
01
01
01
01
01
01
01
01
01
01
01
01
01
01
01
01
01
01
01
01
01
01
01
01
01
01
01
01
01
01
01
01
01
01
07
01
01
01
01
01
01
01
01
01
01
01
0C
0C
0C
0C
01
0C
0C
01
0C
0C
0C
01
0C
0C
07
01
01
0C
0C
01
0C
0C
0C
0C
01
0C
0C
0C
0C
0C
0C
0C
0C
0C
0C
0C
0C
0C
0C
0C
0C
0C
07
0C
0C
0C
0C
0C
0C
0C
0C
0C
07
0C
01
07
0C
0C
0C
0C
0C
0C
0C
0C
0C
0C
0C
0C
0C
0C
01
01
0C
0C
0C
01
01
0C
0C
0C
0C
0C
0C
0C
07
0C
0C
0C
0C
0C
01
0C
0C
0C
0C
0C
07
0C
0C
07
0C
07
0C
0C
01
01
0C
0C
0C
0C
01
0C
0C
0C
07
01
0C
07
01
0C
01
0C
0C
01
01
01
01
01
01
01
01
01
01
01
01
01
01
01
01
01
01
01
01
01
01
07
01
01
01
01
01
01
01
01
01
01
01
01
01
01
01
01
01
01
01
01
01
01
01
01
01
01
01
01
01
01
01
01
01
01
01
01
01
01
01
01
01
01
01
01
01
01
01
01
01
01
01
01
01
01
01
01
01
0001
0182
0178
0001
0162
00000068
0003
0002
00000024
2A
1B
B50025
2A
B70002
2A
2A
B70001
B40016
2A
B70001
B40017
B60049
2A
2A
B70001
B60048
B1
0000
0002
0163
00000016
0005
0000
0121
0005
0122
0009
0123
001B
0124
0023
0125
0164
00000016
0002
0000
0024
0165
0166
0000
0000
0024
0183
0142
0001
