09
09
0A
07
0A
09
03
0A
0A
08
0A
0A
08
0A
0A
0A
0A
0A
08
0A
0A
07
08
0A
08
07
0A
0A
08
0A
08
0A
0A
08
0A
09
09
09
09
09
09
09
0A
0A
0A
0A
0A
07
09
0A
0A
0A
0A
0A
0A
0A
07
08
0A
0A
07
0A
07
0A
07
07
0A
0A
07
07
0A
07
07
0A
07
07
0A
07
07
0A
07
07
0A
07
07
0A
07
07
0A
07
07
0A
07
07
0A
07
07
0A
07
07
0A
07
07
0A
07
0A
07
07
0A
08
0A
07
08
0A
08
0A
07
07
01
01
01
01
01
01
01
08
01
01
01
01
01
01
01
01
01
01
01
01
01
01
01
01
01
01
01
01
01
01
01
01
01
01
01
01
01
01
01
01
01
01
01
01
01
01
01
01
01
01
01
01
01
01
01
01
01
01
01
01
01
01
01
01
01
01
01
01
01
01
01
01
01
01
01
01
01
01
01
01
01
01
01
01
01
01
01
01
07
07
07
07
07
01
01
01
01
01
01
01
01
01
01
01
0C
0C
0C
01
0C
0C
0C
01
0C
0C
01
0C
0C
0C
0C
0C
01
0C
07
0C
01
01
0C
01
01
0C
01
0C
01
0C
07
0C
01
0C
0C
0C
0C
0C
0C
0C
0C
0C
0C
07
0C
07
0C
0C
01
0C
0C
0C
07
0C
0C
0C
0C
0C
01
01
0C
01
0C
01
01
01
01
01
0C
01
01
01
01
07
01
01
01
01
01
01
01
01
01
01
01
01
01
01
01
01
01
01
01
01
01
01
01
01
01
07
0C
01
01
01
07
0C
01
01
01
01
01
01
01
01
01
01
01
01
01
01
01
01
01
01
01
01
01
01
01
01
01
01
01
01
01
01
01
01
01
01
01
01
01
01
01
01
01
01
01
01
01
01
01
01
01
01
01
01
01
01
01
01
0004
00BC
00C6
0002
0097
0000005F
0003
0003
0000000F
B8002B
B6002C
2C
2B
B6002D
B6002F
B0
0000
0003
0098
00000006
0001
0000
0144
0099
00000020
0003
0000
000F
009A
009B
0000
0000
000F
00BE
00BF
0001
0000
000F
00C7
007C
0002
00C2
0000000C
0001
0000
000F
00BE
00C3
0001
00C4
00000002
00C8
