09
09
0A
07
0A
09
03
0A
0A
08
0A
0A
08
0A
0A
0A
0A
0A
08
0A
0A
07
08
0A
08
07
0A
0A
08
0A
08
0A
0A
08
0A
09
09
09
09
09
09
09
0A
0A
0A
0A
0A
07
09
0A
0A
0A
0A
0A
0A
0A
07
08
0A
0A
07
0A
07
0A
07
07
0A
0A
07
07
0A
07
07
0A
07
07
0A
07
07
0A
07
07
0A
07
07
0A
07
07
0A
07
07
0A
07
07
0A
07
07
0A
07
07
0A
07
07
0A
07
0A
07
07
0A
08
0A
07
08
0A
08
0A
07
07
01
01
01
01
01
01
01
08
01
01
01
01
01
01
01
01
01
01
01
01
01
01
01
01
01
01
01
01
01
01
01
01
01
01
01
01
01
01
01
01
01
01
01
01
01
01
01
01
01
01
01
01
01
01
01
01
01
01
01
01
01
01
01
01
01
01
01
01
01
01
01
01
01
01
01
01
01
01
01
01
01
01
01
01
01
01
01
01
07
07
07
07
07
01
01
01
01
01
01
01
01
01
01
01
0C
0C
0C
01
0C
0C
0C
01
0C
0C
01
0C
0C
0C
0C
0C
01
0C
07
0C
01
01
0C
01
01
0C
01
0C
01
0C
07
0C
01
0C
0C
0C
0C
0C
0C
0C
0C
0C
0C
07
0C
07
0C
0C
01
0C
0C
0C
07
0C
0C
0C
0C
0C
01
01
0C
01
0C
01
01
01
01
01
0C
01
01
01
01
07
01
01
01
01
01
01
01
01
01
01
01
01
01
01
01
01
01
01
01
01
01
01
01
01
01
07
0C
01
01
01
07
0C
01
01
01
01
01
01
01
01
01
01
01
01
01
01
01
01
01
01
01
01
01
01
01
01
01
01
01
01
01
01
01
01
01
01
01
01
01
01
01
01
01
01
01
01
01
01
01
01
01
01
01
01
01
01
01
01
0001
00BA
00BB
0001
0097
0000003E
0002
0002
00000006
2A
1B
B5002A
B1
0000
0002
0098
0000000A
0002
0000
012A
0005
012B
0099
00000016
0002
0000
0006
009A
009B
0000
0000
0006
0093
0094
0001
