09
09
0A
07
0A
09
03
0A
0A
08
0A
0A
08
0A
0A
0A
0A
0A
08
0A
0A
07
08
0A
08
07
0A
0A
08
0A
08
0A
0A
08
0A
09
09
09
09
09
09
09
0A
0A
0A
0A
0A
07
09
0A
0A
0A
0A
0A
0A
0A
07
08
0A
0A
07
0A
07
0A
07
07
0A
0A
07
07
0A
07
07
0A
07
07
0A
07
07
0A
07
07
0A
07
07
0A
07
07
0A
07
07
0A
07
07
0A
07
07
0A
07
07
0A
07
07
0A
07
0A
07
07
0A
08
0A
07
08
0A
08
0A
07
07
01
01
01
01
01
01
01
08
01
01
01
01
01
01
01
01
01
01
01
01
01
01
01
01
01
01
01
01
01
01
01
01
01
01
01
01
01
01
01
01
01
01
01
01
01
01
01
01
01
01
01
01
01
01
01
01
01
01
01
01
01
01
01
01
01
01
01
01
01
01
01
01
01
01
01
01
01
01
01
01
01
01
01
01
01
01
01
01
07
07
07
07
07
01
01
01
01
01
01
01
01
01
01
01
0C
0C
0C
01
0C
0C
0C
01
0C
0C
01
0C
0C
0C
0C
0C
01
0C
07
0C
01
01
0C
01
01
0C
01
0C
01
0C
07
0C
01
0C
0C
0C
0C
0C
0C
0C
0C
0C
0C
07
0C
07
0C
0C
01
0C
0C
0C
07
0C
0C
0C
0C
0C
01
01
0C
01
0C
01
01
01
01
01
0C
01
01
01
01
07
01
01
01
01
01
01
01
01
01
01
01
01
01
01
01
01
01
01
01
01
01
01
01
01
01
07
0C
01
01
01
07
0C
01
01
01
01
01
01
01
01
01
01
01
01
01
01
01
01
01
01
01
01
01
01
01
01
01
01
01
01
01
01
01
01
01
01
01
01
01
01
01
01
01
01
01
01
01
01
01
01
01
01
01
01
01
01
01
01
0008
00DC
0096
0001
0097
0000003D
0003
0000
0000001D
126E
B8006F
B30031
BB0070
59
1271
B70072
B30001
1273
B80074
B30002
B1
0000
0001
0098
0000000E
0003
0000
003F
0008
0045
0014
0057
