01
07
01
07
01
01
07
01
01
01
01
01
01
01
01
01
01
01
0C
0A
01
01
01
01
01
07
01
01
0C
09
01
07
01
0C
0A
01
01
01
0C
09
0C
09
01
01
01
01
01
0009
0017
0018
0001
002B
00000086
0002
0007
00000020
B2001E
3606
1506
2A
B80023
60
3606
1506
2B
B80023
60
3606
840608
840608
1506
AC
0000
0002
002C
00000034
0005
0000
0020
000B
000C
0000
0000
0020
000D
000C
0001
0000
0020
000E
000F
0002
0000
0020
0010
000F
0004
0005
001B
0024
001C
0006
002D
0000001A
0006
0000
0022
0005
0023
000E
0024
0017
0025
001A
0026
001D
0027
