0A
09
07
0A
09
0A
08
08
0A
0A
0A
0A
0A
0A
0A
0A
07
0A
0A
0A
09
08
0A
09
08
0A
09
08
0A
0A
09
08
0A
0A
09
08
0A
09
08
0A
07
0A
0A
07
07
0A
0A
07
07
0A
0A
07
09
0A
07
0A
0A
0A
0A
0A
0A
0A
0A
0A
0A
0A
07
01
01
01
07
01
07
01
01
01
01
07
01
01
01
01
01
01
01
07
01
07
01
01
01
07
01
01
01
07
01
01
01
07
01
07
01
01
01
07
01
07
01
01
01
07
01
01
01
07
01
01
01
01
03
01
03
01
03
01
03
01
03
01
03
01
03
01
01
01
01
01
01
01
01
01
01
01
01
07
07
01
01
01
01
01
01
01
01
01
01
07
01
01
01
01
01
01
01
01
01
01
01
01
01
01
01
01
01
01
01
01
01
01
01
01
01
01
01
01
07
01
01
01
01
01
01
01
01
01
01
01
01
07
01
01
01
0C
0C
01
0C
0C
07
0C
01
01
0C
0C
0C
0C
07
0C
0C
0C
0C
01
0C
0C
0C
0C
01
0C
0C
01
0C
0C
01
0C
0C
0C
01
0C
0C
0C
01
0C
0C
01
0C
01
0C
01
01
01
01
01
0C
0C
01
07
0C
0C
0C
0C
0C
0C
0C
0C
0C
0C
01
01
01
01
07
01
07
01
01
01
01
01
01
07
01
01
01
01
01
01
07
01
01
01
01
01
01
01
01
01
01
01
01
01
01
01
01
01
01
07
01
01
01
01
01
01
01
01
01
01
01
01
01
01
01
01
01
01
01
01
01
01
01
01
01
01
01
01
01
0009
00C2
00C3
0001
008A
0000005B
0002
0002
00000011
BB0031
59
B70032
4C
2B
2A
B80033
C00034
B0
0000
0003
008B
0000000A
0002
0000
010D
0008
0114
008C
00000016
0002
0000
0011
00B8
00B9
0000
0008
0009
00BA
00BD
0001
0090
0000000C
0001
0008
0009
00BA
00C4
0001
