0A
09
09
09
09
09
09
09
09
09
09
09
09
07
0A
09
07
0A
0A
0A
0B
0A
0B
0A
08
0B
0A
08
0A
08
0B
0A
08
0A
08
0A
08
0A
08
0A
08
0A
08
0A
08
0A
08
0A
08
07
0A
0B
09
0A
0B
09
0A
07
07
07
07
07
01
01
01
05
01
01
01
01
01
01
01
03
01
01
01
01
01
01
01
01
01
01
01
01
01
01
01
01
01
01
01
01
01
01
01
01
01
01
01
01
01
01
01
01
01
01
01
01
01
01
01
01
01
01
01
01
01
01
01
01
01
01
01
01
01
01
01
01
01
01
01
01
01
01
01
01
01
01
01
01
01
01
01
01
01
01
01
01
01
01
01
01
01
01
01
01
01
01
01
01
01
01
01
01
01
01
01
01
01
01
01
01
01
01
01
01
01
07
01
01
01
01
01
01
01
01
01
01
01
01
01
01
01
01
01
01
01
01
01
01
01
01
01
01
01
01
01
01
01
01
01
01
01
01
01
01
01
01
01
01
01
01
01
01
01
01
01
01
01
01
01
01
01
01
01
01
01
01
01
01
01
01
0C
0C
0C
0C
0C
0C
0C
0C
0C
0C
0C
0C
0C
01
07
0C
01
0C
0C
07
0C
0C
0C
0C
0C
0C
0C
0C
0C
0C
0C
0C
0C
0C
0C
0C
0C
01
07
0C
07
0C
07
0C
0C
07
0C
07
0C
0C
01
01
01
01
01
01
01
01
01
01
01
01
01
01
01
01
01
01
01
01
01
01
01
01
01
0001
0092
0093
0001
0071
0000003E
0002
0002
00000006
2A
2B
B50008
B1
0000
0002
0072
0000000A
0002
0000
0174
0005
0175
0073
00000016
0002
0000
0006
0074
0075
0000
0000
0006
007D
005E
0001
