01
07
01
07
01
01
01
01
01
01
01
08
01
07
01
01
0C
0A
01
08
01
07
01
01
0C
09
01
07
01
07
01
01
0C
0A
01
07
01
01
01
0C
0A
01
01
01
01
07
01
01
0C
0A
01
07
01
0C
09
01
0C
0A
01
01
01
07
01
0C
09
01
0C
0A
01
01
01
07
01
0C
09
01
0C
0A
01
01
01
07
01
0C
09
01
0C
0A
01
01
01
07
01
0C
09
01
0C
0A
01
01
01
07
01
0C
09
01
0C
0A
01
01
01
07
01
0C
09
01
0C
0A
01
01
01
07
01
0C
09
01
0C
0A
01
01
01
07
01
0C
09
01
0C
0A
01
01
01
07
01
0C
09
01
0C
0A
01
01
01
07
01
0C
09
01
0C
0A
01
01
01
07
01
0C
09
01
0C
0A
01
01
01
07
01
0C
09
01
0C
0A
01
01
01
01
01
01
01
01
01
01
08
01
07
08
01
01
0C
0A
01
01
0C
0A
01
01
08
01
01
01
07
01
0C
09
01
0C
0A
01
01
03
03
03
01
03
01
03
01
01
01
01
01
01
01
01
01
01
01
01
01
01
01
01
01
01
01
01
01
01
01
01
01
01
01
01
01
01
01
01
01
01
0019
003B
0006
0004
00F7
00000056
0003
0002
0000001E
2A
120C
B80012
2B
1214
B80012
2A
B80032
2B
B20041
C0001C
B80022
C00024
B0
0000
0002
00F8
0000000A
0002
000C
002B
001D
002D
00F9
00000016
0002
0000
001E
0025
0026
0000
0000
001E
0013
0026
0001
00FA
00000002
003C
00FB
0000000F
0002
0008
0001
00010009
73
003B
000A
0000
00FC
0000000D
02
0001
000A
0000
0001
000A
0000
