01
07
01
07
01
01
01
01
01
08
01
07
01
01
0C
0A
01
0C
0A
01
0C
09
01
01
01
01
01
01
01
01
08
01
01
0C
09
01
07
01
0C
0A
01
01
01
01
01
0C
0A
01
01
0C
0A
01
01
01
07
01
0C
0A
01
08
01
01
0C
0A
01
0C
0A
01
0C
0A
0C
0A
01
01
01
07
0C
0A
01
01
01
01
01
0C
0A
01
01
01
0A
01
01
01
03
03
01
01
03
01
01
01
01
01
01
01
01
01
01
01
01
01
01
01
01
01
0011
002A
001A
0003
006B
00000023
0001
0001
00000005
2A
B40016
B0
0000
0001
006D
0000000C
0001
0000
0005
0017
0018
0000
006A
00000002
001B
0069
00000006
0001
0008
0000
