0A
09
07
07
0A
08
0A
0A
0A
0A
08
08
08
08
08
08
08
08
08
08
0A
0A
0A
0B
08
0A
0B
0B
0B
07
0A
0A
0B
0A
0B
0A
0B
07
08
0A
0B
08
0B
07
0A
08
0B
0A
07
01
01
01
07
01
07
01
01
01
01
01
01
01
01
01
01
01
01
07
01
01
01
01
01
01
01
01
01
07
01
01
01
01
07
01
01
01
01
07
01
01
01
07
01
01
01
01
01
01
01
01
01
01
01
01
01
01
01
01
01
01
01
01
01
01
01
01
01
01
07
01
01
01
01
01
01
01
01
01
01
01
01
01
01
01
01
07
01
01
01
01
01
01
01
01
01
01
01
01
01
01
01
01
01
0C
0C
01
01
01
0C
0C
0C
0C
01
01
01
01
01
01
01
01
01
01
0C
0C
0C
01
0C
0C
07
0C
0C
07
01
0C
0C
0C
0C
01
01
0C
01
0C
01
07
0C
01
0C
0C
01
01
01
01
07
01
07
01
07
01
07
01
07
01
01
07
01
01
01
01
01
01
01
01
01
01
01
01
01
01
01
01
01
01
01
01
01
07
01
01
01
01
01
01
01
01
01
01
01
0C
09
0001
0076
0079
0002
003E
0000004E
0002
0002
00000008
2B
2A
B900180200
B0
0000
0003
003F
00000006
0001
0000
1258
0040
00000016
0002
0000
0008
0041
0042
0000
0000
0008
007A
007B
0001
007C
0000000C
0001
0000
0008
007A
007D
0001
0052
00000002
007E
