0A
09
0A
08
07
0A
0A
0A
0A
0B
07
07
0B
07
0A
0A
07
07
01
07
01
01
01
01
01
01
01
01
01
01
01
01
01
01
01
01
01
01
01
01
01
01
01
01
01
01
01
07
07
01
01
01
01
01
0C
0C
0C
01
01
0C
0C
07
0C
0C
07
0C
01
07
01
01
0C
01
0C
0C
01
01
07
01
01
01
01
01
01
01
01
01
01
01
01
01
01
01
01
01
01
07
01
01
01
01
0001
0018
0019
0001
001A
00000046
0002
0002
0000000A
2A
B70001
2A
2B
B50002
B1
0000
0002
001B
0000000E
0003
0000
0096
0004
0097
0009
0098
001C
00000016
0002
0000
000A
001D
001F
0000
0000
000A
0020
0017
0001
