0A
08
09
09
09
09
03
09
0A
05
0A
0A
08
0A
0A
0A
0A
0A
07
0A
07
07
0A
0A
0A
0A
0A
0A
0A
09
0B
0B
0B
0B
07
0B
07
0B
07
07
0A
0B
0B
0A
09
0B
0A
0B
0B
09
09
0A
0B
0A
07
0A
0A
0A
0A
0A
0A
09
09
09
0A
0A
0A
09
0A
07
07
07
01
01
01
01
01
01
03
01
01
01
01
01
01
01
01
01
01
01
01
01
01
01
01
01
01
01
01
01
01
01
01
01
01
01
01
01
01
01
01
01
01
01
01
01
07
07
07
07
07
01
01
01
01
01
01
01
01
01
01
01
01
01
01
01
01
01
01
01
07
01
01
01
01
01
01
07
07
07
07
07
07
01
01
01
01
01
01
01
01
01
01
07
01
01
01
01
01
01
01
01
01
01
01
01
01
01
01
01
01
01
01
01
01
01
01
01
01
01
01
01
01
01
01
01
01
01
01
01
01
01
0C
01
0C
0C
0C
0C
0C
07
0C
0C
0C
01
0C
0C
0C
0C
07
0C
01
0C
01
01
0C
0C
0C
0C
0C
0C
0C
0C
07
0C
07
0C
07
0C
0C
01
0C
01
0C
01
01
0C
0C
0C
0C
0C
0C
0C
07
0C
07
0C
0C
0C
01
0C
07
0C
07
0C
0C
0C
0C
0C
0C
0C
07
0C
0C
0C
0C
0C
01
01
01
01
01
01
01
01
01
01
01
01
01
01
01
01
01
01
01
01
01
01
01
01
01
01
01
01
01
01
01
01
01
01
01
01
01
01
01
01
01
01
01
01
01
01
01
01
01
01
01
01
01
01
01
01
01
01
01
01
01
01
01
01
01
01
01
01
01
01
01
01
01
01
01
0001
00B1
00AA
0001
0060
00000035
0001
0001
0000000B
2A
B40004
B40033
B4003F
B0
0000
0002
0061
00000006
0001
0000
00DE
0062
0000000C
0001
0000
000B
0063
0064
0000
