0A
0A
0A
0A
09
0A
09
0A
09
0A
09
0A
0A
09
0A
09
0A
09
0A
09
0A
09
0A
12
0B
12
0A
0B
07
09
0B
09
07
0A
0A
07
07
01
01
01
01
01
01
01
01
01
01
01
01
01
01
01
01
01
01
01
01
01
01
01
01
01
01
01
01
01
07
07
01
01
01
01
01
01
07
01
01
01
01
01
01
01
01
07
01
01
01
01
01
01
0C
0C
0C
07
0C
0C
07
0C
0C
0C
0C
0C
0C
07
0C
0C
0C
0C
0C
0C
0C
0C
0C
0C
0C
07
0C
01
0F
10
0F
10
0C
07
0C
0F
10
07
0C
0C
01
0C
0C
07
0C
07
01
0C
0C
01
01
01
01
01
01
01
01
01
01
01
01
01
01
01
01
01
01
01
01
01
01
01
01
0A
01
0A
01
01
01
01
01
0A
01
01
01
01
01
01
01
01
01
01
01
01
07
0C
0C
0C
01
01
07
01
01
07
01
01
1000
0038
0055
0001
003A
00000044
0002
0003
00000006
2A
2B
B70001
B1
0000
0002
003B
00000006
0001
0000
0036
003C
00000020
0003
0000
0006
003D
003F
0000
0000
0006
0056
0041
0001
0000
0006
0057
0058
0002
