0A
0B
08
0A
07
12
0A
08
07
0A
08
07
0A
07
0A
0A
08
07
0A
08
07
07
12
0A
08
0A
12
0A
08
07
07
0A
07
0A
07
0A
07
0A
0A
09
08
07
12
0A
12
0A
08
07
0A
07
0A
07
0A
07
0A
07
0A
07
0A
07
0A
07
08
07
0A
07
0A
09
08
0B
0B
0A
07
0A
09
0B
0A
07
01
01
01
01
01
01
01
01
01
01
01
01
01
01
01
01
01
01
01
01
01
01
01
01
01
01
01
01
01
01
01
01
01
01
01
01
01
01
01
01
01
01
01
01
01
01
01
01
01
01
01
01
01
01
01
01
01
01
01
01
01
01
01
01
01
01
01
01
01
01
01
01
01
01
01
01
01
01
01
01
01
01
01
01
01
01
01
01
01
01
01
01
01
01
01
01
01
01
01
01
01
01
01
01
01
01
01
01
01
01
01
01
01
01
01
01
01
01
01
01
01
01
01
01
01
01
01
01
01
01
0C
07
0C
07
0C
01
01
0F
10
0F
10
0C
0C
01
07
0C
01
0C
01
0C
0C
01
0C
01
01
0F
10
0C
0C
0F
0C
01
01
0C
01
01
01
0C
0C
0C
01
0F
10
0C
0C
0F
0C
0C
01
0C
01
0C
01
0C
01
0C
01
01
0C
01
01
01
0C
01
07
0C
07
0C
0C
0C
01
0C
07
0C
0C
01
01
01
01
01
01
0A
01
0A
01
01
01
01
01
01
01
01
01
01
01
0A
01
01
01
01
0A
01
01
01
0A
01
01
0A
01
01
01
01
01
01
01
01
01
01
01
01
01
01
01
07
0C
0C
0C
0C
0C
0C
01
01
07
01
01
01
07
01
01
0001
007A
0081
0003
0055
00000098
0004
0005
00000022
2B
1214
B80004
C00015
4E
2C
1219
B8001A
3A04
BB0016
59
2D
BA001B0000
1904
B7001C
B0
0000
0003
0056
0000000E
0003
0000
00E5
000A
00E6
0012
00E7
0057
00000034
0005
0000
0022
0058
0050
0000
0000
0022
007A
007C
0001
0000
0022
0082
0083
0002
000A
0018
0069
007C
0003
0012
0010
0084
0083
0004
005E
00000016
0002
0000
0022
007A
007D
0001
000A
0018
0069
007D
0003
0061
00000002
0085
0063
00000006
0001
0064
0000
