0A
0A
0A
09
09
09
07
08
08
0A
0A
0A
08
07
0A
07
0A
08
0A
0B
08
08
08
0A
08
0B
0A
08
08
08
0A
07
08
0A
08
0A
0A
0A
07
0A
07
0A
0A
0A
07
0A
0A
0A
08
08
08
08
08
0A
0A
07
0A
07
0A
0A
07
0A
0A
08
08
08
08
0A
0A
07
0A
07
0A
0A
07
0A
0A
08
08
08
08
08
0A
0A
07
0A
07
0A
0A
07
0A
0A
08
08
0A
08
08
08
0A
0A
07
0A
07
0A
0A
07
0A
0A
08
08
08
0A
0A
07
0A
07
0A
0A
07
0A
0A
08
08
08
0A
0A
07
0A
07
0A
0A
07
0A
0A
08
08
08
08
0A
0A
07
0A
07
0A
0A
07
0A
0A
08
08
08
08
08
0A
0A
07
0A
07
0A
0A
07
0A
0A
08
08
08
08
0A
0A
07
0A
07
0A
0A
07
0A
0A
08
08
08
08
08
08
08
08
08
08
0A
0A
07
0A
07
0A
0A
07
0A
0A
08
08
08
08
0A
0A
07
0A
07
0A
0A
07
0A
0A
08
08
08
08
08
08
0A
0A
07
0A
07
0A
0A
07
0A
0A
08
08
08
08
08
08
0A
0A
07
0A
07
0A
0A
07
0A
0A
08
08
0A
08
08
08
0A
0A
07
0A
07
0A
0A
07
0A
0A
08
08
08
08
0A
0A
07
0A
07
0A
0A
07
0A
0A
08
08
08
08
0A
0A
07
0A
07
0A
0A
07
0A
0A
08
08
08
08
0A
0A
07
0A
07
0A
0A
07
0A
0A
08
08
08
08
0A
0A
07
0A
07
0A
0A
07
0A
0A
07
07
01
01
01
01
01
01
01
01
01
01
01
01
01
01
01
01
01
01
01
01
01
01
01
01
01
01
01
01
01
01
01
01
01
01
01
01
01
01
01
01
01
01
01
01
01
01
01
01
01
01
01
01
01
01
01
01
01
01
01
01
01
01
07
07
07
07
07
01
01
01
01
01
01
01
01
01
01
01
01
01
01
01
01
01
01
01
01
01
01
01
01
01
01
01
01
01
01
01
01
01
01
01
01
01
01
01
01
01
01
01
01
01
01
01
01
01
01
01
01
01
01
01
01
07
01
01
01
01
01
01
01
01
01
01
01
01
01
01
01
01
01
01
01
01
01
01
01
01
01
01
01
01
01
01
01
01
01
01
01
01
01
01
01
01
01
01
01
01
01
01
01
01
01
01
01
01
01
01
01
01
01
01
01
01
01
01
01
01
01
01
01
01
01
01
01
01
01
01
01
01
01
01
01
01
01
01
01
01
01
01
01
01
01
01
01
01
01
01
01
01
01
01
01
01
01
01
01
01
01
01
01
01
01
01
01
01
01
01
01
01
01
01
01
01
01
01
01
01
01
01
01
01
01
01
01
01
01
01
01
01
01
01
01
01
01
01
01
01
01
01
01
01
01
01
01
01
01
01
01
01
01
01
01
01
01
01
01
01
01
01
01
01
01
01
07
0C
0C
0C
0C
0C
0C
01
01
01
0C
07
0C
0C
01
01
01
0C
0C
01
0C
01
0C
0C
01
01
01
0C
01
01
0C
01
0C
0C
07
0C
01
0C
01
0C
0C
0C
01
0C
01
01
01
01
01
0C
0C
01
0C
01
01
01
01
01
01
0C
0C
01
0C
01
01
01
01
01
01
01
0C
0C
01
0C
01
01
01
01
01
01
01
0C
0C
01
0C
01
01
01
01
01
0C
0C
01
0C
01
01
01
01
01
0C
0C
01
0C
01
01
01
01
01
01
0C
0C
01
0C
01
01
01
01
01
01
01
0C
0C
01
0C
01
01
01
01
01
01
0C
0C
01
0C
01
01
01
01
01
01
01
01
0C
0C
01
0C
01
01
01
01
01
01
0C
0C
01
0C
01
01
01
01
01
01
01
01
0C
0C
01
0C
01
01
01
01
01
01
01
01
0C
0C
01
0C
01
01
01
01
01
01
01
0C
0C
01
0C
01
01
01
01
01
01
0C
0C
01
0C
01
01
01
01
01
01
0C
0C
01
0C
01
01
01
01
01
01
0C
0C
01
0C
01
01
01
01
01
01
0C
0C
01
0C
01
01
01
01
01
01
01
01
01
01
01
01
01
01
01
01
01
01
01
01
01
01
01
01
01
01
01
01
01
01
01
01
01
01
01
01
01
01
0001
01BB
01BC
0002
0147
00000086
0005
0006
00000014
2A
2B
2C
2D
1904
B60064
3A05
1905
B60026
C00065
B0
0000
0003
0148
0000000A
0002
0000
042A
000B
042B
0149
0000003E
0006
0000
0014
014A
014B
0000
0000
0014
015D
0144
0001
0000
0014
015E
0144
0002
0000
0014
01B7
01B8
0003
0000
0014
015F
0144
0004
000B
0009
0187
0188
0005
0177
0000000C
0001
000B
0009
0187
01BD
0005
0181
00000004
0001
0020
