0A
0A
0A
09
09
09
07
08
08
0A
0A
0A
08
07
0A
07
0A
08
0A
0B
08
08
08
0A
08
0B
0A
08
08
08
0A
07
08
0A
08
0A
0A
0A
07
0A
07
0A
0A
0A
07
0A
0A
0A
08
08
08
08
08
0A
0A
07
0A
07
0A
0A
07
0A
0A
08
08
08
08
0A
0A
07
0A
07
0A
0A
07
0A
0A
08
08
08
08
08
0A
0A
07
0A
07
0A
0A
07
0A
0A
08
08
0A
08
08
08
0A
0A
07
0A
07
0A
0A
07
0A
0A
08
08
08
0A
0A
07
0A
07
0A
0A
07
0A
0A
08
08
08
0A
0A
07
0A
07
0A
0A
07
0A
0A
08
08
08
08
0A
0A
07
0A
07
0A
0A
07
0A
0A
08
08
08
08
08
0A
0A
07
0A
07
0A
0A
07
0A
0A
08
08
08
08
0A
0A
07
0A
07
0A
0A
07
0A
0A
08
08
08
08
08
08
08
08
08
08
0A
0A
07
0A
07
0A
0A
07
0A
0A
08
08
08
08
0A
0A
07
0A
07
0A
0A
07
0A
0A
08
08
08
08
08
08
0A
0A
07
0A
07
0A
0A
07
0A
0A
08
08
08
08
08
08
0A
0A
07
0A
07
0A
0A
07
0A
0A
08
08
0A
08
08
08
0A
0A
07
0A
07
0A
0A
07
0A
0A
08
08
08
08
0A
0A
07
0A
07
0A
0A
07
0A
0A
08
08
08
08
0A
0A
07
0A
07
0A
0A
07
0A
0A
08
08
08
08
0A
0A
07
0A
07
0A
0A
07
0A
0A
08
08
08
08
0A
0A
07
0A
07
0A
0A
07
0A
0A
07
07
01
01
01
01
01
01
01
01
01
01
01
01
01
01
01
01
01
01
01
01
01
01
01
01
01
01
01
01
01
01
01
01
01
01
01
01
01
01
01
01
01
01
01
01
01
01
01
01
01
01
01
01
01
01
01
01
01
01
01
01
01
01
07
07
07
07
07
01
01
01
01
01
01
01
01
01
01
01
01
01
01
01
01
01
01
01
01
01
01
01
01
01
01
01
01
01
01
01
01
01
01
01
01
01
01
01
01
01
01
01
01
01
01
01
01
01
01
01
01
01
01
01
01
07
01
01
01
01
01
01
01
01
01
01
01
01
01
01
01
01
01
01
01
01
01
01
01
01
01
01
01
01
01
01
01
01
01
01
01
01
01
01
01
01
01
01
01
01
01
01
01
01
01
01
01
01
01
01
01
01
01
01
01
01
01
01
01
01
01
01
01
01
01
01
01
01
01
01
01
01
01
01
01
01
01
01
01
01
01
01
01
01
01
01
01
01
01
01
01
01
01
01
01
01
01
01
01
01
01
01
01
01
01
01
01
01
01
01
01
01
01
01
01
01
01
01
01
01
01
01
01
01
01
01
01
01
01
01
01
01
01
01
01
01
01
01
01
01
01
01
01
01
01
01
01
01
01
01
01
01
01
01
01
01
01
01
01
01
01
01
01
01
01
01
07
0C
0C
0C
0C
0C
0C
01
01
01
0C
07
0C
0C
01
01
01
0C
0C
01
0C
01
0C
0C
01
01
01
0C
01
01
0C
01
0C
0C
07
0C
01
0C
01
0C
0C
0C
01
0C
01
01
01
01
01
0C
0C
01
0C
01
01
01
01
01
01
0C
0C
01
0C
01
01
01
01
01
01
01
0C
0C
01
0C
01
01
01
01
01
01
01
0C
0C
01
0C
01
01
01
01
01
0C
0C
01
0C
01
01
01
01
01
0C
0C
01
0C
01
01
01
01
01
01
0C
0C
01
0C
01
01
01
01
01
01
01
0C
0C
01
0C
01
01
01
01
01
01
0C
0C
01
0C
01
01
01
01
01
01
01
01
0C
0C
01
0C
01
01
01
01
01
01
0C
0C
01
0C
01
01
01
01
01
01
01
01
0C
0C
01
0C
01
01
01
01
01
01
01
01
0C
0C
01
0C
01
01
01
01
01
01
01
0C
0C
01
0C
01
01
01
01
01
01
0C
0C
01
0C
01
01
01
01
01
01
0C
0C
01
0C
01
01
01
01
01
01
0C
0C
01
0C
01
01
01
01
01
01
0C
0C
01
0C
01
01
01
01
01
01
01
01
01
01
01
01
01
01
01
01
01
01
01
01
01
01
01
01
01
01
01
01
01
01
01
01
01
01
01
01
01
01
0001
0212
020A
0003
0147
000000D0
0008
000A
0000002E
2A
2B
2C
2D
1904
1905
1906
1907
B700CD
3A08
BB00D1
59
2A
B700D2
B600D3
3A09
2A
B40004
1908
1909
1907
B60030
1908
B0
0000
0003
0148
00000012
0004
0000
09D8
0011
09D9
001E
09DA
002B
09DB
0149
00000066
000A
0000
002E
014A
014B
0000
0000
002E
015D
0144
0001
0000
002E
015E
0144
0002
0000
002E
0195
0144
0003
0000
002E
015F
0144
0004
0000
002E
01FD
01B8
0005
0000
002E
01FE
01B8
0006
0000
002E
0163
0164
0007
0011
001D
0183
0184
0008
001E
0010
018C
018D
0009
0177
0000000C
0001
0000
002E
0163
0213
0007
0181
00000004
0001
0020
018E
00000002
0214
