01
07
01
07
01
01
01
01
01
01
07
01
0C
0A
01
08
01
01
0C
0A
01
01
0C
0A
01
08
01
01
0C
0A
01
07
01
01
0C
09
01
0C
0A
01
0C
09
07
0C
09
01
01
01
01
01
0C
0A
01
08
01
0C
0A
01
01
01
01
01
01
01
01
01
01
01
01
01
07
0A
01
01
01
01
01
01
01
01
01
01
01
01
01
01
01
01
01
01
01
01
01
01
01
01
01
01
01
01
01
01
01
01
01
01
01
01
01
01
01
01
01
01
01
01
01
01
01
01
01
01
01
01
01
01
01
0C
0A
01
01
01
01
01
07
0A
01
07
0C
0A
01
01
0C
0B
01
01
01
0C
0A
01
01
01
07
0A
01
07
0C
0A
0B
01
01
01
0C
0A
01
01
01
0C
0A
01
01
01
0C
0A
01
01
01
0C
0A
01
01
0C
0A
01
01
01
07
0C
0A
01
01
01
01
01
01
0C
0A
01
01
0C
0A
01
01
01
01
01
01
07
0A
0C
0A
01
07
01
0C
0A
01
0C
0B
01
01
0C
0B
01
01
0C
0A
01
0C
0A
01
01
01
01
0C
0A
01
0C
0A
01
0C
0A
01
01
0C
0A
01
01
0C
0A
01
01
0C
0A
01
0C
0A
01
0C
0A
01
01
01
01
01
01
01
01
01
01
01
01
01
01
01
01
01
01
01
01
01
01
01
01
01
01
01
01
01
01
01
01
01
01
01
01
01
01
01
0C
0A
01
01
01
01
01
01
01
01
01
01
01
01
01
01
01
01
01
01
01
01
01
0001
0077
005E
0001
0130
0000006E
0002
0007
00000008
BB0047
59
B70048
BF
0000
0002
0131
00000048
0007
0000
0008
002E
002F
0000
0000
0008
0053
0054
0001
0000
0008
0049
003D
0002
0000
0008
005F
0022
0003
0000
0008
004A
004B
0004
0000
0008
004C
0007
0005
0000
0008
004D
004E
0006
0132
00000006
0001
0000
0085
