01
07
01
07
01
01
01
01
01
01
07
01
0C
0A
01
08
01
01
0C
0A
01
01
0C
0A
01
08
01
01
0C
0A
01
07
01
01
0C
09
01
0C
0A
01
0C
09
07
0C
09
01
01
01
01
01
0C
0A
01
08
01
0C
0A
01
01
01
01
01
01
01
01
01
01
01
01
01
07
0A
01
01
01
01
01
01
01
01
01
01
01
01
01
01
01
01
01
01
01
01
01
01
01
01
01
01
01
01
01
01
01
01
01
01
01
01
01
01
01
01
01
01
01
01
01
01
01
01
01
01
01
01
01
01
01
0C
0A
01
01
01
01
01
07
0A
01
07
0C
0A
01
01
0C
0B
01
01
01
0C
0A
01
01
01
07
0A
01
07
0C
0A
0B
01
01
01
0C
0A
01
01
01
0C
0A
01
01
01
0C
0A
01
01
01
0C
0A
01
01
0C
0A
01
01
01
07
0C
0A
01
01
01
01
01
01
0C
0A
01
01
0C
0A
01
01
01
01
01
01
07
0A
0C
0A
01
07
01
0C
0A
01
0C
0B
01
01
0C
0B
01
01
0C
0A
01
0C
0A
01
01
01
01
0C
0A
01
0C
0A
01
0C
0A
01
01
0C
0A
01
01
0C
0A
01
01
0C
0A
01
0C
0A
01
0C
0A
01
01
01
01
01
01
01
01
01
01
01
01
01
01
01
01
01
01
01
01
01
01
01
01
01
01
01
01
01
01
01
01
01
01
01
01
01
01
01
0C
0A
01
01
01
01
01
01
01
01
01
01
01
01
01
01
01
01
01
01
01
01
01
0001
00ED
00F0
0001
0130
00000103
0002
0008
0000004E
BB00D0
59
B700D1
4D
2A
B4002D
4E
2D
BE
3604
03
3605
1505
1504
A20023
2D
1505
32
3A06
1906
1B
B600F2
3A07
1907
C6000A
2C
1907
B800D8
57
840501
A7FFDC
2C
2C
B900DB0100
BD0004
B900DF0200
C0002B
B0
0000
0004
0131
00000052
0008
0029
000C
00E0
0007
0007
0021
0014
0082
0022
0006
000D
002E
003B
0007
0003
0011
002A
003C
003D
0004
0014
0027
003E
003D
0005
0000
004E
002E
002F
0000
0000
004E
00F3
0076
0001
0008
0046
003F
00A1
0002
0134
0000000C
0001
0008
0046
003F
00A0
0002
0132
0000001A
0006
0000
013F
0008
0140
0021
0141
0029
0142
0035
0140
003B
0144
0133
00000019
0003
FF
0014
0006
07
0002
01
07
009C
07
002B
01
01
0000
20
F8
0005
