01
07
01
07
01
01
01
01
01
01
07
01
0C
0A
01
08
01
01
0C
0A
01
01
0C
0A
01
08
01
01
0C
0A
01
07
01
01
0C
09
01
0C
0A
01
0C
09
07
0C
09
01
01
01
01
01
0C
0A
01
08
01
0C
0A
01
01
01
01
01
01
01
01
01
01
01
01
01
07
0A
01
01
01
01
01
01
01
01
01
01
01
01
01
01
01
01
01
01
01
01
01
01
01
01
01
01
01
01
01
01
01
01
01
01
01
01
01
01
01
01
01
01
01
01
01
01
01
01
01
01
01
01
01
01
01
0C
0A
01
01
01
01
01
07
0A
01
07
0C
0A
01
01
0C
0B
01
01
01
0C
0A
01
01
01
07
0A
01
07
0C
0A
0B
01
01
01
0C
0A
01
01
01
0C
0A
01
01
01
0C
0A
01
01
01
0C
0A
01
01
0C
0A
01
01
01
07
0C
0A
01
01
01
01
01
01
0C
0A
01
01
0C
0A
01
01
01
01
01
01
07
0A
0C
0A
01
07
01
0C
0A
01
0C
0B
01
01
0C
0B
01
01
0C
0A
01
0C
0A
01
01
01
01
0C
0A
01
0C
0A
01
0C
0A
01
01
0C
0A
01
01
0C
0A
01
01
0C
0A
01
0C
0A
01
0C
0A
01
01
01
01
01
01
01
01
01
01
01
01
01
01
01
01
01
01
01
01
01
01
01
01
01
01
01
01
01
01
01
01
01
01
01
01
01
01
01
0C
0A
01
01
01
01
01
01
01
01
01
01
01
01
01
01
01
01
01
01
01
01
01
0001
012A
012B
0001
0130
0000009F
0002
0006
00000024
2A
B4002D
4D
2C
BE
3E
03
3604
1504
1D
A20015
2C
1504
32
3A05
1905
2B
B6012D
840401
A7FFEB
B1
0000
0003
0131
0000003E
0006
0017
0006
0082
0022
0005
0005
001E
003B
0007
0002
0008
001B
003C
003D
0003
000B
0018
003E
003D
0004
0000
0024
002E
002F
0000
0000
0024
012E
012F
0001
0132
00000012
0004
0000
01C7
0017
01C8
001D
01C7
0023
01CA
0133
0000000D
0002
FE
000B
07
002B
01
01
F8
0017
