01
07
01
07
01
01
01
01
01
01
07
01
0C
0A
01
08
01
01
0C
0A
01
01
0C
0A
01
08
01
01
0C
0A
01
07
01
01
0C
09
01
0C
0A
01
0C
09
07
0C
09
01
01
01
01
01
0C
0A
01
08
01
0C
0A
01
01
01
01
01
01
01
01
01
01
01
01
01
07
0A
01
01
01
01
01
01
01
01
01
01
01
01
01
01
01
01
01
01
01
01
01
01
01
01
01
01
01
01
01
01
01
01
01
01
01
01
01
01
01
01
01
01
01
01
01
01
01
01
01
01
01
01
01
01
01
0C
0A
01
01
01
01
01
07
0A
01
07
0C
0A
01
01
0C
0B
01
01
01
0C
0A
01
01
01
07
0A
01
07
0C
0A
0B
01
01
01
0C
0A
01
01
01
0C
0A
01
01
01
0C
0A
01
01
01
0C
0A
01
01
0C
0A
01
01
01
07
0C
0A
01
01
01
01
01
01
0C
0A
01
01
0C
0A
01
01
01
01
01
01
07
0A
0C
0A
01
07
01
0C
0A
01
0C
0B
01
01
0C
0B
01
01
0C
0A
01
0C
0A
01
01
01
01
0C
0A
01
0C
0A
01
0C
0A
01
01
0C
0A
01
01
0C
0A
01
01
0C
0A
01
0C
0A
01
0C
0A
01
01
01
01
01
01
01
01
01
01
01
01
01
01
01
01
01
01
01
01
01
01
01
01
01
01
01
01
01
01
01
01
01
01
01
01
01
01
01
0C
0A
01
01
01
01
01
01
01
01
01
01
01
01
01
01
01
01
01
01
01
01
01
008A
0015
0016
0001
0130
000000DC
0002
0006
0000003F
BB000B
59
B7000E
4C
2A
4D
2C
BE
3E
03
3604
1504
1D
A20027
2C
1504
32
3A05
2B
B60034
9E000A
2B
1236
B60014
57
2B
1905
B60039
B60014
57
840401
A7FFD9
2B
B6001E
B0
0000
0003
0131
0000003E
0006
001C
0018
003A
0022
0005
000A
0030
003B
0007
0002
000D
002D
003C
003D
0003
0010
002A
003E
003D
0004
0000
003F
003F
0007
0000
0008
0037
0040
0041
0001
0132
0000001A
0006
0000
0031
0008
0032
001C
0033
002A
0034
0034
0032
003A
0036
0133
00000027
0003
FF
0010
0005
07
002B
07
000B
07
002B
01
01
0000
FC
0019
07
0004
FF
000F
0002
07
002B
07
000B
0000
