0A
0A
07
0A
07
0A
07
08
0A
0B
0A
0B
0A
08
0A
0B
0B
07
08
0A
0A
07
07
08
07
09
0A
0B
0A
08
08
0A
08
0A
08
0B
0B
0A
0A
0A
0A
0B
08
08
08
0A
07
07
01
01
01
01
01
01
01
01
01
01
01
01
01
01
01
01
01
01
01
01
01
01
01
01
01
01
01
01
01
01
01
01
01
01
01
01
01
01
01
01
01
01
01
07
01
01
01
07
01
01
01
01
01
01
01
01
01
07
07
07
01
01
01
01
01
01
01
01
01
01
01
01
01
01
01
01
01
01
01
01
01
01
01
01
01
01
01
01
01
01
01
01
01
01
01
0C
0C
01
0C
01
07
0C
01
01
0C
0C
0C
0C
0C
01
0C
0C
0C
01
01
0C
01
01
01
01
0C
0C
0C
0C
01
01
0C
01
0C
01
0C
0C
07
0C
0C
07
0C
0C
0C
01
01
01
0C
01
01
01
01
01
01
01
01
01
01
01
01
01
01
01
01
01
01
01
01
01
01
01
01
01
01
01
01
01
01
01
01
01
01
01
01
01
01
01
01
01
01
01
01
01
01
01
0001
008A
008B
0002
0033
00000072
0007
0004
00000022
2B
2C
B60009
B9002A0200
BB0012
59
122D
04
BD0019
59
03
2A
B4001A
53
B8001B
B70014
BF
0000
0002
0034
0000000E
0003
0000
011A
000A
011B
001B
011C
0035
0000002A
0004
0000
0022
0036
0037
0000
0000
0022
0038
0039
0001
0000
0022
003C
0055
0002
0000
0022
006F
0070
0003
0056
00000004
0001
0012
