0A
0A
07
0A
07
0A
07
08
0A
0B
0A
0B
0A
08
0A
0B
0B
07
08
0A
0A
07
07
08
07
09
0A
0B
0A
08
08
0A
08
0A
08
0B
0B
0A
0A
0A
0A
0B
08
08
08
0A
07
07
01
01
01
01
01
01
01
01
01
01
01
01
01
01
01
01
01
01
01
01
01
01
01
01
01
01
01
01
01
01
01
01
01
01
01
01
01
01
01
01
01
01
01
07
01
01
01
07
01
01
01
01
01
01
01
01
01
07
07
07
01
01
01
01
01
01
01
01
01
01
01
01
01
01
01
01
01
01
01
01
01
01
01
01
01
01
01
01
01
01
01
01
01
01
01
0C
0C
01
0C
01
07
0C
01
01
0C
0C
0C
0C
0C
01
0C
0C
0C
01
01
0C
01
01
01
01
0C
0C
0C
0C
01
01
0C
01
0C
01
0C
0C
07
0C
0C
07
0C
0C
0C
01
01
01
0C
01
01
01
01
01
01
01
01
01
01
01
01
01
01
01
01
01
01
01
01
01
01
01
01
01
01
01
01
01
01
01
01
01
01
01
01
01
01
01
01
01
01
01
01
01
01
01
0001
0031
0032
0001
0033
0000009D
000C
000B
00000015
2A
2B
1C
21
1905
1506
1507
1908
1909
190A
03
B70001
B1
0000
0002
0034
0000000A
0002
0000
002A
0014
0035
0035
00000066
000A
0000
0015
0036
0037
0000
0000
0015
0038
0039
0001
0000
0015
003A
003B
0002
0000
0015
003C
003D
0003
0000
0015
003E
003F
0005
0000
0015
0040
0041
0006
0000
0015
0042
003B
0007
0000
0015
0043
0044
0008
0000
0015
0045
0046
0009
0000
0015
0047
0046
000A
