0A
08
0A
08
08
08
08
08
08
0A
08
08
08
08
08
08
08
08
08
08
08
08
08
08
08
08
08
09
09
09
09
09
09
09
09
09
09
09
09
09
09
09
09
09
09
09
09
09
09
09
09
07
0A
0A
0A
0A
07
0A
07
0A
0A
01
01
01
01
01
01
01
01
01
07
01
01
01
01
01
01
01
01
01
01
01
01
01
01
01
01
01
01
01
01
01
01
01
01
01
01
01
01
01
01
01
01
01
01
01
01
01
01
01
01
01
01
01
01
01
01
01
01
01
01
01
01
01
01
01
01
01
01
01
01
01
01
01
01
01
01
01
01
01
01
01
01
01
01
01
01
01
01
01
01
01
01
01
01
01
01
01
01
01
01
01
01
01
01
01
01
01
01
01
01
01
01
01
01
01
01
01
01
01
01
01
01
01
01
01
01
01
01
01
01
01
01
01
01
01
01
01
01
01
01
01
01
01
01
0C
07
0C
07
0C
0C
0C
0C
0C
0C
0C
0C
0C
0C
0C
0C
0C
0C
0C
0C
0C
0C
0C
0C
0C
0C
0C
0C
0C
01
07
0C
07
0C
0C
01
07
0C
01
0C
0C
07
01
01
01
01
01
01
01
01
01
01
01
01
01
01
01
01
01
01
01
01
01
01
01
0001
00C7
00C8
0001
0071
000001AD
0006
0001
00000167
1239
1030
BD003B
59
03
1202
53
59
04
2A
B4001C
53
59
05
1204
53
59
06
2A
B4001D
53
59
07
1205
53
59
08
2A
B4001E
53
59
1006
1206
53
59
1007
2A
B4001F
53
59
1008
1207
53
59
1009
2A
B40020
53
59
100A
1208
53
59
100B
2A
B40021
53
59
100C
1209
53
59
100D
2A
B40022
53
59
100E
120B
53
59
100F
2A
B40023
B8000A
53
59
1010
120C
53
59
1011
2A
B40024
53
59
1012
120D
53
59
1013
2A
B40025
53
59
1014
120E
53
59
1015
2A
B40026
53
59
1016
120F
53
59
1017
2A
B40027
53
59
1018
1210
53
59
1019
2A
B40028
53
59
101A
1211
53
59
101B
2A
B40029
53
59
101C
1212
53
59
101D
2A
B4002A
53
59
101E
1213
53
59
101F
2A
B4002B
B8000A
53
59
1020
1214
53
59
1021
2A
B4002C
53
59
1022
1215
53
59
1023
2A
B4002D
53
59
1024
1216
53
59
1025
2A
B4002E
B8000A
53
59
1026
1217
53
59
1027
2A
B4002F
53
59
1028
1218
53
59
1029
2A
B40030
B8000A
53
59
102A
1219
53
59
102B
2A
B40031
B8000A
53
59
102C
121A
53
59
102D
2A
B40032
B8000A
53
59
102E
121B
53
59
102F
2A
B40033
53
B8003D
B0
0000
0002
0072
00000022
0008
0000
0452
0070
045A
00E3
0462
0110
0465
012F
0467
0140
0468
0151
0469
0163
0452
0073
0000000C
0001
0000
0167
0074
0075
0000
