09
0A
0A
0A
0A
0A
07
0A
0A
0A
09
09
09
0A
0B
07
0A
0B
0B
0B
0B
0B
0B
07
0A
07
0A
0A
07
0A
0A
0A
07
08
07
0A
0A
0A
0A
0A
0A
0A
07
0A
0A
0A
0A
07
0A
0A
07
07
01
01
01
01
01
01
01
01
01
01
01
01
01
01
01
01
01
01
01
01
01
01
01
01
01
01
01
01
01
01
01
01
01
01
01
01
01
07
07
07
07
01
01
01
01
07
01
01
01
01
01
01
07
01
01
01
01
01
07
01
01
01
01
01
01
07
01
01
01
01
01
01
01
01
01
01
01
01
01
01
01
01
01
01
01
01
01
01
01
01
01
01
01
01
07
01
01
01
01
01
01
01
01
01
01
01
01
01
01
01
01
01
01
01
0C
0C
07
0C
0C
0C
0C
01
0C
0C
0C
0C
0C
0C
07
0C
01
07
0C
07
0C
07
0C
0C
07
0C
01
01
0C
01
01
01
0C
07
0C
07
0C
01
01
0C
0C
0C
0C
0C
0C
01
0C
0C
0C
01
0C
01
01
01
01
01
01
01
01
01
01
01
01
01
01
01
01
01
01
01
01
01
01
01
01
01
01
01
01
01
01
01
01
01
01
01
01
01
01
01
01
0001
0098
0099
0002
0039
0000004E
0002
0002
00000008
BB0030
59
B70031
BF
0000
0003
003A
00000006
0001
0000
06CB
003B
00000016
0002
0000
0008
003C
003F
0000
0000
0008
009A
009B
0001
0057
0000000C
0001
0000
0008
009A
009C
0001
005E
00000002
009D
