09
0A
09
09
07
09
09
09
09
07
0A
09
09
07
0A
0B
0A
07
0A
07
0A
07
0A
0A
07
07
07
01
01
01
01
01
01
01
01
01
01
01
01
01
01
01
01
01
01
01
01
01
01
01
01
01
01
01
01
01
01
01
07
07
07
01
01
01
01
01
07
01
01
07
01
01
01
01
01
01
01
07
01
01
01
01
01
01
01
0C
0C
0C
07
0C
0C
0C
0C
07
0C
01
0C
0C
0C
01
07
0C
0C
01
01
01
0C
01
01
01
01
07
01
01
01
01
01
01
01
01
01
01
01
01
0001
0050
0051
0001
002E
00000044
0002
0001
00000008
BB0016
59
B70017
BF
0000
0003
002F
00000006
0001
0000
088F
0030
0000000C
0001
0000
0008
0033
0035
0000
0038
0000000C
0001
0000
0008
0033
0039
0000
