0A
09
07
09
0A
07
09
0A
09
09
0B
0B
0A
0B
0A
0A
0A
0A
09
0A
07
03
0A
09
09
09
0A
0A
09
0A
0A
0A
08
08
0A
09
0A
0A
0A
0A
08
08
07
0A
0A
12
0A
0A
0A
0A
0A
09
0A
0A
0A
0A
0A
0A
08
08
07
01
01
01
01
01
01
01
01
01
01
01
01
01
01
01
01
01
01
01
01
01
01
01
01
01
01
01
01
01
01
01
01
01
01
01
01
01
01
01
01
01
01
01
01
01
01
01
01
01
01
01
01
01
01
01
01
01
01
01
07
07
07
07
07
07
07
01
01
01
01
01
01
01
01
01
01
01
01
01
01
01
01
01
01
01
01
01
01
01
01
01
01
01
01
01
01
01
01
01
01
01
01
01
01
01
01
07
07
01
01
0C
0C
01
0C
0C
01
0C
0C
0C
07
0C
0C
0C
0C
0C
0C
0C
0C
0C
0C
01
0C
0C
0C
0C
0C
07
0C
0C
07
0C
0C
0C
07
0C
0C
0C
0C
0C
0C
01
0C
0C
01
0F
08
0C
0C
07
0C
07
0C
0C
0C
0C
0C
07
0C
0C
0C
0C
0C
01
01
01
01
01
01
01
01
01
01
01
01
01
01
01
01
01
01
01
01
01
01
01
01
01
01
01
01
01
01
01
01
01
01
01
01
01
01
01
01
01
01
01
01
01
01
01
01
01
01
0A
01
01
01
01
01
01
01
01
01
01
01
01
01
01
01
01
01
01
01
01
07
0C
01
07
01
01
01
07
01
01
0004
0096
0095
0001
0046
00000045
0002
0001
0000000F
2A
B70035
2A
01
B5001A
2A
01
B5001D
B1
0000
0002
0047
00000012
0004
0000
00D0
0004
00D1
0009
00D2
000E
00D3
0048
0000000C
0001
0000
000F
0049
004A
0000
