0A
09
09
08
0A
0A
07
0A
09
0A
0A
07
0A
08
0A
08
0A
08
0A
08
0A
12
07
0A
08
07
0A
0A
08
0A
07
0A
0A
0A
0A
0A
0A
08
08
12
09
07
0A
0A
0A
0A
09
0A
0A
07
0B
07
0A
12
0A
07
07
0A
12
0A
07
0A
08
12
07
08
12
07
0A
0A
0A
0A
0A
0A
0B
0A
07
0A
0A
0A
07
0A
07
0A
12
0A
07
07
01
01
01
01
01
01
01
01
01
01
01
01
01
01
01
01
01
01
01
01
01
07
01
07
01
01
01
01
01
01
01
01
01
01
01
01
01
01
01
01
01
01
01
01
01
01
01
01
01
01
07
07
07
01
01
01
01
01
01
01
01
01
01
01
01
01
01
01
01
01
01
01
01
01
01
01
01
01
01
01
01
01
01
01
01
01
01
01
01
01
01
01
01
01
01
01
01
01
01
01
01
01
01
01
01
01
01
01
01
01
01
01
01
01
01
01
01
01
01
01
01
01
01
07
07
01
01
0C
0C
0C
01
0C
0C
01
0C
07
0C
07
0C
0C
01
0C
01
0C
0C
0C
01
0C
01
0F
08
0C
01
0C
01
01
0C
0C
01
0C
01
0C
0C
0C
0C
0C
0C
01
08
0C
01
0C
0C
0C
0C
07
0C
0C
0C
01
07
0C
0C
08
0C
01
01
0C
08
0C
01
0C
01
08
01
08
0C
01
01
01
0C
0C
0C
07
0C
07
0C
07
0C
0C
01
0C
07
0C
01
0C
01
0C
08
07
0C
01
01
01
01
01
01
01
01
01
01
01
01
01
01
01
01
01
01
01
01
01
01
01
01
01
01
01
01
01
0A
01
01
01
01
01
01
01
01
01
01
01
01
01
01
01
01
01
01
01
01
01
01
01
01
01
01
01
01
01
01
01
01
01
01
01
01
01
01
01
01
01
01
01
01
01
01
01
01
01
01
01
01
01
01
01
01
01
01
01
01
01
01
01
01
01
01
01
07
0C
01
07
01
01
07
01
01
0001
009A
00A6
0003
005F
00000058
0004
0003
00000008
2A
2B
2C
01
B6002B
B0
0000
0003
0060
00000006
0001
0000
019A
0061
00000020
0003
0000
0008
0062
0063
0000
0000
0008
007B
005C
0001
0000
0008
009C
0076
0002
0077
0000000C
0001
0000
0008
009C
0078
0002
006F
00000006
0002
0070
0053
00A1
00000002
00A7
