0B
07
0A
07
0A
07
0A
07
0A
0A
07
0A
0A
07
0A
0A
0A
0A
0A
07
07
0A
0A
07
07
0A
0A
0A
09
0A
0A
0A
0A
07
0A
0A
0A
07
0A
07
0A
0A
0A
0A
0A
0A
0A
0A
0A
07
0A
0A
0A
0A
0A
09
0A
09
07
07
01
01
01
03
01
01
01
01
01
03
01
01
01
01
01
01
01
01
01
01
01
01
01
01
01
01
01
01
01
01
01
01
01
01
01
07
07
01
01
01
01
01
01
01
01
07
01
01
01
01
01
01
01
01
01
01
01
01
01
01
01
01
01
01
01
01
01
01
01
01
01
01
01
01
01
01
01
01
01
01
01
01
01
01
01
01
01
01
01
01
01
01
01
01
01
01
01
01
01
01
01
01
01
01
01
01
01
01
01
01
01
01
01
01
01
01
01
01
01
01
01
01
01
01
07
0C
01
0C
01
0C
01
01
0C
0C
01
0C
0C
01
0C
0C
07
0C
01
01
0C
01
01
07
0C
0C
0C
0C
0C
01
0C
0C
01
01
0C
0C
0C
07
0C
0C
0C
0C
01
07
0C
07
0C
07
0C
07
0C
0C
01
01
01
01
01
01
01
01
01
01
01
01
01
01
01
01
01
01
01
01
01
01
01
01
01
01
01
01
01
01
01
01
01
01
01
01
01
01
01
0009
00A7
00A8
0002
0049
00000051
0003
0003
0000000F
BB0032
59
2A
B70033
4D
2B
2C
B8002A
AD
0000
0002
004A
0000000A
0002
0000
0178
0009
0179
004B
00000020
0003
0000
000F
0092
0093
0000
0000
000F
0082
0083
0001
0009
0006
00A9
00AA
0002
005F
00000004
0001
0060
