0A
0A
0A
07
0A
09
09
09
09
0A
07
07
0A
0A
07
0A
07
07
01
01
01
01
01
01
01
01
01
01
01
01
01
01
01
01
01
01
01
01
01
01
01
01
01
01
01
01
01
01
07
01
01
01
01
01
01
01
01
01
01
01
01
0C
0C
0C
01
0C
0C
0C
0C
0C
0C
07
0C
0C
01
0C
01
01
01
01
01
01
01
01
01
01
01
1000
001C
0033
0001
001E
00000066
0005
0006
0000000A
2A
2B
1C
2D
1504
B70002
B1
0000
0002
001F
00000006
0001
0000
0607
0020
0000003E
0006
0000
000A
0021
0024
0000
0000
000A
0034
0026
0001
0000
000A
0035
001A
0002
0000
000A
0036
0028
0003
0000
000A
0037
001A
0004
0000
000A
0038
0039
0005
