0A
07
07
0A
0A
0A
07
09
0A
09
08
0A
08
09
09
08
0A
07
08
09
08
0A
08
0A
0A
08
0A
07
08
0A
0A
0A
08
08
08
08
08
08
08
08
07
07
0A
0A
07
07
01
01
01
08
01
01
01
01
01
01
01
01
01
01
01
01
01
01
01
01
01
01
01
01
01
01
01
01
01
01
01
01
01
01
07
0C
01
01
07
0C
0C
0C
01
0C
0C
0C
01
0C
01
0C
0C
01
0C
01
01
0C
01
0C
01
07
0C
07
0C
01
0C
01
01
0C
0C
0C
01
01
01
01
01
01
01
01
01
01
0C
01
01
01
01
01
01
01
01
01
01
01
01
01
01
01
01
01
01
01
01
01
01
01
01
0001
0044
0043
0001
003E
0000001A
0001
0001
00000002
03
AC
0000
0001
003F
00000006
0001
0000
007B
