01
07
01
01
07
01
01
07
01
01
07
01
01
0C
0A
01
01
01
01
01
01
0C
09
01
07
01
01
0C
09
01
0C
09
01
07
01
01
0C
0A
01
07
01
01
0C
0B
01
01
0C
0A
01
01
01
01
01
01
01
01
0C
0A
01
07
01
01
0C
0B
01
01
01
01
01
07
0C
0A
01
0C
0A
01
0A
01
01
01
01
01
01
01
01
01
01
0001
0014
0015
0001
0051
00000070
0004
0003
00000021
2C
2A
B40017
B2001D
B20020
B80026
9A0005
01
B0
2B
2A
B40017
B9002C0200
B80030
B0
0000
0003
0054
00000003
0001
13
0052
0000000E
0003
0000
0308
0011
0309
0013
030B
0053
00000020
0003
0000
0021
0010
0011
0000
0000
0021
0031
0032
0001
0000
0021
0033
0034
0002
