0A
09
0A
0A
0A
07
07
0A
0A
0A
0A
0A
07
0A
0A
0A
07
07
0A
0A
07
0A
0A
0A
07
0A
0B
0B
07
07
01
01
01
01
01
01
01
01
01
01
01
01
01
01
01
01
01
01
01
01
01
01
01
01
01
01
01
01
01
01
01
01
01
01
01
01
01
01
01
01
01
01
01
01
01
0C
0C
0C
07
0C
07
0C
01
01
0C
0C
0C
0C
07
0C
01
07
0C
01
01
01
01
0C
0C
01
0C
01
0C
07
0C
01
01
01
01
01
01
01
01
01
01
01
01
01
01
01
01
01
01
01
01
01
01
01
01
01
01
01
01
01
01
01
0000
0048
0049
0002
0021
00000064
0002
0004
00000014
2C
2A
B6001A
B9001C0200
C00019
4E
2B
2D
B6000C
B1
0000
0002
0022
0000000E
0003
0000
01B9
000E
01BB
0013
01BC
0023
0000002A
0004
0000
0014
0024
0025
0000
0000
0014
0038
0039
0001
0000
0014
0044
0045
0002
000E
0006
0046
0047
0003
0035
00000004
0001
000D
