0A
09
09
09
09
09
0A
09
0A
0A
09
09
09
09
07
09
0B
09
0B
07
07
07
01
01
01
01
01
01
01
01
01
01
01
01
01
01
01
01
01
01
01
01
01
01
01
01
01
01
01
01
01
01
01
01
01
01
01
01
01
01
01
01
01
01
01
01
01
01
01
01
01
01
01
01
01
01
01
01
01
01
01
01
01
01
01
01
01
01
01
01
01
01
01
01
01
01
01
01
01
01
01
01
01
01
01
01
0C
0C
07
0C
0C
07
0C
0C
0C
0C
0C
0C
0C
0C
0C
0C
01
0C
07
0C
0C
0C
01
01
01
01
01
01
01
01
01
01
01
01
01
01
0001
0021
004D
0005
0035
0000005C
0002
0002
0000000E
2A
B60009
2A
2B
B5000B
2A
B7000A
B0
0000
0003
0036
0000000E
0003
0000
0075
0004
0077
0009
0078
0037
00000016
0002
0000
000E
0038
0039
0000
0000
000E
0021
0022
0001
003A
0000000C
0001
0000
000E
0038
003B
0000
0040
00000005
01
0021
0000
0029
00000002
004E
002D
00000009
0001
16
00
00
0042
0000
0043
00000007
01
0001
0042
0000
