0A
09
09
0A
08
0A
09
09
09
09
09
09
09
09
09
09
09
08
07
0A
09
09
0A
09
09
09
0A
0A
0A
0A
0A
0A
0A
0B
0B
0B
07
07
0A
0A
07
09
0A
09
0A
0B
0B
0B
0A
07
0A
0A
0A
0A
0A
0A
09
07
07
07
01
01
01
01
01
05
01
01
01
01
01
01
01
01
01
01
01
01
01
01
01
01
01
01
01
01
01
01
01
01
01
01
01
01
01
01
01
01
01
01
01
01
01
01
01
01
01
01
01
01
01
01
01
01
01
01
01
01
01
01
01
01
01
01
01
01
01
01
01
01
01
01
01
07
07
07
07
07
07
07
07
01
01
01
01
01
01
01
01
01
01
01
01
01
01
01
01
01
01
01
01
01
01
01
01
01
01
01
01
01
01
01
0C
0C
0C
0C
07
0C
0C
0C
0C
0C
0C
0C
0C
0C
0C
0C
0C
01
0C
0C
07
0C
0C
0C
0C
0C
0C
07
0C
0C
0C
07
0C
07
0C
0C
07
0C
07
0C
0C
01
01
0C
0C
01
0C
07
0C
07
0C
0C
07
0C
07
0C
07
0C
0C
01
0C
0C
0C
0C
0C
0C
07
0C
01
01
01
01
01
01
01
01
01
01
01
01
01
01
01
01
01
01
01
01
01
01
01
01
01
01
01
01
01
01
01
01
01
01
01
01
01
01
01
01
01
01
01
01
01
01
01
01
01
01
01
01
01
01
01
01
01
01
0081
0068
0062
0001
0057
0000003F
0002
0002
00000007
2A
2B
B50010
2A
B0
0000
0002
0058
0000000A
0002
0000
006E
0005
006F
0059
00000016
0002
0000
0007
005A
005B
0000
0000
0007
004F
0048
0001
