0A
09
09
0A
08
0A
09
09
09
09
09
09
09
09
09
09
09
08
07
0A
09
09
0A
09
09
09
0A
0A
0A
0A
0A
0A
0A
0B
0B
0B
07
07
0A
0A
07
09
0A
09
0A
0B
0B
0B
0A
07
0A
0A
0A
0A
0A
0A
09
07
07
07
01
01
01
01
01
05
01
01
01
01
01
01
01
01
01
01
01
01
01
01
01
01
01
01
01
01
01
01
01
01
01
01
01
01
01
01
01
01
01
01
01
01
01
01
01
01
01
01
01
01
01
01
01
01
01
01
01
01
01
01
01
01
01
01
01
01
01
01
01
01
01
01
01
07
07
07
07
07
07
07
07
01
01
01
01
01
01
01
01
01
01
01
01
01
01
01
01
01
01
01
01
01
01
01
01
01
01
01
01
01
01
01
0C
0C
0C
0C
07
0C
0C
0C
0C
0C
0C
0C
0C
0C
0C
0C
0C
01
0C
0C
07
0C
0C
0C
0C
0C
0C
07
0C
0C
0C
07
0C
07
0C
0C
07
0C
07
0C
0C
01
01
0C
0C
01
0C
07
0C
07
0C
0C
07
0C
07
0C
07
0C
0C
01
0C
0C
0C
0C
0C
0C
07
0C
01
01
01
01
01
01
01
01
01
01
01
01
01
01
01
01
01
01
01
01
01
01
01
01
01
01
01
01
01
01
01
01
01
01
01
01
01
01
01
01
01
01
01
01
01
01
01
01
01
01
01
01
01
01
01
01
01
01
0001
006E
006B
0001
0057
00000038
0002
0001
0000000A
2A
B20016
B60017
57
2A
B0
0000
0002
0058
0000000A
0002
0000
008A
0008
008B
0059
0000000C
0001
0000
000A
005A
005B
0000
