01
07
01
07
01
07
01
01
01
07
01
01
0C
01
01
01
01
01
01
01
01
01
01
0C
0A
01
0C
0A
0C
09
01
01
01
01
01
01
01
03
01
07
01
01
0C
0A
01
07
01
01
0C
0B
01
01
01
01
07
01
01
01
07
01
01
0C
0A
01
07
01
01
0C
0A
0C
09
01
07
01
01
0C
0A
01
0C
0A
01
01
01
01
01
08
01
01
03
01
07
0C
0A
01
07
01
0C
0A
0C
09
01
07
0A
0C
0A
01
0C
0A
01
01
0C
09
01
01
01
01
01
01
01
01
0001
0024
0025
0001
0071
0000004B
0003
0003
00000017
00
B80019
4D
2C
1226
32
2A
B4001E
B6002C
2B
B900320300
B0
0000
0002
0073
00000006
0001
0005
0042
0072
00000016
0002
0000
0017
001F
0020
0000
0000
0017
0033
0022
0001
