07
01
09
0C
01
01
09
0C
01
09
0C
01
09
0C
01
09
0C
01
09
0C
01
09
0C
01
09
0C
01
09
0C
01
09
0C
01
09
0C
01
09
0C
01
09
0C
01
09
0C
01
09
0C
01
09
0C
01
09
0C
01
09
0C
01
09
0C
01
09
0C
01
09
0C
01
09
0C
01
09
0C
01
09
0C
01
09
0C
01
09
0C
01
09
0C
01
09
0C
01
01
0A
07
0C
01
01
0A
07
0C
01
01
01
0A
0C
01
01
0A
0C
01
01
0A
07
0C
01
01
01
0A
0C
01
01
0A
0C
01
01
09
0C
01
01
09
0C
01
01
0A
0C
01
01
08
06
08
01
0A
0C
01
08
06
08
01
08
08
01
08
06
08
01
08
06
08
01
08
08
01
08
08
01
08
08
01
08
06
08
01
08
08
01
08
08
01
08
08
01
08
06
08
01
08
06
08
01
08
06
08
01
08
08
01
08
08
01
08
06
08
01
08
06
08
01
08
08
01
08
08
01
08
08
01
08
08
01
08
08
01
08
08
01
08
08
01
08
08
01
0A
0C
01
01
01
01
01
01
01
01
01
01
01
01
01
01
01
01
01
01
01
01
01
01
01
01
0009
00FA
00FB
0002
00F1
0000005E
0002
0002
00000010
2A
B80072
4C
2B
C60008
2B
B60076
AF
0E
AF
0000
0003
00F2
00000012
0004
0000
0038
0005
003A
0009
003B
000E
003D
00F3
00000016
0002
0000
0010
0080
0081
0000
0005
000B
00F6
0006
0001
00F7
00000008
0001
FC
000E
07
0001
00F5
00000005
01
0080
0000
