0A
09
09
07
0A
08
0A
0B
08
07
0A
0A
08
0A
0A
07
0A
0B
0B
0A
0A
07
01
01
01
01
01
01
01
01
01
01
01
01
01
01
01
01
01
01
01
01
01
01
07
01
01
01
01
01
01
01
07
07
01
01
01
01
01
01
01
01
0C
0C
0C
01
07
0C
01
07
0C
07
0C
01
01
0C
07
0C
01
07
0C
0C
01
0C
07
0C
0C
07
0C
0C
01
01
01
01
01
01
01
01
01
01
01
01
01
01
01
01
01
01
01
01
01
01
01
01
01
01
01
01
01
01
0001
002E
002F
0002
001D
00000092
0003
0003
00000024
2A
B40002
2A
2B
B6000F
1210
B900130300
4D
2C
C60010
2C
B60014
C00010
B60015
A70004
01
B0
0000
0004
001E
00000012
0004
0000
0031
0006
0032
000B
0031
0011
0035
001F
00000020
0003
0000
0024
0020
0021
0000
0000
0024
0026
0027
0001
0011
0013
0030
0031
0002
0032
0000000C
0001
0011
0013
0030
0033
0002
0034
0000000C
0002
FC
0022
07
0035
40
07
0036
002C
00000004
0001
002D
