0A
07
07
0A
0A
0A
07
0A
09
0A
0A
07
08
0B
0A
09
08
0A
0A
07
09
09
08
07
0B
0A
0A
07
0A
08
08
0A
07
0A
0A
0A
08
0A
0A
0B
0A
0A
0A
0A
07
0A
08
0A
08
0A
07
0A
08
0B
07
07
01
01
01
01
01
01
01
01
01
01
01
01
01
01
01
01
01
01
01
01
01
01
01
01
01
01
01
01
01
01
01
01
01
01
07
01
01
01
01
01
01
01
01
01
01
01
01
01
01
01
01
01
01
07
0C
01
01
0C
0C
01
0C
07
0C
07
0C
01
01
0C
07
0C
0C
01
0C
0C
01
0C
0C
01
01
0C
07
0C
0C
01
0C
01
0C
01
0C
0C
01
0C
0C
0C
0C
0C
0C
0C
01
01
0C
07
0C
01
07
0C
01
07
0C
01
01
01
01
01
01
01
01
01
01
01
01
01
01
01
01
01
01
01
01
01
01
01
01
01
01
01
01
01
01
01
01
01
01
01
01
01
01
01
01
01
01
01
01
01
01
01
01
01
01
01
01
0004
0052
0058
0002
0043
0000003F
0002
0002
0000000B
2A
B40015
2B
B900280200
B0
0000
0002
0044
00000006
0001
0000
0032
0045
00000016
0002
0000
000B
0046
0047
0000
0000
000B
0056
004F
0001
0057
00000004
0001
0033
