0A
09
09
09
09
09
09
07
0A
0B
0B
0A
07
0A
07
0A
07
0A
08
0A
08
0A
08
08
08
08
08
08
08
0A
08
0A
08
0A
09
0A
07
08
0A
0A
0A
0A
0B
0B
07
0A
08
0A
08
0A
08
0A
08
08
0A
0A
0A
07
0A
09
0A
08
08
08
07
01
01
01
01
01
01
01
01
01
01
01
01
01
01
01
01
01
01
01
01
01
01
01
01
01
01
01
01
01
01
01
01
01
01
01
01
01
01
01
01
01
01
01
01
01
03
01
01
01
01
01
01
01
01
01
01
01
01
01
01
01
01
01
01
01
01
01
01
01
01
01
01
01
01
01
01
01
01
01
01
01
01
01
01
07
01
01
01
01
01
01
01
01
01
01
01
01
07
01
07
01
01
01
01
01
01
0C
0C
0C
0C
0C
0C
0C
01
07
0C
0C
0C
01
07
0C
01
0C
01
01
0C
01
0C
01
01
01
01
01
01
01
0C
01
01
0C
0C
0C
01
01
0C
0C
0C
07
0C
0C
01
07
0C
01
07
0C
01
01
07
0C
07
0C
0C
01
0C
0C
01
01
01
01
01
01
01
01
01
01
01
01
01
01
01
01
01
01
01
01
01
01
01
01
01
01
01
01
01
01
01
01
01
01
01
01
01
0001
005E
005F
0001
0060
00000033
0001
0001
00000005
2A
B70001
B1
0000
0002
0061
0000000A
0002
0000
0057
0004
0058
0062
0000000C
0001
0000
0005
0063
0064
0000
