07
05
0A
0A
09
09
0A
07
0A
0A
08
0A
0A
08
07
0A
07
0A
0A
08
0A
0A
0A
0A
07
07
08
0A
07
01
01
01
05
01
01
01
01
01
01
01
01
01
01
01
01
01
01
01
01
01
01
01
01
01
01
01
01
01
07
01
01
01
01
01
01
01
01
01
01
01
07
07
07
01
01
01
0C
0C
0C
0C
0C
01
0C
01
0C
0C
01
01
07
0C
01
0C
0C
01
0C
0C
07
0C
0C
01
01
01
0C
01
01
01
01
01
01
01
01
01
01
01
01
01
01
01
01
01
01
01
01
01
01
0001
0027
0028
0001
0029
00000041
0005
0003
00000009
2A
1F
140002
B70004
B1
0000
0002
002A
0000000A
0002
0000
001B
0008
001C
002B
00000016
0002
0000
0009
002C
002D
0000
0000
0009
0025
0020
0001
