09
0A
0A
0A
07
0A
07
07
07
01
01
01
01
01
01
01
01
01
01
01
01
01
01
01
01
01
01
01
01
01
01
01
01
01
01
01
01
01
01
01
01
0C
0C
0C
07
0C
01
0C
01
01
01
01
01
01
01
01
01
0001
0017
0018
0002
000E
000000B9
0002
0005
00000025
2B
B60003
B60004
3E
2C
B60003
B60004
3604
1D
1504
A00005
03
AC
1D
1504
A20007
02
A70004
04
AC
0000
0004
000F
00000012
0004
0000
013A
0008
013B
0011
013D
0019
013E
0010
00000034
0005
0000
0025
0011
0014
0000
0000
0025
0019
001A
0001
0000
0025
001B
001A
0002
0008
001D
001C
001D
0003
0011
0014
001E
001D
0004
0015
00000020
0003
0000
0025
0011
0016
0000
0000
0025
0019
001F
0001
0000
0025
001B
001F
0002
0020
0000000A
0003
FD
0019
01
01
09
40
01
0021
00000002
0022
