01
07
01
07
01
01
07
01
07
01
07
01
07
01
01
07
01
01
07
01
01
07
01
07
01
01
07
01
07
01
01
01
01
01
0C
0A
01
01
01
01
01
01
01
0C
0A
01
07
01
01
0C
0A
01
01
0C
0A
01
01
0C
0A
01
01
01
01
01
01
01
01
01
01
01
07
01
01
0C
0B
01
0C
0B
01
01
01
01
01
01
07
01
01
0C
0A
01
01
0C
0A
01
07
01
01
0C
0B
01
07
01
01
0C
0B
01
07
01
0C
0A
01
01
01
01
01
01
01
01
01
01
0C
0A
01
01
0C
0A
01
07
0A
01
07
01
01
0C
0A
01
08
01
01
0C
0A
01
0C
0A
0C
0A
01
07
01
01
0C
0A
0A
01
0C
0A
01
01
0C
0A
01
01
01
01
01
01
01
01
01
0C
0A
01
08
01
01
0C
0A
01
01
0C
0A
01
07
01
01
0C
0A
01
08
01
01
0C
0A
01
01
01
01
01
01
01
01
07
01
0C
0A
01
0C
0A
01
01
01
01
01
01
0C
0A
01
01
0C
0A
05
01
01
0C
0A
01
0C
0A
01
01
0C
0A
01
01
01
01
01
07
0C
0A
01
01
0C
0A
01
01
01
01
01
07
01
0C
0A
01
07
01
01
01
01
07
01
0C
0A
01
01
01
01
01
0C
0A
01
01
01
01
01
01
0C
0A
01
01
0C
0A
01
0C
09
01
01
01
01
01
01
07
01
07
01
0C
0A
01
01
0C
0A
01
01
0C
0A
01
0C
09
01
01
0C
0A
01
0C
0A
01
0C
0A
01
0C
0A
01
01
0C
0A
01
01
0C
0A
01
07
01
07
0C
09
01
08
01
0C
0A
01
07
01
01
0C
0A
01
0C
09
01
0C
0A
01
0C
0B
01
07
01
0C
0B
01
01
0C
0B
01
01
0C
0A
01
07
01
01
01
01
01
01
01
01
01
01
01
01
01
01
01
07
0B
01
0C
09
01
01
0C
0B
01
01
01
01
01
01
07
01
0C
0A
01
07
01
01
0C
0A
0C
0A
01
01
01
01
07
01
07
01
01
0C
0A
01
0C
0A
01
0C
0A
01
0C
0A
01
0C
0A
01
01
01
01
01
01
01
0C
0A
01
01
01
01
01
01
01
01
01
07
0A
01
01
01
0C
0A
01
01
0C
0A
01
08
01
08
01
07
08
08
01
08
01
08
01
08
08
08
08
08
08
08
08
08
08
08
01
08
01
08
08
08
01
08
01
08
01
08
08
08
08
08
01
08
08
08
08
08
01
08
01
08
08
01
08
01
08
01
08
01
08
01
08
01
08
01
08
01
08
08
08
01
08
01
08
08
08
08
08
01
08
01
08
08
01
08
01
08
01
08
01
08
01
08
08
08
01
08
01
08
01
08
01
08
08
01
01
0C
0A
01
07
0A
01
07
0A
01
07
01
01
01
01
01
01
01
01
01
01
01
01
0009
00C7
00CE
0005
0245
000000BB
0007
0005
00000048
2B
C70008
1011
B8002D
2C
C70008
1012
B8002D
2D
C70008
1013
B8002D
2C
2A
2D
B600D8
3A04
1904
2B
B600DC
1400DD
1400DD
2A
B600E2
1904
2B
B600E5
B600E9
1904
59
C70008
1014
B8002D
B0
0000
0003
0248
0000000F
0004
09
08
08
FF
002B
0000
0001
07
002F
0246
00000012
0004
001B
00F1
0023
00F2
0033
00F3
003C
00F4
0247
00000034
0005
0000
0048
00D1
00D2
0000
0000
0048
003E
003D
0001
0000
0048
00D3
003D
0002
0000
0048
00EA
00C4
0003
0023
0025
00EB
003D
0004
024E
00000004
0001
00CA
024D
00000006
0001
0029
0000
0249
00000024
0005
14
00
0029
0000
16
01
00
0029
0000
16
02
00
0029
0000
16
03
00
0029
0000
16
03
00
00D4
0000
024A
00000019
04
0000
0001
0029
0000
0001
0029
0000
0002
0029
0000
00D4
0000
