01
07
01
07
01
07
01
01
01
01
01
01
01
01
01
01
01
01
01
08
01
07
01
01
0C
0A
08
08
08
08
08
08
01
0C
0A
01
0C
09
01
0C
09
01
0C
09
01
0C
09
01
0C
09
0C
09
0C
09
01
0C
09
01
0C
09
01
01
01
01
07
01
0C
09
01
07
01
01
0C
09
01
07
01
01
0C
0A
01
08
01
07
01
01
0C
0A
0C
0A
01
01
01
01
01
01
01
01
01
01
01
01
01
01
01
01
01
01
01
01
01
01
01
01
01
01
01
01
01
0C
0A
01
0C
0A
01
0C
0A
01
0C
0A
01
0C
0A
01
0C
0A
01
0C
0A
01
0C
0A
01
0C
0A
01
01
01
01
01
0C
0A
01
01
07
0A
01
08
01
01
0C
0A
01
0C
0A
01
08
01
08
01
08
01
08
01
0C
0A
01
08
01
08
01
08
01
08
01
0C
0A
0C
0A
01
01
0C
0A
0A
01
07
0A
0A
01
07
0A
01
07
0A
01
01
01
01
01
01
01
01
0C
0A
01
01
01
01
01
01
01
08
08
08
01
07
01
01
0C
0B
01
07
01
01
0C
09
01
07
01
01
0C
0B
01
07
01
0C
09
01
01
0C
0B
01
07
01
07
01
0C
0A
01
01
0C
0B
01
07
01
0C
09
01
07
01
0C
09
01
07
01
0C
09
01
01
01
01
01
01
01
01
01
01
01
01
01
01
07
01
0C
09
01
01
0C
0A
01
07
01
01
0C
0A
01
01
01
01
07
01
07
01
01
07
01
01
07
01
01
07
01
01
07
01
01
07
01
0C
0A
01
0C
09
01
01
01
01
01
03
03
03
01
01
03
01
01
01
01
01
01
01
01
01
01
01
01
01
01
01
01
01
01
01
01
01
0011
0077
005C
0002
0163
00000023
0001
0001
00000005
2A
B60079
B0
0000
0001
0165
0000000C
0001
0000
0005
003D
003E
0000
0161
00000006
0001
0013
0000
