01
07
01
07
01
07
01
01
01
01
01
01
01
01
01
01
01
01
01
08
01
07
01
01
0C
0A
08
08
08
08
08
08
01
0C
0A
01
0C
09
01
0C
09
01
0C
09
01
0C
09
01
0C
09
0C
09
0C
09
01
0C
09
01
0C
09
01
01
01
01
07
01
0C
09
01
07
01
01
0C
09
01
07
01
01
0C
0A
01
08
01
07
01
01
0C
0A
0C
0A
01
01
01
01
01
01
01
01
01
01
01
01
01
01
01
01
01
01
01
01
01
01
01
01
01
01
01
01
01
0C
0A
01
0C
0A
01
0C
0A
01
0C
0A
01
0C
0A
01
0C
0A
01
0C
0A
01
0C
0A
01
0C
0A
01
01
01
01
01
0C
0A
01
01
07
0A
01
08
01
01
0C
0A
01
0C
0A
01
08
01
08
01
08
01
08
01
0C
0A
01
08
01
08
01
08
01
08
01
0C
0A
0C
0A
01
01
0C
0A
0A
01
07
0A
0A
01
07
0A
01
07
0A
01
01
01
01
01
01
01
01
0C
0A
01
01
01
01
01
01
01
08
08
08
01
07
01
01
0C
0B
01
07
01
01
0C
09
01
07
01
01
0C
0B
01
07
01
0C
09
01
01
0C
0B
01
07
01
07
01
0C
0A
01
01
0C
0B
01
07
01
0C
09
01
07
01
0C
09
01
07
01
0C
09
01
01
01
01
01
01
01
01
01
01
01
01
01
01
07
01
0C
09
01
01
0C
0A
01
07
01
01
0C
0A
01
01
01
01
07
01
07
01
01
07
01
01
07
01
01
07
01
01
07
01
01
07
01
0C
0A
01
0C
09
01
01
01
01
01
03
03
03
01
01
03
01
01
01
01
01
01
01
01
01
01
01
01
01
01
01
01
01
01
01
01
01
1009
005E
0021
0003
0163
0000000D
0000
0000
00000001
B1
0000
0000
0169
00000000
016A
0000000B
0001
005F
0001
00010060
73
0061
