0A
07
0A
09
09
09
09
09
09
09
0A
0B
07
0A
0A
0A
0A
0A
07
07
0A
0A
0A
0A
0A
0A
0A
0A
0A
0A
0A
07
01
01
01
01
01
01
01
01
01
01
01
01
01
01
01
03
01
03
01
03
01
01
01
01
01
01
01
01
01
01
01
01
01
01
01
01
01
01
01
01
01
01
01
01
01
01
01
01
01
01
01
01
01
01
01
01
01
01
01
01
01
01
01
01
01
01
01
01
01
01
01
01
01
01
01
01
01
01
01
01
01
01
01
01
01
01
01
07
01
01
01
01
01
0C
01
0C
0C
0C
0C
0C
0C
0C
07
0C
07
0C
01
0C
0C
0C
0C
01
01
0C
0C
0C
0C
0C
0C
0C
0C
0C
0C
01
07
01
01
01
01
01
01
01
01
01
01
01
01
01
01
01
01
01
0001
0056
004A
0001
0040
0000003F
0002
0002
00000007
2A
2B
B50008
2A
B0
0000
0002
0041
0000000A
0002
0000
009E
0005
009F
0042
00000016
0002
0000
0007
0043
0044
0000
0000
0007
002D
0022
0001
