0A
09
09
09
09
09
09
09
09
09
0A
0A
07
07
0A
08
0A
0A
08
0A
0A
0A
07
07
01
01
01
01
01
01
01
01
01
01
01
01
01
01
01
01
01
01
01
01
01
01
01
01
01
01
01
01
01
01
01
01
01
01
0C
0C
0C
0C
0C
0C
07
0C
0C
0C
07
0C
07
0C
07
0C
01
01
0C
01
0C
0C
01
0C
0C
01
01
01
01
01
01
01
01
01
01
01
01
01
01
01
01
01
01
01
01
01
01
0001
001E
0028
0001
0020
00000070
0002
0002
00000024
2A
B70001
2A
B20002
B50003
2A
B20004
B50005
2A
03
B50006
2A
B20007
B50008
2A
2B
B50009
B1
0000
0002
0021
0000001E
0007
0000
0041
0004
0043
000B
0044
0012
0045
0017
0046
001E
0048
0023
0049
0022
00000016
0002
0000
0024
0023
0024
0000
0000
0024
001C
001D
0001
