0A
07
09
07
09
09
09
09
09
09
09
09
09
09
09
09
09
09
09
09
09
09
07
08
0A
07
0A
05
0A
05
05
09
0A
09
09
0A
0A
12
0A
09
0A
12
0A
0A
07
0A
0A
08
0A
08
09
0A
0A
07
07
0A
09
07
09
12
0A
09
0A
0A
0A
07
08
0A
09
0A
0A
07
0A
12
07
0A
0A
07
0A
09
0A
08
0A
12
0A
0A
0A
0A
0A
09
09
0A
08
0A
09
07
0A
0A
0A
0A
0A
0B
0B
07
0A
0A
0A
0A
0A
07
08
08
0A
0A
0A
0A
0A
07
0A
0A
0A
0A
07
0A
12
08
0A
07
01
01
01
01
01
01
01
01
01
01
01
01
01
01
01
01
01
01
01
01
01
01
01
01
01
01
01
01
01
01
01
01
01
01
01
01
01
01
01
01
01
01
01
01
01
01
01
01
01
07
01
01
01
01
01
01
01
07
07
01
01
01
01
01
01
01
01
01
01
07
01
01
01
01
01
01
01
01
01
01
01
01
01
01
01
01
01
01
01
01
01
01
01
01
01
01
01
01
01
01
01
01
01
01
01
01
01
01
01
01
01
01
01
01
01
01
01
01
01
01
01
01
01
01
01
01
01
01
01
01
01
01
07
07
01
01
01
01
01
01
01
07
01
01
01
01
01
01
01
01
01
01
01
01
01
01
01
01
01
01
01
01
01
01
01
01
01
01
01
01
01
01
01
01
01
01
0C
01
0C
01
0C
0C
0C
0C
0C
0C
0C
0C
0C
0C
0C
0C
0C
0C
0C
0C
0C
01
01
0C
01
0C
0C
0C
0C
0C
0C
0C
0C
01
0F
08
0C
07
0C
07
08
0C
0C
0C
01
0C
0C
01
0C
01
0C
0C
0C
01
01
0C
0C
01
0C
08
0C
0C
0C
0C
0C
01
01
0C
0C
0C
0C
01
0C
08
0C
01
0C
0C
01
0C
0C
0C
01
0C
08
0C
0C
0C
0C
0C
0C
0C
01
0C
0C
01
0C
0C
0C
0C
0C
0C
01
0C
0C
0C
0C
01
01
01
0C
0C
0C
0C
0C
01
0C
0C
07
0C
01
0C
08
01
0C
01
01
01
01
01
01
01
01
01
01
01
01
01
01
01
01
01
01
0A
01
01
01
01
01
01
01
01
01
01
01
01
01
01
01
01
01
01
01
01
01
01
01
01
01
01
01
01
01
01
01
01
01
01
01
01
01
01
01
01
01
01
01
01
01
01
01
01
01
01
01
01
01
01
01
01
01
01
01
01
01
07
0C
01
07
01
01
01
07
01
01
0001
00E8
00E6
0002
00AD
0000005F
0004
0002
00000016
1B
9C000F
BB0017
59
1218
10FC
B70019
BF
2A
1B
B50023
B1
0000
0003
00AE
00000012
0004
0000
0141
0004
0142
0010
0143
0015
0144
00AF
00000016
0002
0000
0016
00B0
00B1
0000
0000
0016
00E7
008C
0001
00B4
00000003
0001
10
00B2
00000004
0001
0017
