0A
09
09
09
05
09
04
09
09
09
09
09
09
09
09
09
09
09
09
09
09
09
09
09
09
09
09
09
07
0A
08
0A
0A
0A
0A
05
0A
03
0A
0A
07
0A
07
0A
0A
0A
0A
07
08
0A
0A
08
0A
0A
0A
07
0A
0A
0A
07
0A
0A
07
0A
0B
0B
0B
0B
07
0B
0A
08
0A
0A
08
07
0A
08
0A
0A
0A
0A
0A
0A
07
08
07
0A
0A
0A
07
08
0A
08
0A
0A
07
08
0A
0A
08
0A
0A
07
0A
0A
08
0A
08
0A
0A
0A
0A
0A
0A
0A
0A
0A
0A
0A
08
0A
08
08
0A
08
08
0A
08
08
08
0A
0A
0A
0A
0A
08
08
08
08
05
0A
0A
0A
0A
0A
07
03
0A
0B
0B
0B
07
0A
07
08
0A
0A
0A
08
0A
0A
0A
0A
0A
0A
0A
0A
08
08
08
08
07
08
08
08
0A
07
08
0A
08
0A
08
08
08
08
08
08
0A
0A
08
0A
0A
08
08
08
08
08
08
08
08
08
08
08
08
08
08
08
08
08
08
08
08
0A
07
01
01
01
01
01
03
01
01
03
01
03
01
01
03
01
01
03
01
01
01
03
01
01
03
01
03
01
03
01
03
01
03
01
03
01
03
01
03
01
03
01
03
01
01
01
03
01
01
03
01
01
01
01
03
01
01
01
01
01
01
04
01
05
01
01
01
01
01
01
01
01
01
01
01
01
01
01
01
01
01
01
01
01
01
01
01
01
01
01
01
01
01
01
01
01
01
01
01
01
01
01
01
01
07
07
01
01
01
01
01
01
01
01
01
01
01
01
01
01
01
01
01
01
01
01
01
01
01
01
01
01
01
01
01
01
01
01
01
01
01
01
01
01
01
01
01
01
01
01
01
01
01
01
01
01
01
01
07
07
07
07
01
01
01
01
01
01
01
01
01
01
07
01
01
01
01
01
01
01
01
01
01
01
01
01
01
01
01
01
01
01
07
07
07
01
01
01
01
01
01
01
01
01
01
01
01
01
01
01
01
01
01
01
01
07
07
01
01
01
01
01
07
01
01
01
01
01
01
01
01
01
01
01
01
01
01
07
01
01
01
01
01
01
01
01
01
07
01
01
01
01
01
01
01
01
01
01
01
01
01
01
01
01
01
01
01
0C
0C
0C
0C
0C
0C
0C
0C
0C
0C
0C
0C
0C
0C
0C
0C
0C
0C
0C
0C
0C
0C
0C
0C
0C
07
0C
01
01
0C
0C
0C
07
0C
07
0C
0C
0C
01
0C
01
0C
0C
01
01
0C
0C
01
0C
0C
0C
01
07
0C
0C
01
0C
0C
01
0C
07
0C
0C
07
0C
0C
07
01
0C
0C
01
0C
01
01
07
0C
01
0C
0C
0C
0C
0C
01
01
01
0C
01
01
0C
01
0C
0C
01
0C
0C
01
0C
0C
01
0C
0C
01
01
0C
0C
0C
0C
0C
0C
0C
0C
0C
0C
01
0C
01
01
0C
01
01
0C
01
01
01
0C
0C
0C
0C
0C
01
01
01
01
0C
0C
07
0C
0C
0C
01
0C
07
0C
0C
0C
01
0C
01
01
0C
07
0C
01
0C
0C
0C
0C
0C
01
01
01
01
01
01
01
01
0C
01
01
01
0C
01
01
01
01
01
01
0C
0C
01
0C
01
01
01
01
01
01
01
01
01
01
01
01
01
01
01
01
01
01
01
01
07
0C
01
01
01
01
01
01
01
01
01
01
01
01
01
01
01
01
01
01
01
01
01
01
01
01
01
01
01
01
01
01
01
01
01
01
01
01
01
01
01
01
01
01
01
01
01
01
01
01
01
01
01
01
01
01
01
01
01
01
01
01
01
01
01
01
01
01
01
01
01
01
01
01
01
01
01
01
01
01
01
01
01
01
01
01
01
01
01
01
01
01
01
01
01
01
01
01
01
01
01
0008
01E3
014B
0001
0139
00000021
0001
0000
00000009
12D8
B800D9
B3001C
B1
0000
0001
013A
00000006
0001
0000
00B4
