0A
09
0A
09
09
0B
07
0A
0B
07
07
07
01
01
01
01
01
01
01
01
07
01
01
01
01
01
01
01
01
01
01
01
01
01
01
01
01
01
01
01
01
01
01
01
01
01
01
07
01
01
01
01
01
01
01
01
01
0C
0C
0C
0C
0C
0C
01
0C
07
01
01
07
01
01
01
01
01
01
0001
002A
002B
0002
001C
00000074
0002
0002
00000017
2B
C7000B
BB0007
59
B70008
BF
2A
B40005
2B
B900090200
B0
0000
0004
001D
0000000A
0002
0000
0168
000C
0169
001E
00000016
0002
0000
0017
001F
0021
0000
0000
0017
002C
000E
0001
0022
00000016
0002
0000
0017
001F
0023
0000
0000
0017
002C
002D
0001
002E
00000003
0001
0C
000F
00000002
002F
