0A
0A
0A
09
0A
0A
07
0A
0A
09
0A
0A
09
0A
0A
0A
0A
0A
0A
0A
0A
0B
07
09
09
0A
0B
0B
07
0A
08
0A
07
07
07
07
01
01
07
01
01
01
01
01
01
01
01
01
01
01
01
01
01
01
01
01
01
01
01
01
01
01
01
01
01
07
07
07
07
07
07
07
01
01
01
01
01
01
01
01
01
01
01
01
01
01
01
0C
0C
0C
07
0C
0C
07
0C
01
07
0C
0C
0C
0C
07
0C
0C
0C
07
0C
07
0C
0C
0C
0C
0C
07
0C
07
0C
01
0C
0C
0C
0C
0C
01
01
07
0C
01
01
01
01
01
01
01
01
01
01
01
01
01
01
01
01
01
01
01
01
01
01
01
01
01
01
01
01
01
01
01
01
01
01
01
01
01
01
01
01
01
01
01
01
0001
004E
004F
0001
002F
00000030
0001
0001
00000006
121F
B80020
B0
0000
0002
0030
00000006
0001
0000
0060
0031
0000000C
0001
0000
0006
003B
003C
0000
