12
0A
0A
07
0A
09
07
07
0A
08
0A
0A
0A
07
0A
0A
09
07
0A
0B
0A
07
0A
0A
09
07
0A
0A
07
0A
0A
0A
0A
0A
0A
07
0A
07
07
07
01
01
01
01
01
01
01
01
01
01
01
01
01
01
01
01
01
01
01
01
01
01
01
01
01
01
01
01
01
01
01
01
01
01
07
01
01
01
01
01
01
01
01
01
01
01
01
01
01
01
01
01
01
01
01
01
01
01
01
01
01
01
01
01
01
01
0F
10
0F
10
0C
0C
0C
01
0C
01
07
01
01
01
01
0C
0C
0C
01
07
0C
0C
0C
01
07
0C
07
0C
0C
01
07
0C
0C
0C
01
07
0C
01
07
0C
0C
07
0C
07
0C
0C
07
0C
01
0C
01
01
01
01
0A
01
0A
01
01
01
01
01
01
01
01
01
01
01
01
01
01
01
01
01
01
01
01
01
01
01
01
01
01
01
01
01
01
01
01
01
01
01
01
01
01
07
0C
0C
01
01
07
01
01
07
01
01
100A
0066
0067
0001
0033
00000021
0003
0000
00000009
BB0024
59
04
B70025
B0
0000
0001
0034
00000006
0001
0000
0051
