12
0A
0A
07
0A
09
07
07
0A
08
0A
0A
0A
07
0A
0A
09
07
0A
0B
0A
07
0A
0A
09
07
0A
0A
07
0A
0A
0A
0A
0A
0A
07
0A
07
07
07
01
01
01
01
01
01
01
01
01
01
01
01
01
01
01
01
01
01
01
01
01
01
01
01
01
01
01
01
01
01
01
01
01
01
07
01
01
01
01
01
01
01
01
01
01
01
01
01
01
01
01
01
01
01
01
01
01
01
01
01
01
01
01
01
01
01
0F
10
0F
10
0C
0C
0C
01
0C
01
07
01
01
01
01
0C
0C
0C
01
07
0C
0C
0C
01
07
0C
07
0C
0C
01
07
0C
0C
0C
01
07
0C
01
07
0C
0C
07
0C
07
0C
0C
07
0C
01
0C
01
01
01
01
0A
01
0A
01
01
01
01
01
01
01
01
01
01
01
01
01
01
01
01
01
01
01
01
01
01
01
01
01
01
01
01
01
01
01
01
01
01
01
01
01
01
07
0C
0C
01
01
07
01
01
07
01
01
0000
0062
0063
0002
0033
0000002F
0001
0001
00000005
2A
B40011
B0
0000
0002
0034
00000006
0001
0000
00B8
0035
0000000C
0001
0000
0005
0036
0037
0000
005A
00000006
0001
005B
0000
