0A
07
0C
01
01
01
09
07
0C
01
01
01
09
0C
01
09
0C
01
09
0C
01
0A
0C
01
01
0A
0C
01
01
0A
0C
01
0A
0C
01
0A
0C
01
0A
0C
01
0A
0C
01
01
12
0C
01
01
01
01
01
01
01
01
01
01
01
01
01
01
01
01
01
01
01
01
01
01
01
01
01
01
01
01
01
01
01
01
01
01
01
01
01
01
01
01
01
07
01
01
0F
0A
07
0C
01
01
08
01
01
01
07
01
07
01
01
0001
003A
0038
0002
0032
0000003A
0002
0002
00000006
2A
2B
B5000D
B1
0000
0002
0033
00000006
0001
0000
001C
0034
00000016
0002
0000
0006
0035
0036
0000
0000
0006
000F
000C
0001
0039
00000005
01
000F
0010
