0A
07
0A
09
09
07
0A
0A
09
08
0B
07
09
0A
0A
0A
0A
0A
07
0A
0A
0A
0A
0A
0A
09
0B
0A
0A
0A
09
0A
08
0B
0A
08
0B
0A
07
0A
0A
0A
0A
07
08
0B
09
0A
07
0A
07
07
08
0B
07
07
08
0A
0A
0B
0A
08
0B
0A
07
0A
0A
08
08
08
08
08
0A
0A
07
0A
0A
0A
0A
0A
0A
0B
08
09
0A
0A
07
08
0B
08
0B
08
09
07
0A
07
0A
07
0A
09
07
0A
09
09
0A
0B
09
07
07
01
01
01
01
01
01
01
01
01
01
01
01
01
01
01
01
01
01
01
01
01
01
01
01
01
01
01
01
01
01
01
01
01
01
01
01
01
01
01
01
01
01
01
01
01
01
01
01
01
01
01
01
01
01
01
01
01
01
01
01
01
01
01
01
01
01
01
07
07
07
07
07
07
07
07
07
07
07
07
07
07
01
01
01
01
01
01
01
01
01
01
01
07
01
01
01
01
01
01
01
01
01
01
01
01
01
01
01
01
01
01
01
01
01
01
01
01
01
01
01
0C
01
0C
0C
01
07
0C
0C
01
07
0C
01
07
0C
0C
07
0C
0C
07
0C
07
0C
01
0C
07
0C
0C
07
0C
0C
0C
07
0C
0C
0C
0C
0C
0C
01
0C
0C
01
0C
0C
01
0C
0C
07
0C
0C
01
01
0C
0C
0C
01
0C
01
01
0C
01
01
0C
0C
07
0C
07
01
0C
01
0C
07
01
01
01
01
0C
0C
01
0C
0C
0C
0C
0C
01
0C
0C
0C
01
01
07
0C
01
0C
01
0C
01
07
0C
01
01
0C
01
0C
07
0C
0C
0C
0C
01
01
01
01
01
01
01
01
01
01
01
01
01
01
01
01
01
01
01
01
01
01
01
01
01
01
01
01
01
01
01
01
01
01
01
01
01
01
01
01
01
01
01
01
01
01
01
01
01
01
01
01
01
01
01
01
01
01
01
01
01
01
01
01
01
01
01
01
01
01
01
01
01
01
01
01
01
01
01
01
01
01
01
01
01
01
01
01
01
01
01
01
01
01
01
01
01
01
01
01
01
0001
0080
0081
0001
0082
0000003E
0003
0001
00000010
2A
B70001
2A
BB0002
59
B70003
B50004
B1
0000
0002
0083
0000000A
0002
0000
002B
0004
0047
0084
0000000C
0001
0000
0010
0085
0086
0000
