0A
08
09
09
09
09
09
09
0A
0A
0A
0B
0B
0B
0B
07
07
07
01
01
01
01
01
01
01
01
01
01
01
01
01
01
01
01
01
01
01
07
01
01
01
01
01
01
01
01
01
01
01
01
01
01
01
01
01
01
01
01
0C
01
0C
0C
0C
0C
0C
0C
0C
0C
07
0C
07
0C
07
0C
07
0C
07
0C
01
01
01
01
01
01
01
01
01
01
01
01
01
01
01
01
01
01
0001
0023
0024
0002
001E
00000046
0002
0002
0000000A
2A
2B
B50008
2A
B60009
B1
0000
0002
001F
0000000E
0003
0000
0021
0005
0024
0009
0025
0020
00000016
0002
0000
000A
0021
0022
0000
0000
000A
001A
001B
0001
0025
00000004
0001
0026
