09
0A
0A
0A
08
0A
0A
0A
0B
0B
0B
07
0B
0A
0A
0A
0A
0A
0A
0A
07
0A
07
07
0A
0A
0A
0A
07
0A
0A
0A
0A
0A
0A
07
07
0A
0A
0A
07
07
0A
0A
07
07
07
01
01
01
01
01
01
01
01
01
01
01
01
01
01
01
01
01
01
01
01
07
01
01
01
01
01
01
01
01
01
01
01
01
01
01
01
01
01
01
01
01
01
01
01
01
01
01
01
01
01
01
01
01
01
01
01
01
01
01
01
01
01
01
01
01
01
01
01
01
01
01
01
01
01
01
01
01
01
01
01
01
01
01
01
01
01
07
07
01
01
01
01
01
01
01
01
01
01
01
01
01
01
01
01
01
01
01
01
01
01
01
07
01
01
01
01
01
01
01
01
01
01
01
01
01
01
01
01
01
01
01
01
01
01
01
01
01
01
01
01
01
01
01
01
01
01
01
01
01
01
01
01
01
01
01
01
01
01
01
01
01
01
01
01
01
01
07
01
01
01
01
01
01
01
01
01
01
01
01
07
0C
0C
07
0C
07
0C
01
0C
0C
0C
07
0C
07
0C
0C
01
0C
0C
07
0C
0C
07
0C
0C
0C
07
0C
01
01
01
0C
0C
07
0C
0C
01
0C
0C
0C
0C
07
0C
01
01
0C
0C
0C
01
01
01
01
01
01
01
01
01
01
01
01
01
01
01
01
01
01
01
01
01
01
01
01
01
01
01
01
01
01
01
01
01
01
01
01
01
01
01
01
01
01
01
01
01
01
01
01
01
01
01
01
01
01
01
01
01
01
01
01
0001
003A
0094
0001
0034
0000003E
0002
0002
00000006
2A
2B
B70010
B1
0000
0002
0035
0000000A
0002
0000
012B
0005
012C
0036
00000016
0002
0000
0006
0037
0039
0000
0000
0006
0095
0096
0001
