09
0A
07
07
0A
0A
09
0A
0A
0A
07
12
0A
08
08
0A
09
08
08
09
07
01
01
01
01
01
01
01
01
01
01
01
01
01
01
01
01
01
01
01
01
01
01
01
01
01
01
01
01
01
01
01
01
01
01
01
01
01
07
0C
07
0C
01
0C
0C
0C
07
0C
0C
0C
01
01
0F
08
0C
0C
01
0C
0C
01
0C
01
01
01
01
01
01
01
01
01
01
0A
01
01
01
07
0C
01
07
01
01
07
01
01
0008
0035
0036
0001
0021
00000052
0005
0000
00000032
BB0004
59
120E
03
120F
B70010
B30011
BB0004
59
1212
04
1213
B70010
B30014
05
BD0004
59
03
B20011
53
59
04
B20014
53
B30001
B1
0000
0001
0022
0000000E
0003
0000
003E
000F
0040
001E
003D
