0A
07
0C
01
01
01
09
07
0C
01
01
01
0A
0C
01
0A
09
0C
01
01
09
07
0C
01
01
01
09
0C
01
01
07
01
0A
07
0C
01
01
01
0A
0C
01
01
0A
07
0C
01
01
01
09
0C
01
01
0A
0C
01
01
0A
0C
01
01
0A
09
0C
01
0A
0C
01
01
0A
07
0C
01
01
0A
09
0C
01
01
0B
07
0C
01
01
01
0B
0C
01
0B
0C
01
0B
0C
01
0B
0C
01
0B
0C
01
0A
0C
01
01
0A
0C
01
0A
0C
01
0A
0C
0A
0C
01
0A
0C
01
0A
0C
01
01
09
0C
01
01
0A
0C
01
0A
0C
01
01
0A
0A
0C
01
0A
0C
01
01
0A
0C
0A
0C
01
01
07
01
0A
07
01
01
01
01
05
01
01
01
01
01
01
01
01
01
01
01
01
01
01
01
01
01
01
01
01
01
01
01
07
01
01
01
01
01
01
01
01
01
07
01
01
01
01
01
01
01
01
01
01
01
01
01
01
01
01
01
01
01
01
01
01
01
01
01
01
01
01
01
01
01
01
01
01
01
01
01
07
01
01
01
07
01
07
01
01
01
07
01
01
01
07
01
01
07
01
07
01
07
01
07
01
0008
00DF
000F
0001
009F
00000031
0002
0000
00000015
BB0008
59
B70010
B3007A
BB0093
59
B70095
B3004B
B1
0000
0001
00A0
0000000A
0002
0000
1D7B
000A
1D83
