0A
07
0C
01
01
01
0A
07
0C
01
01
01
09
07
0C
01
01
01
09
0C
01
09
0C
01
09
0C
01
09
0C
01
09
0C
01
09
0C
01
09
0C
01
09
0C
01
09
0C
01
09
0C
01
01
09
0C
01
01
09
0C
01
01
09
0C
01
09
0C
01
01
09
0C
01
09
0C
01
01
0A
0C
01
01
0A
0C
01
01
07
01
09
0C
01
01
07
01
09
0C
01
01
09
0C
01
01
09
0C
01
09
0C
01
01
09
0C
01
0A
0C
01
01
07
01
0A
0A
0C
01
01
07
01
0B
0C
01
01
07
01
09
0C
01
09
0C
01
09
0C
01
09
0C
01
01
09
0C
01
0A
0C
01
01
0A
07
0C
01
01
01
0A
0C
01
01
0A
0C
01
0A
0C
01
01
0A
0C
01
01
0A
0C
01
01
0A
07
0C
01
01
07
01
0A
08
01
0A
0C
01
01
08
01
0A
0C
01
01
08
01
08
01
08
01
08
01
08
01
08
01
08
01
08
01
08
01
08
01
08
01
08
01
08
01
08
01
08
01
08
01
08
01
08
01
08
01
08
01
08
01
08
01
08
01
08
01
08
01
08
01
08
01
08
01
08
01
0A
0C
01
01
08
01
0A
08
01
0A
07
0C
01
01
01
01
01
08
01
08
01
08
01
08
01
08
01
08
01
08
01
01
08
01
01
01
01
08
01
01
08
01
01
08
01
01
01
08
01
01
08
01
01
08
01
01
08
01
01
08
01
01
08
01
01
08
01
01
01
08
01
01
08
01
01
08
01
01
08
01
01
08
01
01
08
01
01
08
01
01
08
01
01
08
01
01
08
01
01
01
01
01
01
01
01
01
01
01
01
03
01
01
01
01
01
01
01
01
01
01
01
01
01
01
01
01
01
01
01
01
01
01
01
01
01
01
01
01
01
01
01
01
01
01
01
01
01
01
01
01
01
01
01
01
01
01
01
01
01
01
01
01
01
01
01
01
01
01
01
01
01
01
01
01
01
01
01
01
01
01
01
01
01
01
01
01
01
01
01
01
01
01
01
01
01
01
01
01
01
01
01
01
01
01
01
01
01
01
01
01
01
01
01
01
01
01
01
01
01
01
01
01
01
01
01
01
01
01
01
01
01
01
01
01
01
01
01
01
01
01
01
01
01
01
01
01
01
01
01
01
01
01
01
01
01
01
01
01
01
07
01
07
01
01
0001
0027
0197
0001
015A
00000042
0002
0002
0000000A
2A
2B
B80048
B50025
2A
B0
0000
0002
015B
0000000A
0002
0000
034C
0008
034E
015C
00000016
0002
0000
000A
015D
015E
0000
0000
000A
0027
0198
0001
