0A
07
0C
01
01
01
0A
07
0C
01
01
09
0C
01
01
09
0C
01
09
0C
01
09
0C
01
09
0C
01
01
0A
07
0C
01
01
01
0A
0C
01
01
09
0C
01
01
0A
07
0C
01
01
01
07
01
09
0C
01
0A
0C
01
01
01
01
01
01
01
01
01
01
01
01
07
01
01
01
01
01
01
01
01
01
01
01
01
01
01
01
01
01
01
01
01
01
01
01
01
07
01
1000
0005
0052
0001
0039
00000066
0005
0006
0000000A
2A
2B
2C
2D
1904
B70001
B1
0000
0002
003A
00000006
0001
0000
03F1
003B
0000003E
0006
0000
000A
003C
003D
0000
0000
000A
0053
000F
0001
0000
000A
0054
000F
0002
0000
000A
0055
000F
0003
0000
000A
0056
000F
0004
0000
000A
0057
0058
0005
