01
07
01
01
07
01
07
01
01
01
01
01
0C
09
01
01
0C
09
01
0C
0A
01
01
01
01
01
01
01
01
01
01
01
03
01
01
01
01
01
01
01
01
01
07
01
01
0C
0A
01
01
0C
09
01
07
01
01
0C
0A
01
07
01
01
0C
0A
01
0C
0B
01
07
01
01
0C
0B
01
07
01
08
01
0C
0A
01
01
01
07
01
01
01
0C
0A
01
07
01
01
0C
0A
01
07
01
01
0C
09
0C
0A
01
0C
0A
01
01
01
01
03
03
03
01
03
01
03
01
01
01
01
01
01
01
01
01
01
01
01
01
01
01
01
01
0011
0040
005B
0004
007C
00000037
0002
0002
0000000F
2A
2B
B6005E
C00002
B20064
B60066
B0
0000
0001
007D
00000016
0002
0000
000F
0016
0017
0000
0000
000F
0067
001A
0001
007B
00000002
005C
0080
00000006
0001
0028
0000
0081
00000007
01
0001
0028
0000
