0A
09
09
09
09
09
09
09
0A
08
0A
0A
08
0A
08
08
08
08
08
08
0A
07
08
0A
0A
0A
0A
0A
0B
0A
07
07
07
01
01
01
01
01
03
01
03
01
03
01
03
01
03
01
03
01
03
01
03
01
03
01
03
01
03
01
03
01
03
01
01
01
01
01
01
01
01
01
01
01
01
01
01
01
01
01
01
01
01
01
01
01
01
01
01
01
01
0C
0C
0C
0C
0C
0C
0C
0C
0C
01
0C
07
0C
01
0C
01
01
01
01
01
01
07
0C
01
01
0C
0C
0C
0C
0C
07
0C
0C
01
01
01
01
01
01
01
01
01
01
01
01
01
01
01
01
01
01
01
01
01
01
01
01
01
01
0001
0046
0047
0001
0048
00000046
0002
0002
0000000A
2A
B70001
2A
2B
B50002
B1
0000
0002
0049
0000000E
0003
0000
0033
0004
0034
0009
0035
004A
00000016
0002
0000
000A
004B
004C
0000
0000
000A
0022
0023
0001
