09
0A
09
09
09
09
09
09
09
09
09
09
09
07
0A
0A
07
0A
0A
07
0A
0A
07
07
01
01
01
01
01
01
01
01
01
01
01
01
01
01
01
01
01
01
01
01
01
01
01
01
01
01
01
01
01
01
01
01
01
01
01
01
01
01
07
01
01
01
01
01
07
0C
0C
0C
0C
0C
0C
0C
0C
0C
0C
0C
0C
0C
01
07
0C
01
0C
0C
01
0C
01
01
01
01
01
01
01
01
01
01
0001
0036
0037
0001
002E
00000047
0002
0002
0000000B
2A
2B
B50004
2A
04
B50006
B1
0000
0002
002F
0000000E
0003
0000
0367
0005
0368
000A
036A
0030
00000016
0002
0000
000B
0031
0034
0000
0000
000B
0038
001C
0001
