0A
09
0A
07
07
0A
08
0A
08
0A
09
08
08
09
08
08
09
08
08
09
0A
09
0A
0A
07
07
0A
08
0A
0A
08
0A
0A
0A
07
08
0A
07
08
0A
07
08
0A
07
08
0A
07
01
01
01
01
01
01
01
01
01
01
01
01
01
01
01
01
01
01
01
01
01
01
01
01
01
01
01
01
01
01
01
01
01
01
01
01
01
01
01
01
01
07
07
01
07
01
01
01
01
01
01
01
01
01
01
01
01
01
01
01
0C
0C
07
0C
01
0C
01
07
0C
01
0C
0C
01
01
0C
01
01
0C
01
01
0C
0C
0C
07
0C
0C
01
01
0C
01
0C
0C
01
0C
0C
07
0C
01
01
01
01
01
01
01
01
01
01
01
01
01
01
01
01
01
01
01
01
01
01
01
01
0002
0047
0048
0002
003D
00000048
0003
0004
0000000C
2A
2B
1C
B70015
2A
1D
B50016
B1
0000
0002
003E
0000000E
0003
0000
008A
0006
008B
000B
008C
0041
00000016
0002
0000
000C
0049
0033
0000
0000
000C
0037
0038
0003
004A
00000002
004B
