01
07
01
07
01
01
01
01
01
01
01
01
01
07
01
01
07
01
01
07
01
01
07
01
01
07
01
01
07
01
01
07
01
01
07
01
01
07
01
01
07
01
01
07
01
01
07
01
01
01
01
01
01
01
01
01
01
01
01
01
01
01
01
01
01
01
01
01
01
01
08
01
0C
0A
01
01
0C
0A
01
0C
0A
01
01
0C
09
01
0C
09
01
01
0C
09
01
01
01
0C
09
01
01
01
01
0C
09
01
01
01
0C
09
01
01
0C
09
01
01
01
01
08
01
07
01
01
0C
0A
01
08
01
08
01
01
0C
0A
0C
0A
01
07
01
0C
0A
01
08
01
07
01
01
0C
0B
01
07
01
01
0C
0A
01
07
01
01
01
01
01
01
08
08
08
08
08
01
01
01
01
01
01
01
01
01
01
01
01
01
01
01
01
0001
0062
0063
0002
00A9
00000050
0002
0002
00000006
2A
2B
B50061
B1
0000
0003
00AA
00000016
0002
0000
0006
004B
004C
0000
0000
0006
0036
0037
0001
00AD
0000000C
0001
0000
0006
0036
0038
0001
00AB
0000000A
0002
0000
006B
0005
006C
00A8
00000002
00AE
