0A
07
0C
01
01
01
09
07
0C
01
01
01
09
0C
01
01
09
0C
01
09
07
0C
01
01
01
09
0C
01
09
07
0C
01
01
01
09
0C
01
09
07
0C
01
01
01
09
0C
01
07
01
0A
09
0C
01
01
0A
0C
01
0A
0C
01
0A
07
0C
01
01
01
0B
07
0C
01
01
01
07
01
08
01
0A
0C
01
0B
07
0C
01
01
01
07
01
08
01
0A
0C
01
0A
07
0C
01
01
01
0A
0C
01
01
0A
0C
01
0A
0C
01
0A
07
01
08
0A
07
0C
01
01
01
0A
0C
01
0A
0C
01
01
0B
07
0C
01
01
01
0B
0C
01
01
0A
0C
01
01
0B
07
01
0B
08
07
01
07
01
0A
0C
01
01
0A
0C
01
07
01
0B
0C
01
01
0B
07
0C
01
01
01
0A
07
0C
01
01
0B
0C
01
01
0B
0C
01
0A
0C
01
0A
08
01
0A
0B
07
0C
01
01
09
0C
01
01
0A
0C
01
01
0A
0C
01
01
07
01
0A
01
01
01
01
01
01
01
01
01
01
01
01
01
01
01
01
01
01
01
01
01
01
01
01
01
01
01
01
01
01
01
01
01
01
01
01
01
01
01
01
01
01
01
01
01
01
01
01
01
01
01
01
01
0001
00E9
00EA
0001
00D1
0000003E
0002
0002
00000006
2A
2B
B50023
B1
0000
0002
00D2
0000000A
0002
0000
0097
0005
0098
00D3
00000016
0002
0000
0006
00D4
00D5
0000
0000
0006
00E6
0022
0001
