09
0A
07
07
0A
09
09
09
09
09
09
0A
0A
09
0B
07
0A
0A
07
0A
07
08
0A
09
0A
0A
08
0A
08
08
08
07
0A
0A
07
07
01
01
01
01
01
01
01
01
01
01
03
01
03
01
03
01
03
01
07
01
01
01
01
01
01
01
01
01
01
01
01
01
01
01
01
01
01
01
01
01
01
01
01
01
01
01
01
01
01
01
01
01
01
01
01
01
01
01
01
01
01
01
01
0C
07
0C
07
01
0C
0C
0C
0C
0C
0C
0C
0C
0C
0C
07
0C
07
01
0C
07
0C
01
0C
01
01
0C
0C
0C
0C
0C
01
0C
0C
01
01
07
01
01
01
01
01
01
01
01
01
01
01
01
01
01
01
01
01
01
01
01
0011
0055
0057
0001
0043
0000002E
0001
0001
00000004
B8000C
B0
0000
0002
0044
00000006
0001
0000
0052
0047
0000000C
0001
0000
0004
004C
0028
0000
