07
09
09
0A
09
09
09
09
0A
0A
07
07
07
07
09
07
07
0A
0B
0B
07
07
07
0A
08
0A
0A
0A
0A
07
07
01
01
01
01
01
01
01
01
01
01
01
01
01
01
01
01
01
01
01
01
01
01
01
01
01
01
01
07
07
07
07
07
01
01
01
01
01
01
07
01
07
01
01
01
01
01
01
01
01
01
07
01
01
01
01
01
01
01
01
01
01
01
01
01
01
01
01
0C
0C
0C
0C
0C
0C
0C
0C
07
0C
01
01
01
01
0C
07
0C
0C
0C
01
01
01
01
0C
0C
0C
0C
07
01
01
01
01
01
01
01
01
01
01
01
01
01
01
01
01
01
01
01
01
01
1000
0030
0053
0001
0032
0000008A
0008
0009
00000010
2A
2B
2C
2D
1904
1905
1906
1907
B70004
B1
0000
0002
0033
00000006
0001
0000
00B4
0034
0000005C
0009
0000
0010
0035
0038
0000
0000
0010
004B
0021
0001
0000
0010
0054
0023
0002
0000
0010
0055
0025
0003
0000
0010
0056
0027
0004
0000
0010
0057
0027
0005
0000
0010
0058
002D
0006
0000
0010
0059
002F
0007
0000
0010
005A
005B
0008
