01
07
01
07
01
01
01
01
08
01
07
01
01
0C
0A
01
0C
0A
01
0C
09
01
01
01
01
01
01
01
0C
0A
01
01
0C
0A
01
01
01
08
01
07
01
01
0C
0A
0F
01
0C
12
01
01
01
07
0C
0A
01
01
01
01
01
0C
0A
01
01
01
01
01
01
07
01
01
0C
09
01
07
01
07
01
01
0C
0B
01
01
01
01
01
01
01
07
01
0C
09
01
01
0C
0A
01
07
01
01
0C
0A
01
01
01
01
01
01
07
01
0C
0A
01
01
0C
09
01
01
01
03
03
01
03
01
03
01
01
01
01
01
01
01
01
07
01
07
01
01
01
01
01
01
01
01
01
01
01
01
01
01
1009
001F
0020
0001
008D
00000026
0002
0004
00000011
1C
04
7E
990008
2A
B40015
4C
2A
2B
B60022
B0
0000
0001
0091
00000003
0001
0B
