07
01
09
0C
01
01
09
0C
01
09
0C
01
09
0C
01
09
0C
01
09
0C
01
09
0C
01
01
0A
07
0C
01
01
0A
07
0C
01
01
01
0A
0C
01
01
09
0C
01
01
0A
07
0C
01
01
0A
0C
01
01
0A
0C
01
01
07
01
12
0C
01
01
0A
0C
01
08
08
01
0A
0C
01
08
08
01
08
08
01
08
08
01
08
08
01
08
08
01
0A
0C
01
01
01
01
01
01
01
01
01
01
01
01
01
01
01
01
01
01
01
01
01
01
01
01
01
01
07
01
01
08
01
0F
0A
07
0C
01
01
01
01
07
01
07
01
01
0009
0023
005D
0002
005B
00000034
0002
0001
0000000A
1201
2A
B8001F
C00001
B0
0000
0002
005C
00000006
0001
0000
0082
005E
0000000C
0001
0000
000A
005F
002C
0000
0060
00000005
01
005F
8000
