0A
09
09
09
09
09
09
09
09
09
09
09
09
09
09
09
09
09
09
09
09
09
0A
09
07
0A
08
07
0A
0A
08
08
08
08
0A
08
0A
08
0A
08
08
08
08
08
08
08
0A
0A
07
01
01
01
01
01
01
01
01
01
01
01
01
01
01
01
01
01
01
01
01
01
01
01
01
01
01
01
01
01
01
01
01
01
01
01
01
01
01
01
01
01
01
01
01
01
01
01
01
01
01
01
01
01
01
01
01
01
01
01
01
01
01
01
01
01
01
01
01
01
01
01
01
01
01
01
01
01
01
01
01
01
01
01
01
01
01
01
01
01
01
01
01
01
01
01
01
01
01
01
0C
0C
0C
0C
0C
0C
0C
0C
0C
0C
0C
0C
0C
0C
0C
0C
0C
0C
0C
0C
0C
0C
07
0C
0C
01
0C
01
01
07
0C
0C
01
01
01
01
0C
01
0C
01
0C
01
01
01
01
01
01
01
0C
0C
01
01
01
01
01
01
01
01
01
01
01
01
01
0001
0075
0076
0001
0050
0000003E
0002
0002
00000006
2A
2B
B5000F
B1
0000
0002
0051
0000000A
0002
0000
0168
0005
0169
0052
00000016
0002
0000
0006
0053
0054
0000
0000
0006
0032
0033
0001
