0A
09
09
09
09
09
09
09
09
09
09
09
09
09
09
09
09
09
09
09
09
09
09
09
09
09
09
0A
0B
0A
0A
0A
0A
07
0A
0B
0A
07
01
07
01
01
01
01
01
01
01
01
01
01
01
01
01
01
01
01
01
01
01
01
01
01
01
01
01
01
01
01
01
01
01
01
01
01
01
01
01
01
01
01
01
01
01
01
01
01
01
01
01
01
01
01
01
01
01
01
01
01
01
01
01
01
01
01
01
01
01
01
01
01
01
01
01
01
01
01
01
01
01
01
01
01
01
01
01
01
01
01
01
01
01
01
01
01
01
01
01
01
01
01
01
01
01
01
01
01
01
01
01
01
01
01
01
01
01
01
01
01
07
0C
0C
0C
0C
0C
0C
0C
0C
0C
0C
0C
0C
0C
0C
0C
0C
0C
0C
0C
0C
0C
0C
0C
0C
0C
0C
0C
07
0C
07
07
0C
0C
01
0C
01
01
01
01
01
01
01
01
01
01
0000
006D
005C
0001
0052
0000003F
0002
0002
00000007
2A
2B
B50011
2A
B0
0000
0002
0053
0000000A
0002
0000
0BFA
0005
0BFB
0054
00000016
0002
0000
0007
0055
0057
0000
0000
0007
0060
002D
0001
